Ground Truth	Predictions
0.111925	0.499088
0.111925	0.364606
0.111925	0.298498
0.111925	0.295970
0.171172	0.438415
0.171172	0.290491
0.171172	0.431392
0.171172	0.300822
0.171172	0.419270
0.171172	0.297842
0.171172	0.330226
0.127330	0.413768
0.127330	0.313139
0.127330	0.331037
0.127330	0.376612
0.127330	0.375576
0.127330	0.369263
0.127330	0.367205
0.087454	0.392632
0.087454	0.375731
0.087454	0.372764
0.087454	0.389584
0.120803	0.417358
0.120803	0.452279
0.120803	0.462590
0.120803	0.428737
0.120803	0.433297
0.120803	0.473539
0.120803	0.457154
0.120803	0.436074
0.120803	0.421895
0.069751	0.412877
0.069751	0.445631
0.069751	0.433816
0.069751	0.399816
0.069751	0.425198
0.069751	0.469066
0.069751	0.523647
0.086476	0.362833
0.086476	0.379953
0.086476	0.360660
0.086476	0.367242
0.086476	0.412344
0.086476	0.429444
0.086476	0.468303
0.086476	0.469208
0.177570	0.374202
0.177570	0.386271
0.177570	0.383349
0.177570	0.396692
0.177570	0.408292
0.177570	0.387069
0.177570	0.396178
0.177570	0.392335
0.177570	0.279743
0.177570	0.339159
0.177570	0.288847
0.071975	0.289931
0.071975	0.300900
0.071975	0.275552
0.071975	0.401894
0.071975	0.303425
0.071975	0.420022
0.071975	0.294672
0.071975	0.274909
0.071975	0.394540
0.071975	0.464583
0.071975	0.477791
0.071975	0.460074
0.030892	0.463811
0.030892	0.502582
0.030892	0.301368
0.030892	0.307524
0.030892	0.298549
0.183667	0.305787
0.183667	0.328409
0.183667	0.458047
0.183667	0.404956
0.183667	0.308525
0.183667	0.333645
0.183667	0.307004
0.183667	0.312575
0.183667	0.389437
0.183667	0.425789
0.183667	0.430644
0.150314	0.349473
0.150314	0.371240
0.150314	0.338948
0.150314	0.364395
0.150314	0.397004
0.150314	0.375506
0.150314	0.472297
0.150314	0.500861
0.150314	0.472306
0.150314	0.481001
0.150314	0.473440
0.049333	0.478780
0.049333	0.507475
0.049333	0.473778
0.049333	0.479952
0.049333	0.471557
0.049333	0.476545
0.042667	0.493058
0.042667	0.512871
0.042667	0.500692
0.042667	0.489183
0.042667	0.486025
0.042667	0.506104
0.042667	0.494212
0.081816	0.441649
0.081816	0.461172
0.081816	0.439772
0.081816	0.459288
0.081816	0.495060
0.081816	0.482079
0.162850	0.475482
0.162850	0.491855
0.162850	0.446505
0.162850	0.468016
0.162850	0.481711
0.162850	0.449521
0.162850	0.460042
0.294662	0.500973
0.294662	0.422516
0.294662	0.461366
0.294662	0.451283
0.294662	0.439307
0.294662	0.443768
0.294662	0.466428
0.294662	0.449914
0.121942	0.458669
0.121942	0.495227
0.121942	0.504886
0.121942	0.466498
0.121942	0.444430
0.121942	0.434227
0.098798	0.298785
0.098798	0.301586
0.098798	0.302846
0.098798	0.302756
0.098798	0.301795
0.098798	0.401163
0.098798	0.437677
0.098798	0.310104
0.119527	0.325465
0.119527	0.313954
0.119527	0.311576
0.119527	0.329813
0.119527	0.357662
0.119527	0.368148
0.119527	0.431559
0.119527	0.463306
0.119527	0.461160
0.424660	0.469455
0.424660	0.531456
0.424660	0.521168
0.424660	0.450083
0.424660	0.476616
0.424660	0.447616
0.424660	0.456118
0.424660	0.491392
0.424660	0.510556
0.221572	0.474295
0.221572	0.468335
0.221572	0.444884
0.221572	0.468363
0.221572	0.499589
0.221572	0.457080
0.221572	0.474514
0.221572	0.519178
0.221572	0.406698
0.221572	0.447337
0.221572	0.423960
0.387648	0.456913
0.387648	0.443892
0.387648	0.425646
0.387648	0.520156
0.387648	0.490223
0.387648	0.416168
0.387648	0.466529
0.387648	0.421328
0.211845	0.446568
0.211845	0.471076
0.211845	0.466229
0.211845	0.441574
0.211845	0.429784
0.211845	0.456403
0.211845	0.465761
0.211845	0.476926
0.441487	0.546032
0.441487	0.513884
0.441487	0.504892
0.441487	0.480591
0.441487	0.506138
0.441487	0.467144
0.441487	0.610690
0.441487	0.425594
0.441487	0.319823
0.441487	0.440271
0.441487	0.431331
0.480052	0.411819
0.480052	0.537514
0.480052	0.477244
0.480052	0.506161
0.554193	0.471976
0.554193	0.471215
0.554193	0.523674
0.554193	0.480200
0.554193	0.471946
0.554193	0.506911
0.425747	0.479049
0.425747	0.450286
0.425747	0.381572
0.425747	0.379735
0.425747	0.525317
0.425747	0.416817
0.174335	0.528098
0.174335	0.508781
0.174335	0.328125
0.174335	0.330429
0.174335	0.329470
0.174335	0.331075
0.174335	0.362497
0.174335	0.470547
0.174335	0.378394
0.249570	0.353631
0.249570	0.405261
0.249570	0.349877
0.249570	0.359703
0.249570	0.391216
0.249570	0.460419
0.249570	0.479140
0.249570	0.464420
0.249570	0.490436
0.244116	0.470006
0.244116	0.487960
0.244116	0.546147
0.244116	0.324129
0.244116	0.348999
0.244116	0.328717
0.244116	0.332927
0.156196	0.375221
0.156196	0.332249
0.156196	0.448643
0.156196	0.474615
0.156196	0.479257
0.156196	0.475930
0.254779	0.485062
0.254779	0.508027
0.254779	0.497044
0.254779	0.499759
0.254779	0.535667
0.254779	0.458696
0.254779	0.487792
0.254779	0.463362
0.254779	0.466760
0.254779	0.494513
0.254779	0.513717
0.240615	0.476667
0.240615	0.502550
0.240615	0.459590
0.240615	0.369024
0.240615	0.428955
0.240615	0.358611
0.240615	0.360773
0.240615	0.460475
0.148808	0.451577
0.148808	0.448928
0.148808	0.426779
0.148808	0.441227
0.148808	0.307732
0.148808	0.312337
0.148808	0.312973
0.148808	0.310412
0.148808	0.322072
0.148808	0.342679
0.148808	0.352027
0.091609	0.453943
0.091609	0.459802
0.091609	0.457613
0.091609	0.448546
0.091609	0.487101
0.091609	0.473531
0.091609	0.462231
0.091609	0.507726
0.528559	0.489481
0.528559	0.359459
0.528559	0.428043
0.528559	0.367257
0.528559	0.368989
0.528559	0.468404
0.528559	0.462782
0.528559	0.432354
0.528559	0.429432
0.528559	0.448589
0.528559	0.331194
0.211004	0.437557
0.211004	0.331830
0.211004	0.355811
0.211004	0.428262
0.211004	0.464413
0.211004	0.412309
0.211004	0.464184
0.211004	0.337466
0.211004	0.352624
0.044904	0.339213
0.044904	0.348071
0.044904	0.381955
0.044904	0.347303
0.044904	0.407254
0.044904	0.486502
0.044904	0.333162
0.044904	0.343424
0.044904	0.350386
0.063559	0.350293
0.063559	0.408008
0.063559	0.381959
0.063559	0.491107
0.063559	0.466508
0.063559	0.298768
0.063559	0.307568
0.063559	0.287416
0.061609	0.290875
0.061609	0.425905
0.061609	0.416636
0.061609	0.295750
0.061609	0.327275
0.061609	0.289969
0.061609	0.300619
0.050902	0.421898
0.050902	0.304757
0.050902	0.321296
0.050902	0.348243
0.050902	0.336528
0.050902	0.361906
0.050902	0.353050
0.115075	0.350434
0.115075	0.483744
0.115075	0.456794
0.115075	0.314667
0.115075	0.365045
0.115075	0.336950
0.115075	0.385637
0.115075	0.428797
0.115075	0.424113
0.115075	0.421791
0.115075	0.407417
0.128178	0.430119
0.128178	0.365423
0.128178	0.431471
0.128178	0.383156
0.128178	0.415175
0.128178	0.427794
0.128178	0.412271
0.128178	0.409617
0.033898	0.409420
0.033898	0.418235
0.033898	0.324173
0.033898	0.407147
0.033898	0.311639
0.053964	0.408746
0.053964	0.410591
0.053964	0.408834
0.053964	0.400555
0.053964	0.407340
0.053964	0.403828
0.053964	0.265009
0.053964	0.276895
0.176907	0.267683
0.176907	0.272412
0.176907	0.289799
0.176907	0.271087
0.176907	0.294505
0.176907	0.396352
0.176907	0.287334
0.176907	0.404183
0.057086	0.271501
0.057086	0.275209
0.057086	0.271689
0.057086	0.340387
0.057086	0.298313
0.057086	0.418753
0.057086	0.411811
0.057086	0.419279
0.034193	0.399904
0.034193	0.300594
0.034193	0.403856
0.034193	0.294740
0.034193	0.414771
0.034193	0.433305
0.034193	0.396895
0.034193	0.402455
0.034193	0.425569
0.101695	0.409972
0.101695	0.483696
0.101695	0.452382
0.101695	0.384130
0.101695	0.388308
0.101695	0.427547
0.101695	0.456380
0.101695	0.442288
0.101695	0.328560
0.058097	0.404131
0.058097	0.323121
0.058097	0.330785
0.058097	0.463126
0.058097	0.428641
0.058097	0.409890
0.058097	0.358399
0.058097	0.368877
0.036270	0.447408
0.036270	0.443077
0.036270	0.350218
0.036270	0.450808
0.036270	0.458808
0.036270	0.450670
0.027764	0.496313
0.027764	0.491873
0.027764	0.440365
0.027764	0.452516
0.027764	0.445168
0.027764	0.459095
0.027764	0.454133
0.027764	0.497670
0.046272	0.498651
0.046272	0.494156
0.046272	0.479409
0.046272	0.501289
0.046272	0.480325
0.046272	0.481861
0.046272	0.496465
0.046272	0.493919
0.038811	0.487030
0.038811	0.485598
0.038811	0.506452
0.038811	0.514608
0.038811	0.503319
0.038811	0.529529
0.038811	0.524602
0.037467	0.483772
0.037467	0.495997
0.037467	0.472346
0.037467	0.474565
0.037467	0.490722
0.037467	0.518986
0.037467	0.479526
0.037467	0.504841
0.067317	0.504096
0.067317	0.396246
0.067317	0.436146
0.067317	0.374843
0.067317	0.387493
0.067317	0.463141
0.067317	0.418296
0.067317	0.340900
0.032092	0.347949
0.032092	0.343894
0.032092	0.423759
0.032092	0.373094
0.032092	0.533940
0.032092	0.453256
0.032092	0.484229
0.032092	0.522187
0.050540	0.480170
0.050540	0.551833
0.050540	0.579802
0.050540	0.477168
0.050540	0.523522
0.050540	0.492781
0.050540	0.538490
0.050540	0.557022
0.044682	0.463591
0.044682	0.508921
0.044682	0.465886
0.044682	0.520407
0.044682	0.465245
0.044682	0.482506
0.044682	0.469931
0.044682	0.479631
0.044682	0.497731
0.044682	0.508586
0.044682	0.482140
0.052583	0.507381
0.052583	0.450339
0.052583	0.471443
0.052583	0.464810
0.052583	0.453678
0.052583	0.482042
0.052583	0.471369
0.150635	0.496703
0.150635	0.480894
0.150635	0.444885
0.150635	0.470501
0.150635	0.439055
0.150635	0.433336
0.150635	0.410305
0.118298	0.431639
0.118298	0.464510
0.118298	0.447385
0.118298	0.456739
0.118298	0.469297
0.118298	0.456955
0.034986	0.492386
0.034986	0.484375
0.034986	0.479220
0.034986	0.569685
0.034986	0.571214
0.034986	0.473223
0.034986	0.456316
0.069185	0.449045
0.069185	0.466971
0.069185	0.494207
0.069185	0.453194
0.069185	0.483211
0.069185	0.501477
0.069185	0.383525
0.069185	0.384633
0.069185	0.365917
0.196456	0.390521
0.196456	0.442627
0.196456	0.416417
0.196456	0.457102
0.196456	0.472324
0.196456	0.468612
0.196456	0.469408
0.196456	0.476907
0.036524	0.516165
0.036524	0.478151
0.036524	0.485954
0.036524	0.450486
0.036524	0.467019
0.036524	0.471663
0.036524	0.467355
0.050496	0.475529
0.050496	0.497285
0.050496	0.483396
0.050496	0.452937
0.050496	0.456119
0.050496	0.329282
0.050496	0.353384
0.050496	0.337573
0.050496	0.342194
0.048389	0.353307
0.048389	0.426471
0.048389	0.447367
0.048389	0.331898
0.048389	0.340461
0.048389	0.334582
0.389792	0.340123
0.389792	0.368440
0.389792	0.396654
0.389792	0.413650
0.389792	0.329499
0.389792	0.344271
0.389792	0.344895
0.389792	0.340527
0.389792	0.398952
0.389792	0.325653
0.389792	0.401710
0.389792	0.333594
0.389792	0.344330
0.389792	0.328859
0.258773	0.366200
0.258773	0.392763
0.258773	0.344204
0.258773	0.366261
0.258773	0.455808
0.258773	0.445939
0.258773	0.449546
0.258773	0.482399
0.258773	0.465192
0.258773	0.480450
0.258773	0.493987
0.258773	0.508345
0.102455	0.458972
0.102455	0.456707
0.102455	0.455142
0.102455	0.485039
0.102455	0.483613
0.102455	0.487449
0.102455	0.493778
0.102455	0.498281
0.188994	0.508834
0.188994	0.513476
0.188994	0.508106
0.188994	0.511982
0.188994	0.524268
0.188994	0.522068
0.188994	0.525988
0.188994	0.526602
0.188994	0.408008
0.206496	0.431742
0.206496	0.416255
0.206496	0.433664
0.206496	0.457723
0.206496	0.469947
0.206496	0.498994
0.083967	0.474727
0.083967	0.472030
0.083967	0.465338
0.083967	0.514096
0.083967	0.492791
0.083967	0.486796
0.083967	0.504242
0.083967	0.501654
0.120528	0.526825
0.120528	0.534773
0.120528	0.528714
0.120528	0.529987
0.120528	0.538395
0.120528	0.537093
0.120528	0.544969
0.120528	0.540460
0.120528	0.530456
0.149781	0.532200
0.149781	0.509950
0.149781	0.505460
0.149781	0.485693
0.149781	0.452051
0.149781	0.430092
0.149781	0.433777
0.149781	0.523485
0.149781	0.529036
0.094498	0.548250
0.094498	0.530678
0.094498	0.554405
0.094498	0.534152
0.094498	0.550375
0.094498	0.576657
0.094498	0.574178
0.094498	0.588504
0.117810	0.564764
0.117810	0.566906
0.117810	0.568764
0.117810	0.572285
0.117810	0.565016
0.117810	0.562664
0.117810	0.568997
0.117810	0.560512
0.195300	0.400300
0.195300	0.447632
0.195300	0.409542
0.195300	0.456943
0.195300	0.458253
0.195300	0.409401
0.195300	0.459461
0.195300	0.440218
0.216954	0.454787
0.216954	0.466368
0.216954	0.449808
0.216954	0.479985
0.216954	0.506234
0.216954	0.483611
0.216954	0.590149
0.216954	0.508415
0.216954	0.607494
0.216954	0.586481
0.216954	0.569478
0.264697	0.578436
0.264697	0.574154
0.264697	0.591418
0.264697	0.576291
0.264697	0.574959
0.264697	0.584733
0.264697	0.574241
0.264697	0.594885
0.264697	0.578438
0.232472	0.579098
0.232472	0.580856
0.232472	0.579358
0.232472	0.587048
0.232472	0.590446
0.232472	0.590926
0.232472	0.588369
0.232472	0.590849
0.266341	0.591471
0.266341	0.590044
0.266341	0.593475
0.266341	0.555464
0.266341	0.566473
0.266341	0.550024
0.266341	0.555557
0.266341	0.562888
0.266341	0.552287
0.101791	0.589709
0.101791	0.556047
0.101791	0.615201
0.101791	0.558740
0.101791	0.575588
0.101791	0.553645
0.306916	0.562418
0.306916	0.547864
0.306916	0.558627
0.306916	0.577361
0.306916	0.579524
0.065228	0.578406
0.065228	0.554419
0.065228	0.550187
0.065228	0.536946
0.065228	0.541859
0.065228	0.559892
0.065228	0.538339
0.065228	0.560853
0.065228	0.561263
0.078786	0.576873
0.078786	0.567736
0.078786	0.597814
0.078786	0.415447
0.078786	0.413589
0.078786	0.407621
0.078786	0.407913
0.078786	0.424991
0.120447	0.455502
0.120447	0.466882
0.120447	0.510033
0.120447	0.510658
0.120447	0.509376
0.215504	0.512927
0.215504	0.528693
0.215504	0.392289
0.215504	0.390888
0.215504	0.394997
0.215504	0.396669
0.215504	0.394504
0.215504	0.450980
0.215504	0.446307
0.308372	0.447423
0.308372	0.455823
0.308372	0.442298
0.308372	0.453189
0.308372	0.510281
0.271542	0.496446
0.271542	0.448356
0.271542	0.459208
0.271542	0.450629
0.271542	0.467990
0.271542	0.474579
0.271542	0.485177
0.271542	0.497104
0.251195	0.500966
0.251195	0.487205
0.251195	0.496887
0.251195	0.486302
0.251195	0.484153
0.251195	0.403675
0.251195	0.408897
0.251195	0.412229
0.251195	0.401828
0.251195	0.423849
0.251195	0.381933
0.251195	0.412901
0.186895	0.442965
0.186895	0.426035
0.186895	0.463658
0.186895	0.434132
0.186895	0.482806
0.186895	0.481325
0.186895	0.478854
0.186895	0.480588
0.216029	0.508282
0.216029	0.312351
0.216029	0.322743
0.216029	0.307776
0.216029	0.351176
0.216029	0.394265
0.216029	0.440441
0.216029	0.438184
0.216029	0.471570
0.216029	0.473291
0.216029	0.471857
0.332818	0.497878
0.332818	0.521363
0.332818	0.481555
0.332818	0.500817
0.332818	0.460823
0.332818	0.547956
0.332818	0.556259
0.065018	0.551094
0.065018	0.570512
0.065018	0.570510
0.065018	0.561567
0.065018	0.560046
0.065018	0.565842
0.065018	0.528153
0.065018	0.559788
0.108303	0.572054
0.108303	0.564366
0.108303	0.564839
0.108303	0.579653
0.108303	0.577057
0.108303	0.577814
0.108303	0.558544
0.088416	0.523511
0.088416	0.490850
0.088416	0.463826
0.088416	0.463197
0.088416	0.485019
0.088416	0.496095
0.088416	0.492337
0.171979	0.486451
0.171979	0.513915
0.171979	0.409582
0.171979	0.416164
0.171979	0.408433
0.171979	0.410271
0.171979	0.423419
0.171979	0.415069
0.197679	0.405683
0.197679	0.409861
0.197679	0.404854
0.197679	0.334368
0.197679	0.342620
0.197679	0.340584
0.197679	0.343352
0.197679	0.374298
0.197679	0.326946
0.197679	0.365581
0.197679	0.375348
0.223206	0.369990
0.223206	0.357908
0.223206	0.336333
0.223206	0.438920
0.223206	0.470516
0.223206	0.446205
0.223206	0.450850
0.223206	0.342982
0.282069	0.338176
0.282069	0.351730
0.282069	0.357477
0.282069	0.342008
0.282069	0.359847
0.282069	0.378440
0.282069	0.354717
0.282069	0.365980
0.282069	0.358360
0.282069	0.360677
0.282069	0.381113
0.378726	0.432115
0.378726	0.411322
0.378726	0.356719
0.378726	0.347923
0.378726	0.353896
0.378726	0.358672
0.378726	0.361835
0.378726	0.330582
0.533765	0.341535
0.533765	0.357036
0.533765	0.377997
0.533765	0.371189
0.533765	0.350634
0.533765	0.424572
0.533765	0.377257
0.533765	0.375892
0.533765	0.372528
0.533765	0.370696
0.533765	0.449946
0.574817	0.410465
0.574817	0.474597
0.574817	0.480512
0.574817	0.473778
0.574817	0.488199
0.574817	0.489829
0.574817	0.497786
0.574817	0.351463
0.574817	0.397676
0.574817	0.344324
0.326635	0.489461
0.326635	0.365122
0.326635	0.518184
0.326635	0.468642
0.326635	0.604235
0.326635	0.614287
0.326635	0.613656
0.326635	0.628874
0.224695	0.608239
0.224695	0.609327
0.224695	0.595430
0.224695	0.600551
0.224695	0.608696
0.224695	0.411048
0.224695	0.435400
0.224695	0.408968
0.157421	0.429268
0.157421	0.383898
0.157421	0.389538
0.157421	0.386918
0.157421	0.395117
0.157421	0.411157
0.157421	0.418246
0.155233	0.423886
0.155233	0.432581
0.155233	0.438773
0.155233	0.367614
0.155233	0.365654
0.155233	0.363753
0.155233	0.388316
0.155233	0.430354
0.139295	0.426841
0.139295	0.403963
0.139295	0.423789
0.139295	0.338796
0.139295	0.340933
0.139295	0.338417
0.139295	0.345781
0.172858	0.362027
0.172858	0.340992
0.172858	0.374398
0.172858	0.357148
0.172858	0.377071
0.172858	0.351096
0.172858	0.344685
0.047085	0.403690
0.047085	0.345850
0.047085	0.340060
0.047085	0.342178
0.047085	0.357042
0.047085	0.387462
0.047085	0.419665
0.047085	0.412726
0.086373	0.479546
0.086373	0.479970
0.086373	0.474741
0.086373	0.475301
0.086373	0.487987
0.152572	0.452649
0.152572	0.449854
0.152572	0.445415
0.152572	0.434436
0.152572	0.449070
0.152572	0.450546
0.152572	0.433997
0.152572	0.425627
0.152572	0.412934
0.033231	0.411737
0.033231	0.435869
0.033231	0.368645
0.033231	0.372521
0.081918	0.359465
0.081918	0.400120
0.081918	0.388405
0.081918	0.409095
0.081918	0.404144
0.081918	0.421794
0.081918	0.406973
0.267668	0.392932
0.267668	0.437683
0.267668	0.386227
0.267668	0.432156
0.267668	0.349852
0.267668	0.388305
0.267668	0.375232
0.267668	0.397157
0.055085	0.390996
0.055085	0.392409
0.055085	0.384408
0.055085	0.391775
0.055085	0.379845
0.055085	0.397027
0.055085	0.412327
0.055085	0.392008
0.055085	0.411333
0.049904	0.463153
0.049904	0.471203
0.049904	0.466622
0.049904	0.458682
0.049904	0.484217
0.049904	0.347879
0.049904	0.340086
0.049904	0.340819
0.049904	0.362333
0.049904	0.396303
0.049904	0.343891
0.049904	0.395854
0.156959	0.377415
0.156959	0.387586
0.156959	0.421602
0.156959	0.421703
0.156959	0.441913
0.156959	0.450889
0.156959	0.440679
0.156959	0.440988
0.156959	0.469609
0.205058	0.476838
0.205058	0.446048
0.205058	0.446572
0.205058	0.436527
0.205058	0.418614
0.205058	0.432303
0.205058	0.440982
0.205058	0.439772
0.205058	0.429419
0.053134	0.409113
0.053134	0.437130
0.053134	0.385037
0.053134	0.401010
0.053134	0.397316
0.053134	0.403393
0.047242	0.402225
0.047242	0.404819
0.047242	0.415715
0.047242	0.407789
0.047242	0.392608
0.047242	0.420583
0.047242	0.429299
0.047242	0.380684
0.047242	0.358928
0.047242	0.361966
0.047242	0.413226
0.062118	0.407621
0.062118	0.403602
0.062118	0.381165
0.062118	0.404833
0.062118	0.387840
0.062118	0.581390
0.062118	0.582460
0.062118	0.581342
0.044825	0.584279
0.044825	0.576642
0.044825	0.568814
0.044825	0.574297
0.044825	0.585836
0.044825	0.592766
0.044825	0.590670
0.113438	0.589157
0.113438	0.593830
0.113438	0.601219
0.113438	0.602052
0.113438	0.600776
0.113438	0.601119
0.113438	0.599857
0.057594	0.496169
0.057594	0.500650
0.057594	0.509365
0.057594	0.585418
0.057594	0.477127
0.057594	0.534156
0.057594	0.571485
0.104441	0.527241
0.104441	0.588166
0.104441	0.555484
0.104441	0.583182
0.104441	0.586712
0.104441	0.587868
0.124834	0.598194
0.124834	0.596603
0.124834	0.593592
0.124834	0.604778
0.124834	0.607265
0.124834	0.606034
0.124834	0.604802
0.124834	0.604194
0.124834	0.602806
0.051363	0.594460
0.051363	0.597219
0.051363	0.568990
0.051363	0.571521
0.051363	0.596580
0.051363	0.584475
0.051363	0.589402
0.051363	0.601691
0.043579	0.596579
0.043579	0.592735
0.043579	0.569367
0.043579	0.579141
0.043579	0.592191
0.043579	0.604484
0.043579	0.597826
0.186733	0.596199
0.186733	0.593125
0.186733	0.602020
0.186733	0.556574
0.186733	0.579139
0.186733	0.519498
0.186733	0.522475
0.186733	0.591598
0.186733	0.583062
0.026418	0.584306
0.026418	0.588770
0.026418	0.444588
0.026418	0.419744
0.026418	0.417673
0.026418	0.422035
0.026418	0.426106
0.026418	0.443059
0.026418	0.586285
0.026418	0.511248
0.026418	0.410102
0.026418	0.410570
0.070299	0.411405
0.070299	0.586877
0.070299	0.586698
0.070299	0.584044
0.070299	0.594439
0.070299	0.485252
0.070299	0.541243
0.070299	0.478646
0.070299	0.588853
0.070299	0.588575
0.070299	0.595096
0.030225	0.597728
0.030225	0.597859
0.030225	0.593958
0.030225	0.445954
0.030225	0.446437
0.030225	0.443596
0.030225	0.446189
0.030225	0.496583
0.118459	0.447873
0.118459	0.502982
0.118459	0.483354
0.118459	0.468997
0.118459	0.481627
0.118459	0.574806
0.118459	0.516169
0.118459	0.575282
0.071872	0.583094
0.071872	0.506582
0.071872	0.486821
0.071872	0.482342
0.071872	0.494475
0.071872	0.542821
0.071872	0.523624
0.071872	0.564820
0.071872	0.551925
0.071872	0.480204
0.071872	0.482377
0.129785	0.482256
0.129785	0.484263
0.129785	0.489384
0.129785	0.497514
0.129785	0.536067
0.129785	0.502562
0.129785	0.499306
0.129785	0.502021
0.129785	0.514523
0.129785	0.516314
0.129785	0.523857
0.053641	0.558462
0.053641	0.551158
0.053641	0.557349
0.053641	0.556081
0.053641	0.561976
0.053641	0.560175
0.053641	0.556526
0.053641	0.551871
0.053641	0.564713
0.053641	0.552803
0.053641	0.543310
0.053641	0.525031
0.059053	0.532825
0.059053	0.559056
0.059053	0.564616
0.059053	0.560692
0.059053	0.690331
0.059053	0.563129
0.059053	0.555631
0.059053	0.562441
0.162563	0.555958
0.162563	0.570324
0.162563	0.553549
0.162563	0.558817
0.162563	0.553816
0.162563	0.577290
0.172688	0.589370
0.172688	0.570778
0.172688	0.546969
0.172688	0.562002
0.172688	0.553183
0.172688	0.563004
0.172688	0.567603
0.172688	0.567940
0.172688	0.579541
0.172688	0.579580
0.172688	0.584126
0.124838	0.590379
0.124838	0.588083
0.124838	0.583270
0.124838	0.584847
0.124838	0.585181
0.124838	0.580926
0.124838	0.578764
0.124838	0.600733
0.119758	0.551187
0.119758	0.569218
0.119758	0.550294
0.119758	0.542046
0.119758	0.567174
0.119758	0.581702
0.166071	0.581969
0.166071	0.535523
0.166071	0.568964
0.166071	0.549267
0.166071	0.551374
0.166071	0.586114
0.166071	0.584258
0.166071	0.586141
0.190431	0.582133
0.190431	0.580961
0.190431	0.570158
0.190431	0.576712
0.190431	0.588035
0.190431	0.588512
0.190431	0.591480
0.190431	0.587758
0.190431	0.588428
0.190431	0.525004
0.190431	0.509670
0.170487	0.486431
0.170487	0.493551
0.170487	0.514890
0.170487	0.570902
0.170487	0.562298
0.170487	0.455596
0.170487	0.469640
0.170487	0.458436
0.103620	0.462088
0.103620	0.496731
0.103620	0.579555
0.103620	0.566662
0.103620	0.571816
0.103620	0.585996
0.103620	0.573373
0.103620	0.586687
0.145877	0.592572
0.145877	0.594056
0.145877	0.594366
0.145877	0.583597
0.145877	0.596356
0.145877	0.599508
0.145877	0.596239
0.145877	0.475843
0.132633	0.495400
0.132633	0.466009
0.132633	0.473986
0.132633	0.536064
0.132633	0.583051
0.132633	0.584240
0.132633	0.568920
0.132633	0.453014
0.358641	0.465063
0.358641	0.453678
0.358641	0.461691
0.358641	0.464031
0.358641	0.527641
0.358641	0.534306
0.358641	0.464580
0.358641	0.480711
0.358641	0.492124
0.148359	0.536559
0.148359	0.579631
0.148359	0.515810
0.148359	0.603633
0.148359	0.582353
0.148359	0.440883
0.148359	0.487825
0.148359	0.440457
0.148359	0.453078
0.148359	0.578867
0.154310	0.585003
0.154310	0.532530
0.154310	0.548584
0.154310	0.514003
0.154310	0.547883
0.154310	0.566444
0.163386	0.521608
0.163386	0.569603
0.163386	0.562761
0.163386	0.453589
0.163386	0.460480
0.163386	0.465563
0.163386	0.469070
0.163386	0.555932
0.096359	0.478305
0.096359	0.477989
0.096359	0.574355
0.096359	0.499345
0.096359	0.578860
0.096359	0.506241
0.096359	0.530671
0.096359	0.586121
0.092635	0.590695
0.092635	0.591202
0.092635	0.591258
0.092635	0.586237
0.092635	0.437403
0.092635	0.543822
0.092635	0.438747
0.092635	0.560003
0.092635	0.560311
0.092635	0.587914
0.092635	0.577219
0.214430	0.587389
0.214430	0.586348
0.214430	0.430706
0.214430	0.431152
0.113241	0.429338
0.113241	0.429398
0.113241	0.444755
0.113241	0.439335
0.113241	0.450042
0.113241	0.490196
0.113241	0.426499
0.113241	0.428195
0.113241	0.423310
0.113241	0.471658
0.465529	0.525784
0.465529	0.430143
0.465529	0.568946
0.465529	0.585915
0.465529	0.589602
0.465529	0.604503
0.465529	0.606271
0.465529	0.422156
0.060641	0.563609
0.060641	0.450963
0.060641	0.599195
0.060641	0.603519
0.148339	0.615865
0.148339	0.403610
0.148339	0.575062
0.148339	0.402044
0.148339	0.609772
0.148339	0.404242
0.218805	0.522191
0.218805	0.592740
0.218805	0.483613
0.218805	0.407147
0.218805	0.410693
0.218805	0.412317
0.218805	0.414631
0.218805	0.591243
0.040340	0.593211
0.040340	0.599924
0.040340	0.416346
0.040340	0.418431
0.040340	0.418014
0.040340	0.538235
0.040340	0.424489
0.040340	0.428519
0.171806	0.436946
0.171806	0.522294
0.171806	0.582220
0.171806	0.520425
0.171806	0.594543
0.171806	0.571064
0.171806	0.557630
0.016208	0.595009
0.016208	0.587699
0.016208	0.598017
0.016208	0.592489
0.016208	0.540549
0.016208	0.582085
0.016208	0.494596
0.016208	0.514402
0.024960	0.565228
0.024960	0.499352
0.024960	0.502089
0.024960	0.588037
0.024960	0.568451
0.024960	0.548028
0.020365	0.559844
0.020365	0.570890
0.020365	0.571915
0.020365	0.575768
0.020365	0.568284
0.020365	0.565413
0.020365	0.574464
0.020365	0.581978
0.021766	0.580642
0.021766	0.575617
0.021766	0.576571
0.021766	0.584551
0.021766	0.575824
0.021766	0.564326
0.021766	0.527537
0.028249	0.531493
0.028249	0.575550
0.028249	0.570688
0.028249	0.560058
0.028249	0.514713
0.028249	0.530442
0.028249	0.512870
0.028249	0.526662
0.012455	0.538579
0.012455	0.571389
0.012455	0.538425
0.012455	0.559936
0.012455	0.569009
0.012455	0.553832
0.012455	0.563158
0.012455	0.552040
0.012455	0.556068
0.039658	0.542562
0.039658	0.543312
0.039658	0.557837
0.039658	0.555699
0.039658	0.556405
0.039658	0.558367
0.039658	0.555669
0.025681	0.556386
0.025681	0.561711
0.025681	0.560395
0.025681	0.559481
0.025681	0.565400
0.025681	0.564994
0.025681	0.570032
0.025681	0.571137
0.031820	0.525641
0.031820	0.536945
0.031820	0.523163
0.031820	0.532213
0.031820	0.541721
0.031820	0.568730
0.031820	0.563873
0.031820	0.563401
0.031820	0.566326
0.054708	0.564597
0.054708	0.570879
0.054708	0.565663
0.054708	0.563794
0.054708	0.567725
0.054708	0.564579
0.054708	0.546175
0.054708	0.555174
0.048602	0.556352
0.048602	0.563406
0.048602	0.554037
0.048602	0.558305
0.031932	0.561929
0.031932	0.565062
0.031932	0.557909
0.031932	0.569526
0.031932	0.570672
0.031932	0.575070
0.031932	0.574893
0.031932	0.574110
0.031932	0.541425
0.031932	0.556528
0.031932	0.554145
0.031932	0.562031
0.022425	0.561792
0.022425	0.553706
0.022425	0.565957
0.022425	0.583048
0.022425	0.487704
0.022425	0.497944
0.022425	0.491100
0.022425	0.521606
0.022425	0.498353
0.057249	0.542726
0.057249	0.531274
0.057249	0.575300
0.057249	0.579145
0.057249	0.581819
0.057249	0.585882
0.057249	0.578525
0.057249	0.532167
0.042975	0.562801
0.042975	0.561926
0.042975	0.600556
0.042975	0.585044
0.042975	0.574838
0.038781	0.579655
0.038781	0.572889
0.038781	0.586482
0.038781	0.587292
0.038781	0.591320
0.038781	0.584529
0.038781	0.591968
0.038781	0.578109
0.038781	0.588703
0.038781	0.573233
0.038781	0.574653
0.044496	0.573636
0.044496	0.575772
0.044496	0.571408
0.044496	0.565476
0.044496	0.564450
0.044496	0.561615
0.044496	0.567130
0.044496	0.577867
0.044496	0.580408
0.044496	0.585708
0.044496	0.585757
0.043746	0.565881
0.043746	0.556709
0.043746	0.551420
0.043746	0.559755
0.043746	0.571570
0.043746	0.488126
0.043746	0.492367
0.043746	0.493100
0.042910	0.496976
0.042910	0.516683
0.042910	0.490719
0.042910	0.493615
0.042910	0.503020
0.042910	0.499132
0.034466	0.508367
0.034466	0.498821
0.034466	0.508813
0.034466	0.486653
0.034466	0.489258
0.034466	0.489160
0.034466	0.490723
0.034466	0.522029
0.015744	0.482767
0.015744	0.533124
0.015744	0.528719
0.015744	0.554646
0.015744	0.528629
0.015744	0.490198
0.015744	0.541089
0.015744	0.556018
0.055097	0.556796
0.055097	0.555284
0.055097	0.557808
0.055097	0.556011
0.055097	0.556446
0.055097	0.555897
0.055097	0.554631
0.055097	0.561651
0.055097	0.533892
0.055097	0.528812
0.055097	0.523007
0.055097	0.556126
0.038790	0.555870
0.038790	0.555968
0.038790	0.566237
0.038790	0.566856
0.038790	0.554459
0.038790	0.565065
0.038790	0.554551
0.038790	0.560420
0.038790	0.554882
0.038790	0.559358
0.038790	0.553773
0.038790	0.562401
0.023928	0.553336
0.023928	0.558214
0.023928	0.565363
0.023928	0.564324
0.023928	0.528690
0.023928	0.530970
0.023928	0.522286
0.023928	0.528919
0.021653	0.533569
0.021653	0.523043
0.021653	0.527270
0.021653	0.544748
0.021653	0.563326
0.021653	0.549274
0.021653	0.521680
0.021653	0.522256
0.035742	0.515787
0.035742	0.520579
0.035742	0.525933
0.035742	0.529433
0.035742	0.459468
0.035742	0.465292
0.048643	0.463157
0.048643	0.487678
0.048643	0.496024
0.048643	0.453952
0.048643	0.499157
0.048643	0.461377
0.048643	0.526394
0.080834	0.461832
0.080834	0.497140
0.080834	0.519732
0.080834	0.507381
0.080834	0.519517
0.080834	0.540383
0.080834	0.545864
0.080834	0.543684
0.080834	0.547946
0.035005	0.553596
0.035005	0.552018
0.035005	0.551779
0.035005	0.553021
0.035005	0.533469
0.035005	0.543205
0.035005	0.535600
0.035005	0.554329
0.058621	0.552910
0.058621	0.571336
0.058621	0.577366
0.058621	0.526349
0.058621	0.525967
0.058621	0.517684
0.058621	0.519904
0.058621	0.535036
0.058621	0.514806
0.043650	0.520331
0.043650	0.506011
0.043650	0.508098
0.043650	0.523132
0.043650	0.523133
0.043650	0.517767
0.043650	0.517250
0.043650	0.537338
0.028122	0.569400
0.028122	0.577828
0.028122	0.576755
0.028122	0.579340
0.028122	0.566462
0.028122	0.574418
0.028122	0.568948
0.028122	0.574131
0.028122	0.574381
0.055545	0.583351
0.055545	0.574569
0.055545	0.583401
0.055545	0.562183
0.055545	0.565390
0.055545	0.564352
0.055545	0.571900
0.055545	0.565900
0.055545	0.567317
0.039538	0.573021
0.039538	0.570189
0.039538	0.501085
0.039538	0.518010
0.039538	0.519959
0.039538	0.536107
0.039538	0.514557
0.039538	0.564642
0.060216	0.547564
0.060216	0.544216
0.060216	0.564400
0.060216	0.569755
0.060216	0.590424
0.060216	0.585523
0.060216	0.577799
0.060216	0.585347
0.048083	0.583893
0.048083	0.590119
0.048083	0.588041
0.048083	0.595836
0.048083	0.587277
0.051030	0.587828
0.051030	0.593047
0.051030	0.596099
0.051030	0.594316
0.051030	0.587289
0.051030	0.588952
0.051030	0.590701
0.051030	0.592114
0.051030	0.585703
0.060028	0.582164
0.060028	0.594854
0.060028	0.587055
0.060028	0.595577
0.060028	0.579047
0.060028	0.580630
0.079568	0.577653
0.079568	0.587902
0.079568	0.501379
0.079568	0.528863
0.079568	0.491609
0.079568	0.496330
0.079568	0.547735
0.040908	0.590307
0.040908	0.605827
0.040908	0.581018
0.040908	0.566782
0.022409	0.575294
0.022409	0.593239
0.022409	0.585196
0.022409	0.568731
0.022409	0.585107
0.022409	0.568816
0.022409	0.543681
0.022409	0.553663
0.022409	0.543017
0.025470	0.546270
0.025470	0.580957
0.025470	0.574078
0.025470	0.581005
0.025470	0.581576
0.025470	0.592146
0.025470	0.593862
0.038900	0.591792
0.038900	0.595343
0.038900	0.596580
0.038900	0.597418
0.038900	0.595139
0.038900	0.597369
0.038900	0.412103
0.038900	0.411200
0.022615	0.400308
0.022615	0.496886
0.022615	0.428256
0.022615	0.457616
0.022615	0.463429
0.022615	0.417053
0.022615	0.523788
0.022615	0.439102
0.022615	0.553323
0.028641	0.541710
0.028641	0.530274
0.028641	0.552394
0.028641	0.526214
0.028641	0.575352
0.028641	0.556356
0.028641	0.568733
0.079866	0.570470
0.079866	0.590327
0.079866	0.567624
0.079866	0.566201
0.079866	0.519741
0.079866	0.563968
0.079866	0.522627
0.039101	0.545636
0.039101	0.561531
0.039101	0.556468
0.039101	0.593438
0.039101	0.578175
0.039101	0.569254
0.039101	0.563851
0.039101	0.601953
0.039101	0.587370
0.039101	0.540480
0.039101	0.568969
0.039101	0.584076
0.069475	0.556021
0.069475	0.564184
0.069475	0.564634
0.069475	0.595129
0.069475	0.597740
0.069475	0.592599
0.069475	0.590884
0.039100	0.598620
0.039100	0.600255
0.039100	0.598230
0.039100	0.599884
0.039100	0.587798
0.039100	0.580218
0.039100	0.577922
0.089944	0.580202
0.089944	0.591507
0.089944	0.593256
0.089944	0.597627
0.089944	0.586731
0.089944	0.571081
0.154615	0.575727
0.154615	0.573623
0.154615	0.575023
0.154615	0.581574
0.154615	0.593788
0.154615	0.582633
0.154615	0.587690
0.154615	0.544349
0.154615	0.551284
0.154615	0.536602
0.041493	0.558594
0.041493	0.570271
0.041493	0.552571
0.041493	0.589558
0.041493	0.586093
0.041493	0.584445
0.041493	0.583575
0.041493	0.590845
0.061253	0.592832
0.061253	0.595080
0.061253	0.591338
0.061253	0.596003
0.061253	0.600145
0.061253	0.597621
0.061253	0.584543
0.061253	0.584550
0.061253	0.585007
0.061253	0.587684
0.061253	0.589446
0.061253	0.592876
0.047280	0.596788
0.047280	0.598005
0.047280	0.600850
0.047280	0.602564
0.047280	0.602010
0.047280	0.483383
0.047280	0.496279
0.047280	0.481293
0.047280	0.483314
0.047280	0.502218
0.062128	0.554811
0.062128	0.552567
0.062128	0.525106
0.062128	0.532494
0.062128	0.531443
0.062128	0.557898
0.062128	0.552157
0.062128	0.566074
0.038171	0.584266
0.038171	0.586120
0.038171	0.568021
0.038171	0.569323
0.038171	0.573031
0.038171	0.571742
0.038171	0.569020
0.047611	0.568617
0.047611	0.569819
0.047611	0.575684
0.047611	0.578387
0.047611	0.581326
0.047611	0.575565
0.047611	0.581652
0.047611	0.586157
0.047611	0.591173
0.047611	0.587448
0.047611	0.581131
0.051029	0.579878
0.051029	0.584991
0.051029	0.582327
0.051029	0.589751
0.051029	0.585535
0.051029	0.582787
0.051029	0.598222
0.051029	0.592976
0.051029	0.592248
0.052453	0.595824
0.052453	0.593942
0.052453	0.587985
0.052453	0.584012
0.052453	0.584948
0.052453	0.601651
0.052453	0.597862
0.052453	0.602256
0.018562	0.594037
0.018562	0.601446
0.018562	0.604503
0.018562	0.607467
0.018562	0.485826
0.018562	0.544262
0.018562	0.455950
0.018562	0.497256
0.018562	0.521278
0.018562	0.606996
0.018562	0.597296
0.050029	0.617443
0.050029	0.461033
0.050029	0.464204
0.050029	0.451005
0.050029	0.453403
0.050029	0.507665
0.050029	0.472696
0.050029	0.557472
0.050029	0.545227
0.064012	0.563565
0.064012	0.568343
0.064012	0.559926
0.064012	0.567756
0.064012	0.583263
0.064012	0.458883
0.064012	0.507691
0.064012	0.489208
0.029118	0.522694
0.029118	0.559239
0.029118	0.548184
0.029118	0.529774
0.029118	0.536779
0.047473	0.535501
0.047473	0.539307
0.047473	0.553863
0.047473	0.529936
0.047473	0.553476
0.047473	0.573481
0.047473	0.584975
0.047473	0.571928
0.061783	0.565865
0.061783	0.582113
0.061783	0.594475
0.061783	0.596850
0.061783	0.447834
0.061783	0.457218
0.061783	0.448256
0.061783	0.461614
0.061783	0.451954
0.061783	0.476931
0.061783	0.486023
0.114133	0.505447
0.114133	0.538275
0.114133	0.561566
0.114133	0.566201
0.114133	0.586160
0.037565	0.581222
0.037565	0.469561
0.037565	0.586522
0.037565	0.498404
0.037565	0.592575
0.037565	0.592378
0.037565	0.539083
0.023433	0.591928
0.023433	0.590577
0.023433	0.588062
0.023433	0.488783
0.023433	0.525949
0.023433	0.497004
0.023433	0.566576
0.023433	0.562387
0.045632	0.579281
0.045632	0.583885
0.045632	0.593223
0.045632	0.592175
0.045632	0.461073
0.045632	0.462250
0.045632	0.458110
0.045632	0.577532
0.045632	0.451275
0.045735	0.501807
0.045735	0.524521
0.045735	0.532328
0.045735	0.533637
0.045735	0.565789
0.045735	0.548160
0.045735	0.546426
0.045735	0.585160
0.045735	0.587890
0.045735	0.590188
0.037540	0.590050
0.037540	0.591100
0.037540	0.500032
0.037540	0.453447
0.037540	0.454720
0.037540	0.568041
0.037540	0.575519
0.037540	0.571597
0.037540	0.577400
0.037540	0.530268
0.051464	0.534169
0.051464	0.529191
0.051464	0.540142
0.051464	0.531033
0.051464	0.548946
0.046932	0.566178
0.046932	0.563072
0.046932	0.542278
0.046932	0.572135
0.046932	0.547948
0.046932	0.573127
0.046932	0.581719
0.046932	0.581253
0.024375	0.575917
0.024375	0.580489
0.024375	0.584479
0.024375	0.583934
0.024375	0.596062
0.024375	0.563147
0.024375	0.538066
0.024375	0.570825
0.024375	0.584895
0.024375	0.590940
0.024375	0.593847
0.044404	0.587265
0.044404	0.587054
0.044404	0.598577
0.044404	0.596877
0.041016	0.600758
0.041016	0.599763
0.041016	0.603530
0.041016	0.599588
0.041016	0.599327
0.041016	0.599200
0.041016	0.598997
0.041783	0.600770
0.041783	0.601300
0.041783	0.602426
0.041783	0.604527
0.041783	0.603529
0.041783	0.600584
0.041783	0.601663
0.041783	0.494016
0.041783	0.503625
0.041783	0.490680
0.041783	0.496119
0.041783	0.505741
0.022564	0.504593
0.022564	0.510432
0.022564	0.507922
0.022564	0.594864
0.022564	0.598628
0.022564	0.599140
0.022564	0.603214
0.068602	0.600696
0.068602	0.599720
0.068602	0.598247
0.068602	0.596245
0.068602	0.595127
0.068602	0.601472
0.068602	0.610218
0.036654	0.602005
0.036654	0.603292
0.036654	0.604488
0.036654	0.604530
0.036654	0.604185
0.036654	0.603915
