Ground Truth	Predictions
0.422573	0.476618
0.422573	0.308679
0.422573	0.312857
0.422573	0.319051
0.422573	0.349990
0.422573	0.311776
0.422573	0.411838
0.422573	0.315384
0.311386	0.396448
0.311386	0.311078
0.311386	0.321912
0.311386	0.310596
0.311386	0.323523
0.311386	0.318685
0.311386	0.308994
0.311386	0.310728
0.147074	0.311452
0.147074	0.316083
0.147074	0.376887
0.147074	0.303093
0.147074	0.290582
0.147074	0.395156
0.147074	0.404378
0.147074	0.311746
0.147074	0.317823
0.100815	0.317975
0.100815	0.319624
0.100815	0.408843
0.100815	0.393780
0.100815	0.354659
0.100815	0.395016
0.100815	0.388409
0.100815	0.330965
0.100815	0.339831
0.100815	0.342621
0.100815	0.345929
0.153136	0.353970
0.153136	0.491829
0.153136	0.327837
0.153136	0.333611
0.153136	0.331759
0.153136	0.336948
0.153136	0.333123
0.153136	0.338560
0.153136	0.347099
0.153136	0.348953
0.153136	0.326619
0.090541	0.322451
0.090541	0.318751
0.090541	0.322759
0.090541	0.409232
0.090541	0.318919
0.090541	0.398851
0.090541	0.395720
0.275152	0.320758
0.275152	0.318032
0.275152	0.329432
0.275152	0.330554
0.275152	0.319377
0.275152	0.318216
0.275152	0.313214
0.275152	0.321769
0.275152	0.398920
0.260358	0.320769
0.260358	0.316435
0.260358	0.312344
0.260358	0.369069
0.221356	0.407054
0.221356	0.382386
0.221356	0.389464
0.221356	0.486695
0.221356	0.349175
0.221356	0.350251
0.221356	0.345202
0.158041	0.349254
0.158041	0.345894
0.158041	0.452720
0.158041	0.345006
0.158041	0.333691
0.158041	0.330296
0.158041	0.333810
0.240243	0.333998
0.240243	0.317996
0.240243	0.410727
0.240243	0.414509
0.240243	0.339224
0.240243	0.345082
0.240243	0.351975
0.240243	0.353761
0.240243	0.348854
0.240243	0.337611
0.240243	0.356710
0.133936	0.426629
0.133936	0.398449
0.133936	0.428748
0.133936	0.403245
0.133936	0.415640
0.133936	0.503659
0.133936	0.376863
0.133936	0.388184
0.101375	0.367997
0.101375	0.370647
0.101375	0.430383
0.101375	0.481677
0.101375	0.451647
0.101375	0.431965
0.101375	0.428006
0.101375	0.464351
0.101375	0.437443
0.125570	0.349052
0.125570	0.349882
0.125570	0.352578
0.125570	0.350028
0.152805	0.404073
0.152805	0.356725
0.152805	0.338679
0.152805	0.431492
0.152805	0.422230
0.152805	0.386557
0.152805	0.418240
0.152805	0.393609
0.152805	0.395530
0.063845	0.484230
0.063845	0.366283
0.063845	0.381456
0.063845	0.360661
0.063845	0.361086
0.063845	0.354111
0.063845	0.349762
0.132419	0.346781
0.132419	0.342430
0.132419	0.414545
0.132419	0.447757
0.132419	0.365476
0.132419	0.416228
0.132419	0.412177
0.076461	0.342045
0.076461	0.341562
0.076461	0.346600
0.076461	0.344790
0.076461	0.342623
0.076461	0.343450
0.076461	0.395132
0.076461	0.360001
0.113287	0.366409
0.113287	0.361697
0.113287	0.362433
0.113287	0.377205
0.113287	0.385084
0.113287	0.382295
0.066976	0.369682
0.066976	0.379126
0.066976	0.357616
0.066976	0.361953
0.196079	0.512238
0.196079	0.503026
0.196079	0.342797
0.196079	0.339371
0.196079	0.337387
0.258948	0.333982
0.258948	0.406508
0.258948	0.452657
0.258948	0.395189
0.258948	0.414560
0.258948	0.420478
0.258948	0.372583
0.258948	0.453133
0.258948	0.370372
0.245637	0.380575
0.245637	0.506418
0.245637	0.346452
0.245637	0.349710
0.245637	0.340454
0.245637	0.336247
0.245637	0.356767
0.245637	0.369241
0.089094	0.482763
0.089094	0.432858
0.089094	0.332030
0.089094	0.333194
0.089094	0.320936
0.072636	0.414291
0.072636	0.386209
0.072636	0.410163
0.072636	0.408571
0.072636	0.414598
0.112432	0.445974
0.112432	0.339089
0.112432	0.351707
0.112432	0.510459
0.112432	0.464194
0.112432	0.464289
0.112432	0.358028
0.112432	0.457350
0.052564	0.438511
0.052564	0.517093
0.052564	0.321268
0.052564	0.322844
0.052564	0.419231
0.052564	0.365812
0.052564	0.324992
0.032647	0.523371
0.032647	0.365827
0.032647	0.465180
0.032647	0.354529
0.032647	0.353814
0.032647	0.476680
0.032647	0.378964
0.032647	0.363727
0.060907	0.459405
0.060907	0.341499
0.060907	0.337237
0.060907	0.351055
0.060907	0.350800
0.060907	0.466562
0.060907	0.340494
0.060907	0.471127
0.094763	0.448444
0.094763	0.362224
0.094763	0.370791
0.094763	0.370289
0.094763	0.374801
0.094763	0.378644
0.094763	0.408992
0.094763	0.377768
0.094763	0.362133
0.094763	0.359115
0.094763	0.353285
0.046759	0.355136
0.046759	0.354713
0.046759	0.444299
0.046759	0.440146
0.046759	0.376713
0.060230	0.418600
0.060230	0.380557
0.060230	0.415231
0.060230	0.518623
0.060230	0.349004
0.063869	0.353398
0.063869	0.359438
0.063869	0.359914
0.063869	0.358010
0.063869	0.364113
0.063869	0.351299
0.063869	0.383286
0.063869	0.401661
0.043973	0.386138
0.043973	0.398509
0.043973	0.482573
0.043973	0.442872
0.043973	0.451635
0.043973	0.519162
0.043973	0.366021
0.043973	0.387888
0.057176	0.355993
0.057176	0.352261
0.057176	0.420345
0.057176	0.476318
0.057176	0.349770
0.082769	0.444660
0.082769	0.442300
0.082769	0.345024
0.082769	0.343838
0.082769	0.344967
0.082769	0.341182
0.082769	0.359342
0.082769	0.372783
0.082769	0.415088
0.140252	0.412217
0.140252	0.426266
0.140252	0.355312
0.140252	0.359160
0.140252	0.359702
0.140252	0.358492
0.140252	0.368388
0.140252	0.373900
0.140252	0.366482
0.102827	0.366833
0.102827	0.370162
0.102827	0.357908
0.102827	0.354802
0.102827	0.396655
0.102827	0.377888
0.102827	0.379502
0.075444	0.465233
0.075444	0.399776
0.075444	0.346120
0.075444	0.341837
0.075444	0.336821
0.075444	0.333760
0.075444	0.412679
0.068139	0.404883
0.068139	0.416905
0.068139	0.415975
0.068139	0.437310
0.068139	0.337990
0.068139	0.342424
0.068139	0.339216
0.068139	0.335995
0.068139	0.344878
0.038549	0.427745
0.038549	0.339569
0.038549	0.431703
0.038549	0.347237
0.038549	0.352568
0.038549	0.347753
0.038549	0.345699
0.038549	0.367281
0.090943	0.367589
0.090943	0.397643
0.090943	0.412698
0.090943	0.346983
0.090943	0.345740
0.090943	0.336104
0.090943	0.331994
0.090943	0.351300
0.090943	0.361323
0.112829	0.386161
0.112829	0.384430
0.112829	0.326900
0.112829	0.319840
0.112829	0.317892
0.112829	0.313182
0.112829	0.414879
0.112829	0.399122
0.169310	0.321961
0.169310	0.321697
0.169310	0.320764
0.169310	0.316859
0.169310	0.390594
0.169310	0.331753
0.169310	0.330397
0.164515	0.334190
0.164515	0.326286
0.164515	0.322507
0.164515	0.345662
0.164515	0.346333
0.164515	0.398591
0.164515	0.383088
0.374506	0.319740
0.374506	0.317151
0.374506	0.307226
0.374506	0.302281
0.374506	0.366944
0.374506	0.338646
0.374506	0.404971
0.374506	0.336976
0.374506	0.420355
0.207055	0.313504
0.207055	0.344736
0.207055	0.308224
0.207055	0.388930
0.207055	0.381552
0.207055	0.389633
0.207055	0.338161
0.207055	0.389571
0.372597	0.395259
0.372597	0.302967
0.372597	0.317133
0.372597	0.301450
0.372597	0.372300
0.372597	0.329199
0.372597	0.368793
0.372597	0.326363
0.372597	0.366962
0.301276	0.378951
0.301276	0.302916
0.301276	0.304600
0.301276	0.303429
0.301276	0.307703
0.301276	0.312167
0.301276	0.310694
0.301276	0.317943
0.195780	0.311395
0.195780	0.316872
0.195780	0.325136
0.195780	0.309954
0.195780	0.309505
0.195780	0.297721
0.195780	0.300315
0.195780	0.298090
0.278669	0.397656
0.278669	0.392367
0.278669	0.398928
0.278669	0.320237
0.278669	0.296795
0.278669	0.319490
0.278669	0.304063
0.278669	0.386431
0.168138	0.412426
0.168138	0.313308
0.168138	0.314802
0.168138	0.325480
0.168138	0.327868
0.168138	0.381103
0.168138	0.336658
0.045050	0.322322
0.045050	0.325487
0.045050	0.319225
0.045050	0.331370
0.045050	0.394074
0.045050	0.325364
0.045050	0.327594
0.233229	0.337915
0.233229	0.340708
0.233229	0.403560
0.233229	0.412518
0.233229	0.344202
0.233229	0.353225
0.233229	0.358574
0.233229	0.354028
0.191400	0.352054
0.191400	0.347432
0.191400	0.350777
0.191400	0.339397
0.191400	0.345337
0.191400	0.426975
0.191400	0.404898
0.191400	0.368337
0.191400	0.378262
0.100619	0.387054
0.100619	0.393828
0.100619	0.386435
0.100619	0.446643
0.100619	0.461776
0.100619	0.444625
0.100619	0.407609
0.100619	0.475127
0.062761	0.413692
0.062761	0.410397
0.062761	0.438662
0.062761	0.430327
0.062761	0.406756
0.062761	0.402437
0.062761	0.481156
0.062761	0.491735
0.155077	0.469934
0.155077	0.511110
0.155077	0.497040
0.155077	0.387973
0.155077	0.434176
0.155077	0.360919
0.155077	0.355198
0.337641	0.419405
0.337641	0.472662
0.337641	0.406180
0.337641	0.453197
0.337641	0.446071
0.337641	0.360635
0.337641	0.353227
0.337641	0.355934
0.337641	0.349635
0.076012	0.362871
0.076012	0.364885
0.076012	0.370758
0.076012	0.370548
0.076012	0.365427
0.076012	0.356065
0.076012	0.380568
0.076012	0.492848
0.151164	0.394667
0.151164	0.418835
0.151164	0.507052
0.151164	0.407881
0.067652	0.521719
0.067652	0.539431
0.067652	0.386210
0.067652	0.504330
0.067652	0.428699
0.067652	0.509360
0.067652	0.526148
0.114392	0.334900
0.114392	0.451478
0.114392	0.336141
0.114392	0.455610
0.114392	0.335132
0.114392	0.384269
0.114392	0.344833
0.114392	0.372021
0.114392	0.437610
0.151089	0.446399
0.151089	0.404872
0.151089	0.449633
0.151089	0.430055
0.151089	0.353429
0.151089	0.342554
0.151089	0.348218
0.107728	0.398792
0.107728	0.361119
0.107728	0.413740
0.107728	0.400865
0.107728	0.425408
0.107728	0.453975
0.107728	0.360888
0.107728	0.367471
0.107728	0.364473
0.268866	0.364729
0.268866	0.388538
0.268866	0.382151
0.268866	0.352080
0.268866	0.364328
0.268866	0.346246
0.268866	0.422499
0.268866	0.398691
0.268866	0.387554
0.268866	0.511555
0.268866	0.505452
0.251651	0.363719
0.251651	0.344710
0.251651	0.334293
0.251651	0.347261
0.059194	0.426213
0.059194	0.350837
0.059194	0.414149
0.059194	0.446294
0.059194	0.334595
0.059194	0.325816
0.122194	0.324938
0.122194	0.329852
0.122194	0.372882
0.122194	0.315924
0.122194	0.449141
0.122194	0.343027
0.122194	0.334752
0.110984	0.332562
0.110984	0.368899
0.110984	0.476523
0.110984	0.360818
0.110984	0.413286
0.110984	0.416753
0.110984	0.332047
0.110984	0.340391
0.110984	0.338986
0.110984	0.353120
0.110984	0.433829
0.110984	0.371207
0.110984	0.411927
0.110984	0.415867
0.068408	0.319923
0.068408	0.326125
0.068408	0.331546
0.068408	0.328559
0.068408	0.321505
0.068408	0.399273
0.068408	0.403651
0.068408	0.342500
0.083000	0.349580
0.083000	0.355181
0.083000	0.358757
0.083000	0.353784
0.083000	0.345122
0.083000	0.359904
0.083000	0.363566
0.083000	0.369076
0.064958	0.377648
0.064958	0.377726
0.064958	0.363623
0.064958	0.357376
0.064958	0.346093
0.107949	0.356781
0.107949	0.344324
0.107949	0.347916
0.107949	0.362189
0.107949	0.341917
0.107949	0.359683
0.116728	0.349393
0.116728	0.394868
0.116728	0.408650
0.116728	0.414567
0.116728	0.433321
0.116728	0.422791
0.116728	0.427790
0.116728	0.465871
0.077393	0.483752
0.077393	0.411963
0.077393	0.421577
0.077393	0.424870
0.077393	0.440454
0.077393	0.429359
0.077393	0.433788
0.174601	0.455549
0.174601	0.460522
0.174601	0.465572
0.174601	0.475124
0.174601	0.464563
0.174601	0.473221
0.174601	0.498589
0.174601	0.490050
0.267787	0.502986
0.267787	0.501562
0.267787	0.419054
0.267787	0.411006
0.267787	0.415525
0.267787	0.410749
0.267787	0.405340
0.267787	0.407367
0.158383	0.449924
0.158383	0.437140
0.158383	0.445614
0.158383	0.450905
0.158383	0.491556
0.158383	0.450747
0.158383	0.440697
0.158383	0.474809
0.158383	0.466479
0.158383	0.489814
0.158383	0.507324
0.307821	0.493666
0.307821	0.492451
0.307821	0.516826
0.307821	0.514480
0.307821	0.527681
0.307821	0.520636
0.326601	0.505718
0.326601	0.508393
0.326601	0.469667
0.326601	0.460587
0.326601	0.447166
0.290629	0.429914
0.290629	0.420707
0.290629	0.410872
0.290629	0.477163
0.290629	0.482468
0.290629	0.497517
0.290629	0.508199
0.397988	0.506712
0.397988	0.504542
0.397988	0.501540
0.397988	0.536176
0.397988	0.536337
0.397988	0.552815
0.397988	0.515253
0.397988	0.520152
0.397988	0.513788
0.397988	0.516616
0.397988	0.525248
0.397988	0.518901
0.205069	0.532257
0.205069	0.522431
0.205069	0.406478
0.205069	0.396144
0.205069	0.384088
0.205069	0.374376
0.205069	0.402154
0.205069	0.386879
0.210222	0.387738
0.210222	0.377368
0.210222	0.375499
0.210222	0.374209
0.210222	0.367297
0.210222	0.500811
0.210222	0.497653
0.210222	0.495818
0.288877	0.503219
0.288877	0.498173
0.288877	0.563181
0.288877	0.539250
0.288877	0.490905
0.288877	0.518583
0.288877	0.490156
0.338740	0.537829
0.338740	0.528832
0.338740	0.505306
0.338740	0.534997
0.338740	0.528596
0.338740	0.550508
0.338740	0.534592
0.338740	0.497359
0.338740	0.516831
0.404120	0.502791
0.404120	0.533688
0.404120	0.537372
0.404120	0.536695
0.404120	0.531549
0.404120	0.522424
0.404120	0.529311
0.255479	0.535466
0.255479	0.532974
0.255479	0.489327
0.255479	0.508792
0.255479	0.491496
0.255479	0.499363
0.255479	0.520534
0.255479	0.492236
0.437217	0.540014
0.437217	0.507653
0.437217	0.552483
0.437217	0.516747
0.437217	0.535510
0.437217	0.488611
0.437217	0.498982
0.437217	0.492876
0.437217	0.496543
0.437217	0.534732
0.437217	0.537114
0.285320	0.534435
0.285320	0.503605
0.285320	0.507449
0.285320	0.503624
0.285320	0.507435
0.208668	0.522626
0.208668	0.499048
0.208668	0.512872
0.208668	0.515634
0.208668	0.533567
0.208668	0.526340
0.227823	0.544223
0.227823	0.423497
0.227823	0.430295
0.227823	0.428634
0.227823	0.420879
0.227823	0.422232
0.227823	0.432730
0.227823	0.431533
0.160139	0.487818
0.160139	0.490414
0.160139	0.487140
0.160139	0.493568
0.160139	0.519335
0.160139	0.423492
0.160139	0.420864
0.160139	0.423858
0.160139	0.421891
0.160139	0.407770
0.160139	0.413792
0.160139	0.411720
0.160139	0.429843
0.160139	0.433294
0.098541	0.422935
0.098541	0.421108
0.098541	0.465762
0.098541	0.453793
0.098541	0.423467
0.160832	0.421112
0.160832	0.412816
0.160832	0.414300
0.160832	0.418940
0.160832	0.436509
0.160832	0.461508
0.160832	0.469005
0.160832	0.431905
0.067682	0.462014
0.067682	0.422067
0.067682	0.419323
0.067682	0.378461
0.052311	0.368304
0.052311	0.363843
0.052311	0.363405
0.052311	0.359917
0.052311	0.352587
0.052311	0.349985
0.052311	0.340812
0.085316	0.340016
0.085316	0.350257
0.085316	0.332000
0.085316	0.426901
0.085316	0.425827
0.085316	0.406719
0.085316	0.424219
0.085316	0.501925
0.109063	0.342849
0.109063	0.334313
0.109063	0.332037
0.109063	0.334436
0.109063	0.319668
0.109063	0.429317
0.109063	0.356336
0.048190	0.351208
0.048190	0.359368
0.048190	0.353108
0.048190	0.452986
0.048190	0.492386
0.078474	0.413131
0.078474	0.450496
0.078474	0.422733
0.078474	0.410764
0.078474	0.418813
0.078474	0.415757
0.078474	0.515095
0.078474	0.509294
0.078474	0.433215
0.078474	0.514081
0.078474	0.497326
0.101714	0.477244
0.101714	0.418088
0.101714	0.477592
0.101714	0.427091
0.101714	0.435250
0.101714	0.511379
0.101714	0.513729
0.101714	0.510348
0.101714	0.519168
0.101714	0.466946
0.101714	0.420135
0.051038	0.380088
0.051038	0.364980
0.051038	0.411844
0.051038	0.443647
0.124084	0.443993
0.124084	0.439255
0.124084	0.491633
0.124084	0.354800
0.124084	0.344562
0.124084	0.351054
0.124084	0.344412
0.124084	0.351587
0.124084	0.348554
0.158603	0.327707
0.158603	0.388141
0.158603	0.369615
0.158603	0.361103
0.163412	0.364094
0.163412	0.375703
0.163412	0.379285
0.163412	0.353217
0.163412	0.356521
0.163412	0.358795
0.163412	0.345128
0.163412	0.356186
0.163412	0.345827
0.248154	0.352292
0.248154	0.382178
0.248154	0.411363
0.248154	0.393381
0.248154	0.386340
0.248154	0.400004
0.248154	0.396377
0.209707	0.406826
0.209707	0.412546
0.209707	0.386429
0.209707	0.380871
0.209707	0.377939
0.209707	0.412064
0.402235	0.421731
0.402235	0.414389
0.402235	0.409281
0.402235	0.433519
0.402235	0.447532
0.402235	0.441621
0.402235	0.412561
0.402235	0.405034
0.489464	0.409607
0.489464	0.414245
0.489464	0.394241
0.489464	0.386602
0.489464	0.382070
0.489464	0.380128
0.489464	0.368975
0.611737	0.370116
0.611737	0.369735
0.611737	0.420880
0.611737	0.407564
0.641241	0.410303
0.641241	0.396670
0.641241	0.386922
0.641241	0.424779
0.640934	0.410938
0.640934	0.421201
0.640934	0.420912
0.640934	0.398220
0.640934	0.439842
0.640934	0.450659
0.646455	0.476275
0.646455	0.381157
0.646455	0.367933
0.646455	0.370515
0.646455	0.449224
0.534511	0.377800
0.534511	0.481333
0.534511	0.404181
0.534511	0.516566
0.534511	0.552600
0.534511	0.524225
0.534511	0.571905
0.534511	0.536884
0.439656	0.562917
0.439656	0.521382
0.439656	0.533690
0.439656	0.563215
0.522453	0.359296
0.522453	0.430780
0.522453	0.355472
0.522453	0.418527
0.522453	0.366943
0.623968	0.367278
0.623968	0.374108
0.623968	0.385169
0.623968	0.372428
0.623968	0.365930
0.623968	0.371670
0.623968	0.434220
0.623968	0.456376
0.623968	0.367441
0.623968	0.369482
0.623968	0.371629
0.443368	0.359962
0.443368	0.410025
0.443368	0.388666
0.443368	0.370208
0.443368	0.377008
0.443368	0.388023
0.443368	0.388026
0.315789	0.386858
0.315789	0.392754
0.315789	0.399135
0.315789	0.397243
0.315789	0.397728
0.315789	0.394800
0.315789	0.394660
0.813244	0.392533
0.813244	0.392782
0.813244	0.390766
0.813244	0.375172
0.813244	0.372731
0.813244	0.369889
0.813244	0.367889
0.813244	0.359609
0.344054	0.404164
0.344054	0.376176
0.344054	0.381383
0.344054	0.390755
0.344054	0.364550
0.344054	0.376804
0.344054	0.427819
0.344054	0.347239
0.232513	0.341602
0.232513	0.336483
0.232513	0.334184
0.232513	0.358108
0.232513	0.363190
0.232513	0.330181
0.232513	0.340502
0.232513	0.311256
0.232513	0.322902
0.232513	0.426573
0.349557	0.339280
0.349557	0.334479
0.349557	0.326971
0.349557	0.355445
0.349557	0.330392
0.349557	0.382792
0.349557	0.355437
0.349557	0.433151
0.403424	0.394141
0.403424	0.322337
0.403424	0.434740
0.403424	0.306168
0.403424	0.420676
0.403424	0.320425
0.403424	0.308448
0.403424	0.315243
0.403424	0.359085
0.403424	0.327934
0.403424	0.376193
0.192491	0.330916
0.192491	0.385916
0.192491	0.356234
0.192491	0.321780
0.092629	0.369818
0.092629	0.337565
0.092629	0.337983
0.092629	0.347280
0.092629	0.364605
0.092629	0.346332
0.092629	0.342775
0.092629	0.426723
0.179425	0.351970
0.179425	0.347174
0.179425	0.353350
0.179425	0.358889
0.179425	0.339486
0.179425	0.330807
0.179425	0.334968
0.179425	0.316978
0.179425	0.324215
0.368672	0.396894
0.368672	0.397874
0.368672	0.347442
0.368672	0.353594
0.368672	0.342550
0.368672	0.347335
0.368672	0.401107
0.368672	0.435196
0.368672	0.343330
0.045115	0.389100
0.045115	0.343320
0.045115	0.396599
0.045115	0.437070
0.045115	0.373220
0.045115	0.386484
0.045115	0.422077
0.045115	0.360843
0.165256	0.433285
0.165256	0.317718
0.165256	0.384317
0.165256	0.321051
0.139920	0.315675
0.139920	0.324225
0.139920	0.331926
0.139920	0.403501
0.139920	0.402590
0.136225	0.350998
0.136225	0.418989
0.136225	0.426988
0.136225	0.312979
0.136225	0.326700
0.136225	0.332510
0.136225	0.398916
0.136225	0.395042
0.136225	0.389973
0.070342	0.315486
0.070342	0.394195
0.070342	0.328452
0.070342	0.488011
0.070342	0.498113
0.070342	0.490094
0.070342	0.492340
0.070342	0.501357
0.167625	0.495211
0.167625	0.518008
0.167625	0.540549
0.167625	0.510320
0.167625	0.492549
0.167625	0.489708
0.167625	0.528869
0.167625	0.546669
0.167625	0.543216
0.502061	0.533721
0.502061	0.546983
0.502061	0.541351
0.502061	0.473774
0.502061	0.480704
0.502061	0.473635
0.502061	0.492593
0.502061	0.482734
0.189303	0.491369
0.189303	0.498580
0.189303	0.481340
0.189303	0.495070
0.189303	0.474367
0.189303	0.482821
0.189303	0.519286
0.189303	0.525941
0.189303	0.481642
0.167072	0.470497
0.167072	0.467428
0.167072	0.517461
0.167072	0.550632
0.167072	0.549177
0.167072	0.509673
0.167072	0.550561
0.167072	0.542161
0.167072	0.474063
0.354238	0.480180
0.354238	0.465687
0.354238	0.470422
0.354238	0.501691
0.307423	0.469208
0.307423	0.470392
0.307423	0.543052
0.307423	0.473710
0.307423	0.471711
0.307423	0.461361
0.307423	0.468816
0.307423	0.471162
0.307423	0.523409
0.307423	0.469485
0.307423	0.467321
0.307423	0.544365
0.193788	0.547299
0.193788	0.446504
0.193788	0.454007
0.193788	0.448122
0.193788	0.450431
0.193788	0.530084
0.193788	0.451066
0.194800	0.453026
0.194800	0.531507
0.194800	0.451242
0.194800	0.454248
0.194800	0.452917
0.194800	0.456877
0.194800	0.455082
0.194800	0.460682
0.194800	0.475614
0.091213	0.467896
0.091213	0.450835
0.091213	0.449226
0.091213	0.449700
0.091213	0.461506
0.098274	0.457500
0.098274	0.453869
0.098274	0.534952
0.098274	0.451582
0.098274	0.452656
0.098274	0.456420
0.114235	0.490939
0.114235	0.453679
0.114235	0.465749
0.114235	0.527305
0.114235	0.537229
0.114235	0.560740
0.114235	0.463810
0.213040	0.468083
0.213040	0.470865
0.213040	0.470086
0.213040	0.470491
0.213040	0.470462
0.213040	0.475329
0.213040	0.477688
0.213040	0.481709
0.135043	0.483419
0.135043	0.499320
0.135043	0.479985
0.135043	0.510341
0.092325	0.534909
0.092325	0.486572
0.092325	0.490302
0.092325	0.492685
0.092325	0.491688
0.092325	0.494998
0.092325	0.488734
0.092325	0.508417
0.092325	0.497963
0.092325	0.496558
0.092325	0.499153
0.083462	0.500095
0.083462	0.501489
0.083462	0.502388
0.083462	0.507741
0.083462	0.510441
0.083462	0.502803
0.083462	0.505208
0.083462	0.504876
0.090821	0.505884
0.090821	0.506263
0.090821	0.506084
0.090821	0.524908
0.090821	0.511223
0.090821	0.517129
0.090821	0.512572
0.090821	0.523076
0.090821	0.530905
0.043195	0.529226
0.043195	0.515147
0.043195	0.532391
0.043195	0.514911
0.086665	0.505816
0.086665	0.501388
0.086665	0.501293
0.086665	0.518026
0.086665	0.531280
0.198045	0.517623
0.198045	0.569495
0.198045	0.525079
0.198045	0.517273
0.198045	0.532394
0.198045	0.514486
0.198045	0.535599
0.198045	0.512629
0.198045	0.519403
0.198045	0.502724
0.176379	0.535347
0.176379	0.546064
0.176379	0.535917
0.176379	0.497033
0.176379	0.507553
0.176379	0.490149
0.176379	0.507797
0.176379	0.532865
0.242645	0.528489
0.242645	0.520908
0.242645	0.507487
0.242645	0.508981
0.242645	0.532111
0.242645	0.538299
0.242645	0.533839
0.086146	0.545071
0.086146	0.534461
0.086146	0.529192
0.086146	0.538047
0.086146	0.555238
0.086146	0.478392
0.086146	0.481731
0.086146	0.474255
0.222521	0.476920
0.222521	0.480032
0.222521	0.539634
0.222521	0.544669
0.222521	0.469534
0.222521	0.469800
0.222521	0.467818
0.222521	0.468409
0.217901	0.530947
0.217901	0.543281
0.217901	0.530991
0.217901	0.470616
0.217901	0.469430
0.217901	0.471529
0.217901	0.473685
0.217901	0.518876
0.217901	0.524959
0.218483	0.518641
0.218483	0.541008
0.218483	0.541585
0.218483	0.475587
0.218483	0.480232
0.218483	0.480980
0.218483	0.481764
0.148231	0.482770
0.148231	0.522235
0.148231	0.514504
0.148231	0.478582
0.148231	0.479230
0.148231	0.476803
0.262152	0.478269
0.262152	0.477656
0.262152	0.540792
0.262152	0.523008
0.262152	0.471650
0.262152	0.480551
0.262152	0.470193
0.067942	0.483941
0.067942	0.531306
0.067942	0.535549
0.067942	0.538970
0.167834	0.459028
0.167834	0.505791
0.167834	0.555467
0.167834	0.539927
0.167834	0.474104
0.061509	0.475435
0.061509	0.478710
0.061509	0.479044
0.061509	0.477472
0.061509	0.529673
0.061509	0.532545
0.061509	0.485499
0.081708	0.481832
0.081708	0.485224
0.081708	0.483072
0.081708	0.484019
0.081708	0.487782
0.081708	0.496778
0.081708	0.497492
0.104580	0.479910
0.104580	0.477496
0.104580	0.474593
0.104580	0.474882
0.104580	0.515217
0.104580	0.477423
0.104580	0.556819
0.118363	0.536107
0.118363	0.472395
0.118363	0.469804
0.118363	0.470814
0.118363	0.469005
0.118363	0.503720
0.118363	0.529139
0.118363	0.472962
0.073024	0.475369
0.073024	0.474678
0.073024	0.474543
0.073024	0.484572
0.073024	0.476951
0.073024	0.475859
0.073024	0.483002
0.073024	0.479518
0.048404	0.479563
0.048404	0.474932
0.048404	0.474219
0.048404	0.490164
0.048404	0.486705
0.048404	0.487884
0.058465	0.534468
0.058465	0.467688
0.058465	0.465717
0.058465	0.460551
0.058465	0.458915
0.039168	0.473646
0.039168	0.498531
0.039168	0.478662
0.039168	0.534696
0.039168	0.546223
0.060827	0.461343
0.060827	0.468001
0.060827	0.459673
0.060827	0.466601
0.060827	0.469397
0.060827	0.500220
0.060827	0.468287
0.080069	0.533809
0.080069	0.533104
0.080069	0.465199
0.080069	0.466084
0.080069	0.463857
0.080069	0.461911
0.080069	0.472252
0.080069	0.473365
0.083283	0.479415
0.083283	0.473508
0.083283	0.464721
0.083283	0.462597
0.083283	0.456911
0.082035	0.456607
0.082035	0.464006
0.082035	0.457183
0.082035	0.465060
0.082035	0.475055
0.082035	0.531119
0.082035	0.547738
0.082035	0.550222
0.082035	0.450536
0.054341	0.455259
0.054341	0.444314
0.054341	0.528375
0.054341	0.537073
0.034598	0.554115
0.034598	0.447237
0.034598	0.454320
0.034598	0.440988
0.034598	0.537220
0.034598	0.448726
0.034598	0.461652
0.032576	0.496430
0.032576	0.459303
0.032576	0.445315
0.032576	0.448318
0.032576	0.451197
0.032576	0.450299
0.032576	0.503192
0.135789	0.538388
0.135789	0.535168
0.135789	0.460376
0.135789	0.462715
0.135789	0.462117
0.135789	0.468317
0.135789	0.467281
0.135789	0.466978
0.030769	0.469243
0.030769	0.461065
0.030769	0.469959
0.030769	0.461807
0.030769	0.531880
0.030769	0.462432
0.030769	0.458493
0.030769	0.512970
0.180075	0.489220
0.180075	0.552516
0.180075	0.536986
0.180075	0.470157
0.180075	0.526747
0.180075	0.476015
0.180075	0.477998
0.180075	0.490589
0.180075	0.484851
0.228092	0.486272
0.228092	0.538718
0.228092	0.503598
0.228092	0.488828
0.228092	0.508982
0.228092	0.522410
0.228092	0.503317
0.228092	0.526335
0.108851	0.507340
0.108851	0.506853
0.108851	0.526745
0.108851	0.536168
0.108851	0.537896
0.102176	0.502838
0.102176	0.511232
0.102176	0.544852
0.102176	0.521435
0.102176	0.520269
0.371118	0.502926
0.371118	0.500950
0.371118	0.536376
0.371118	0.535228
0.371118	0.525855
0.371118	0.506595
0.371118	0.508755
0.371118	0.507808
0.371118	0.509193
0.371118	0.511464
0.371118	0.533390
0.432545	0.518598
0.432545	0.521219
0.432545	0.532903
0.432545	0.520683
0.432545	0.531577
0.432545	0.522635
0.432545	0.526719
0.432545	0.523875
0.432545	0.523176
0.102661	0.528274
0.102661	0.522137
0.102661	0.528941
0.102661	0.530155
0.102661	0.529987
0.102661	0.528428
0.102661	0.529731
0.297605	0.532548
0.297605	0.529194
0.297605	0.530885
0.297605	0.529338
0.297605	0.531425
0.297605	0.533637
0.297605	0.518096
0.297605	0.517815
0.297605	0.514047
0.105154	0.513321
0.105154	0.518827
0.105154	0.533551
0.105154	0.532291
0.105154	0.526049
0.105154	0.528956
0.105154	0.525112
0.105154	0.529831
0.108728	0.530231
0.108728	0.525955
0.108728	0.526156
0.108728	0.529123
0.108728	0.517818
0.108728	0.520967
0.108728	0.514754
0.063221	0.516621
0.063221	0.523385
0.063221	0.527316
0.063221	0.530513
0.063221	0.528969
0.063221	0.527203
0.063221	0.534402
0.063221	0.529506
0.047066	0.532322
0.047066	0.540172
0.047066	0.540544
0.047066	0.504187
0.047066	0.510653
0.047066	0.502171
0.047066	0.504737
0.042256	0.521994
0.042256	0.512100
0.042256	0.531468
0.042256	0.538340
0.042256	0.504524
0.052083	0.504358
0.052083	0.499449
0.052083	0.499376
0.052083	0.508165
0.052083	0.516228
0.052083	0.518480
0.052083	0.522054
0.052083	0.527276
0.039802	0.520373
0.039802	0.525884
0.039802	0.538294
0.039802	0.495589
0.039802	0.496192
0.039802	0.491182
0.039802	0.548182
0.039802	0.545804
0.039802	0.508018
0.039802	0.540433
0.039802	0.496450
0.042331	0.533958
0.042331	0.512897
0.042331	0.540097
0.042331	0.510801
0.042331	0.551352
0.042331	0.505135
0.042331	0.540701
0.042331	0.500040
0.062862	0.512405
0.062862	0.500188
0.062862	0.507472
0.062862	0.526541
0.062862	0.487040
0.062862	0.485597
0.062862	0.487537
0.105925	0.488307
0.105925	0.497675
0.105925	0.483661
0.105925	0.498345
0.105925	0.522287
0.083055	0.500107
0.083055	0.500899
0.083055	0.501076
0.083055	0.505194
0.083055	0.522496
0.083055	0.499288
0.083055	0.503786
0.083055	0.502661
0.033622	0.503180
0.033622	0.510594
0.033622	0.508371
0.033622	0.509954
0.034482	0.513919
0.034482	0.513062
0.034482	0.517401
0.034482	0.515236
0.034482	0.519000
0.078656	0.502770
0.078656	0.503545
0.078656	0.504450
0.078656	0.506886
0.078656	0.505433
0.078656	0.496941
0.078656	0.504653
0.078656	0.501699
0.078656	0.516833
0.071660	0.499658
0.071660	0.494962
0.071660	0.498581
0.071660	0.513999
0.071660	0.519535
0.071660	0.512812
0.071660	0.515528
0.071660	0.525163
0.042659	0.527887
0.042659	0.521012
0.042659	0.516791
0.042659	0.529762
0.042659	0.508486
0.042659	0.506247
0.039729	0.504753
0.039729	0.524902
0.039729	0.517688
0.039729	0.515130
0.059256	0.524511
0.059256	0.528882
0.059256	0.515285
0.059256	0.531738
0.059256	0.521001
0.059256	0.530372
0.059256	0.524781
0.059256	0.529293
0.059256	0.523110
0.141344	0.526722
0.141344	0.528359
0.141344	0.529563
0.141344	0.533752
0.151346	0.531621
0.151346	0.490278
0.151346	0.486357
0.151346	0.479962
0.151346	0.487602
0.151346	0.489377
0.151346	0.470620
0.274344	0.468810
0.274344	0.513285
0.274344	0.514904
0.274344	0.507733
0.274344	0.490884
0.274344	0.492058
0.274344	0.482269
0.274344	0.488278
0.136504	0.500090
0.136504	0.502143
0.136504	0.449260
0.136504	0.450069
0.136504	0.462289
0.136504	0.464702
0.136504	0.455814
0.136504	0.447801
0.136504	0.466140
0.136504	0.444123
0.136504	0.475851
0.058995	0.448127
0.058995	0.447248
0.058995	0.463156
0.058995	0.447630
0.058995	0.455799
0.058995	0.505983
0.058995	0.517898
0.058995	0.513701
0.062485	0.522451
0.062485	0.529026
0.062485	0.526144
0.062485	0.525414
0.062485	0.527674
0.062485	0.515408
0.062485	0.518878
0.057514	0.502453
0.057514	0.510103
0.057514	0.523434
0.057514	0.541261
0.057514	0.537493
0.057514	0.501428
0.057514	0.498570
0.057514	0.486156
0.045731	0.490912
0.045731	0.514274
0.045731	0.472320
0.045731	0.483794
0.045731	0.457652
0.045731	0.455085
0.045731	0.483275
0.045731	0.482829
0.045731	0.471036
0.079066	0.467193
0.079066	0.516169
0.079066	0.529212
0.079066	0.539150
0.078446	0.530961
0.078446	0.532205
0.078446	0.521615
0.078446	0.530804
0.078446	0.512070
0.078446	0.515603
0.078446	0.529910
0.179143	0.539608
0.179143	0.535152
0.179143	0.539035
0.179143	0.510691
0.179143	0.514207
0.179143	0.510225
0.179143	0.513837
0.179143	0.522870
0.179143	0.525975
0.188853	0.537267
0.188853	0.536698
0.188853	0.504351
0.188853	0.506347
0.188853	0.499459
0.188853	0.499587
0.188853	0.509442
0.188853	0.528879
0.188853	0.524947
0.188853	0.497384
0.188853	0.495565
0.054093	0.491889
0.054093	0.544287
0.054093	0.544274
0.054093	0.521821
0.054093	0.545846
0.054093	0.501987
0.054093	0.520321
0.054093	0.500493
0.145675	0.539599
0.145675	0.514048
0.145675	0.519428
0.145675	0.512562
0.090248	0.538663
0.090248	0.540304
0.090248	0.510668
0.090248	0.518765
0.148358	0.514922
0.148358	0.514526
0.148358	0.533097
0.148358	0.492788
0.051824	0.544980
0.051824	0.500044
0.051824	0.541615
0.051824	0.497178
0.051824	0.514630
0.051824	0.499276
0.051824	0.535675
0.053380	0.488696
0.053380	0.491621
0.053380	0.492376
0.053380	0.495594
0.053380	0.491606
0.053380	0.544979
0.053380	0.553687
0.053380	0.480231
0.053380	0.475019
0.053380	0.465832
0.053380	0.522726
0.053380	0.517650
0.183212	0.488513
0.183212	0.532511
0.183212	0.512023
0.183212	0.452911
0.183212	0.451394
0.183212	0.449433
0.183212	0.463328
0.183212	0.503895
0.183212	0.479306
0.183212	0.506592
0.183212	0.499573
0.043784	0.473602
0.043784	0.497771
0.043784	0.471267
0.043784	0.486967
0.043784	0.516531
0.043784	0.516870
0.043784	0.514256
0.164620	0.507793
0.164620	0.434772
0.164620	0.433236
0.164620	0.421097
0.164620	0.432671
0.164620	0.440692
0.164620	0.463562
0.164620	0.448741
0.095847	0.412727
0.095847	0.431709
0.095847	0.399069
0.095847	0.517097
0.095847	0.514890
0.095847	0.457695
0.095847	0.524297
0.212160	0.431243
0.212160	0.513876
0.212160	0.445835
0.212160	0.511788
0.212160	0.464947
0.212160	0.518806
0.212160	0.445589
0.212160	0.445002
0.292094	0.405250
0.292094	0.510821
0.292094	0.424710
0.292094	0.451687
0.292094	0.525832
0.292094	0.525915
0.292094	0.525894
0.292094	0.480219
0.292094	0.459503
0.292094	0.448770
0.292094	0.530639
0.213572	0.525646
0.213572	0.455429
0.213572	0.494398
0.213572	0.527817
0.213572	0.490682
0.213572	0.492013
0.213572	0.504778
0.213572	0.512963
0.095452	0.523926
0.095452	0.505215
0.095452	0.519634
0.095452	0.535358
0.095452	0.527191
0.095452	0.530595
0.095452	0.530305
0.095452	0.511321
0.095452	0.507040
0.042914	0.493022
0.042914	0.522707
0.042914	0.527381
0.042914	0.529343
0.042914	0.535254
0.042914	0.531794
0.042914	0.472571
0.055427	0.483852
0.055427	0.473792
0.055427	0.478321
0.055427	0.497699
0.167406	0.527363
0.167406	0.513924
0.167406	0.525192
0.167406	0.461045
0.167406	0.464739
0.167406	0.461119
0.167406	0.475353
0.103801	0.504441
0.103801	0.469111
0.103801	0.535198
0.103801	0.539912
0.103801	0.533573
0.103801	0.533484
0.103801	0.542170
0.103801	0.542889
0.103801	0.542383
0.103801	0.533743
0.103801	0.538405
0.079222	0.544736
0.079222	0.553910
0.079222	0.532421
0.079222	0.534383
0.079222	0.529337
0.079222	0.536092
0.079222	0.539524
0.079222	0.538347
0.043260	0.538526
0.043260	0.529909
0.043260	0.534737
0.043260	0.545063
0.043260	0.543297
0.043260	0.479537
0.043260	0.481587
0.091421	0.474714
0.091421	0.479279
0.091421	0.492655
0.091421	0.531621
0.091421	0.522598
0.227521	0.481570
0.227521	0.482860
0.227521	0.478598
0.227521	0.482522
0.227521	0.482457
0.145019	0.493756
0.145019	0.521914
0.145019	0.520308
0.145019	0.525957
0.145019	0.528252
0.072780	0.525730
0.072780	0.527192
0.072780	0.539048
0.072780	0.511204
0.072780	0.510489
0.072780	0.506491
0.072780	0.511320
0.072780	0.535677
0.123582	0.497446
0.123582	0.498175
0.123582	0.492387
0.123582	0.512591
0.123582	0.517002
0.123582	0.495926
0.214696	0.498591
0.214696	0.500730
0.214696	0.487563
0.214696	0.490904
0.200969	0.482730
0.200969	0.485385
0.200969	0.544365
0.200969	0.482783
0.266011	0.480040
0.266011	0.506429
0.266011	0.493839
0.266011	0.482926
0.266011	0.476105
0.266011	0.477933
0.266011	0.543514
0.266011	0.508350
0.266011	0.545756
0.170833	0.475442
0.170833	0.533620
0.170833	0.564407
0.170833	0.561713
0.170833	0.470813
0.170833	0.469078
0.170833	0.471016
0.170833	0.471957
0.209924	0.465007
0.209924	0.544470
0.209924	0.518370
0.209924	0.555303
0.209924	0.475650
0.209924	0.478189
0.209924	0.480969
0.052953	0.482421
0.052953	0.481815
0.052953	0.477806
0.052953	0.485178
0.052953	0.479725
0.052953	0.485323
0.084238	0.490967
0.084238	0.485649
0.084238	0.489588
0.084238	0.518154
0.084238	0.417797
0.084238	0.420568
0.084238	0.414609
0.084238	0.418110
0.084238	0.497179
0.084238	0.431833
0.084238	0.416702
0.219443	0.508261
0.219443	0.498246
0.219443	0.461865
0.219443	0.461244
0.219443	0.463386
0.219443	0.463311
0.219443	0.464901
0.219443	0.476063
0.107687	0.457463
0.107687	0.450523
0.107687	0.455026
0.107687	0.534115
0.107687	0.549406
0.272224	0.472478
0.272224	0.476226
0.272224	0.475109
0.272224	0.475605
0.272224	0.480382
0.272224	0.481096
0.272224	0.486157
0.272224	0.487654
0.272224	0.475680
0.128135	0.477184
0.128135	0.471696
0.128135	0.505431
0.128135	0.515411
0.128135	0.465697
0.128135	0.475755
0.128135	0.461760
0.167891	0.531401
0.167891	0.534623
0.167891	0.458139
0.167891	0.533051
0.167891	0.469716
0.167891	0.543464
0.167891	0.462413
0.167891	0.462606
0.209324	0.464644
0.209324	0.465397
0.209324	0.464553
0.209324	0.462509
0.209324	0.462843
0.209324	0.532635
0.209324	0.534656
0.070860	0.472258
0.070860	0.474259
0.070860	0.472271
0.070860	0.485852
0.070860	0.479115
0.070860	0.481916
0.070860	0.484416
0.070860	0.491514
0.077800	0.474134
0.077800	0.473955
0.077800	0.475914
0.077800	0.480035
0.077800	0.518941
0.077800	0.505470
0.077800	0.486594
0.077800	0.545570
0.041921	0.536226
0.041921	0.476618
0.041921	0.478481
0.041921	0.478387
0.041921	0.489796
0.035180	0.520139
0.035180	0.529875
0.035180	0.536927
0.035180	0.485015
0.035180	0.485831
0.035180	0.484405
0.035180	0.489040
0.061294	0.491134
0.061294	0.493929
0.061294	0.518190
0.061294	0.519412
0.061294	0.479968
0.061294	0.497406
0.061294	0.482638
0.061294	0.523433
0.027802	0.544926
0.027802	0.545368
0.027802	0.525611
0.027802	0.494740
0.027802	0.505710
0.047910	0.501562
0.047910	0.537567
0.047910	0.499913
0.047910	0.499135
0.047910	0.514671
0.047910	0.537035
0.047910	0.508114
0.047910	0.518782
0.047910	0.495212
0.074294	0.509840
0.074294	0.541045
0.074294	0.520765
0.074294	0.536449
0.074294	0.553061
0.074294	0.547023
0.074294	0.519261
0.074294	0.518519
0.042452	0.505053
0.042452	0.522045
0.042452	0.525325
0.042452	0.533586
0.042452	0.543230
0.042452	0.518594
0.042452	0.526146
0.042452	0.534847
0.042452	0.531011
0.042452	0.435183
0.042452	0.474076
0.043979	0.428952
0.043979	0.466827
0.043979	0.479083
0.043979	0.466392
0.043979	0.487796
0.043979	0.477495
0.043979	0.485812
0.043979	0.500552
0.043979	0.487783
0.067795	0.517460
0.067795	0.524927
0.067795	0.516070
0.067795	0.510802
0.067795	0.521966
0.179843	0.485524
0.179843	0.516574
0.179843	0.541467
0.179843	0.538541
0.093447	0.535959
0.093447	0.539987
0.093447	0.527921
0.093447	0.542238
0.093447	0.550353
