Ground Truth	Predictions
0.216594	0.514067
0.216594	0.487630
0.216594	0.484606
0.216594	0.491526
0.216594	0.496987
0.216594	0.486464
0.216594	0.493948
0.216594	0.487803
0.430324	0.493903
0.430324	0.486336
0.430324	0.492508
0.430324	0.497543
0.430324	0.493679
0.430324	0.493254
0.430324	0.434720
0.430324	0.434266
0.430324	0.428486
0.430324	0.437248
0.430324	0.475520
0.205622	0.438211
0.205622	0.433227
0.205622	0.472369
0.205622	0.485948
0.205622	0.440725
0.205622	0.442920
0.205622	0.444001
0.205622	0.443103
0.168839	0.476080
0.168839	0.473512
0.168839	0.458674
0.168839	0.470625
0.168839	0.470255
0.168839	0.445583
0.168839	0.449194
0.168839	0.449212
0.258461	0.449792
0.258461	0.457425
0.258461	0.489494
0.258461	0.476022
0.258461	0.476463
0.258461	0.472410
0.258461	0.476998
0.258461	0.480693
0.282033	0.483778
0.282033	0.490201
0.282033	0.487332
0.282033	0.424529
0.282033	0.434669
0.282033	0.423315
0.282033	0.445146
0.282033	0.483662
0.221690	0.443027
0.221690	0.475680
0.221690	0.479565
0.221690	0.491469
0.361329	0.490398
0.361329	0.488863
0.361329	0.493100
0.361329	0.494942
0.361329	0.488529
0.325756	0.497142
0.325756	0.493551
0.325756	0.495801
0.325756	0.493199
0.325756	0.490786
0.325756	0.498771
0.325756	0.448948
0.389437	0.455826
0.389437	0.448502
0.389437	0.452411
0.389437	0.466538
0.241445	0.506388
0.241445	0.506591
0.241445	0.502488
0.241445	0.507297
0.241445	0.510264
0.206179	0.510003
0.206179	0.517328
0.206179	0.483816
0.206179	0.484084
0.227969	0.480962
0.227969	0.484387
0.227969	0.486666
0.227969	0.487274
0.227969	0.493016
0.227969	0.468298
0.227969	0.468411
0.227969	0.465348
0.227969	0.470766
0.393395	0.473533
0.393395	0.471505
0.393395	0.484624
0.393395	0.487551
0.351112	0.456420
0.351112	0.460322
0.351112	0.456419
0.351112	0.458328
0.351112	0.474205
0.351112	0.452494
0.351112	0.453297
0.197945	0.446324
0.197945	0.452576
0.197945	0.458306
0.197945	0.466754
0.197945	0.494636
0.197945	0.453010
0.197945	0.451719
0.197945	0.467925
0.197945	0.479015
0.248830	0.452489
0.248830	0.453369
0.248830	0.453339
0.248830	0.452620
0.248830	0.464336
0.360029	0.456016
0.360029	0.451191
0.360029	0.469063
0.360029	0.486027
0.360029	0.451128
0.360029	0.457659
0.360029	0.450551
0.360029	0.452359
0.360029	0.464833
0.106555	0.464818
0.106555	0.474203
0.106555	0.462993
0.106555	0.464259
0.106555	0.455408
0.106555	0.455863
0.106555	0.452792
0.106555	0.454537
0.106555	0.468223
0.106555	0.475383
0.106555	0.462564
0.192875	0.468698
0.192875	0.467440
0.192875	0.497614
0.192875	0.498058
0.192875	0.494979
0.192875	0.498872
0.192875	0.500329
0.192875	0.508410
0.292474	0.504398
0.292474	0.506970
0.292474	0.508160
0.292474	0.503634
0.292474	0.507555
0.292474	0.510928
0.292474	0.519420
0.292474	0.519287
0.352543	0.456007
0.352543	0.458268
0.352543	0.452961
0.352543	0.455216
0.352543	0.480340
0.352543	0.481112
0.352543	0.451555
0.352543	0.452802
0.352543	0.449263
0.181898	0.450042
0.181898	0.468423
0.181898	0.477588
0.181898	0.465274
0.181898	0.469256
0.181898	0.477505
0.181898	0.449178
0.181898	0.452751
0.181898	0.449290
0.275353	0.450764
0.275353	0.477977
0.275353	0.466562
0.275353	0.466701
0.275353	0.461855
0.275353	0.468261
0.275353	0.470242
0.275353	0.475772
0.275353	0.487252
0.275353	0.487997
0.275353	0.469030
0.275353	0.472524
0.245234	0.463428
0.245234	0.475018
0.245234	0.478152
0.245234	0.480631
0.195147	0.478608
0.195147	0.479966
0.195147	0.493805
0.195147	0.443944
0.195147	0.447833
0.195147	0.488194
0.195147	0.488645
0.195147	0.461643
0.219021	0.444889
0.219021	0.476226
0.219021	0.503810
0.219021	0.513211
0.219021	0.501691
0.219021	0.493231
0.219021	0.496940
0.347792	0.502822
0.347792	0.509355
0.347792	0.523254
0.347792	0.448928
0.347792	0.460826
0.347792	0.450111
0.347792	0.451387
0.347792	0.490127
0.347792	0.453953
0.270743	0.454187
0.270743	0.480988
0.270743	0.471215
0.270743	0.465240
0.270743	0.464313
0.270743	0.469331
0.270743	0.482651
0.270743	0.470506
0.307239	0.491378
0.307239	0.487008
0.307239	0.510565
0.307239	0.510674
0.307239	0.507468
0.307239	0.511828
0.335422	0.515149
0.335422	0.520939
0.335422	0.519738
0.335422	0.494288
0.335422	0.494804
0.335422	0.490381
0.335422	0.493919
0.353330	0.497732
0.353330	0.497022
0.353330	0.500177
0.353330	0.448144
0.313434	0.449664
0.313434	0.450792
0.313434	0.452966
0.313434	0.494744
0.313434	0.488075
0.313434	0.489313
0.313434	0.486336
0.313434	0.489541
0.324818	0.493986
0.324818	0.490728
0.324818	0.497556
0.324818	0.459769
0.324818	0.462229
0.324818	0.458691
0.324818	0.460306
0.324818	0.473801
0.296419	0.466496
0.296419	0.468842
0.296419	0.475340
0.296419	0.457384
0.296419	0.460851
0.296419	0.453720
0.296419	0.454600
0.296419	0.465023
0.348308	0.473157
0.348308	0.455156
0.348308	0.469237
0.348308	0.487010
0.348308	0.466354
0.348308	0.467674
0.348308	0.462333
0.348308	0.466576
0.348308	0.474768
0.348308	0.476025
0.348308	0.478033
0.340754	0.478360
0.340754	0.479518
0.340754	0.502760
0.340754	0.502788
0.340754	0.500166
0.393422	0.502847
0.393422	0.506721
0.393422	0.515299
0.393422	0.514927
0.393422	0.461606
0.194497	0.461962
0.194497	0.456816
0.194497	0.458765
0.194497	0.470057
0.194497	0.467422
0.194497	0.464152
0.194497	0.472748
0.290921	0.469749
0.290921	0.465404
0.290921	0.466414
0.290921	0.460586
0.290921	0.465315
0.290921	0.476594
0.290921	0.477021
0.290921	0.477379
0.290921	0.478690
0.234865	0.482566
0.234865	0.468345
0.234865	0.468792
0.234865	0.464339
0.234865	0.467994
0.234865	0.472119
0.327176	0.482312
0.327176	0.476459
0.327176	0.488686
0.327176	0.468590
0.433876	0.468657
0.433876	0.464786
0.433876	0.469163
0.433876	0.476923
0.433876	0.474870
0.433876	0.489007
0.440819	0.490969
0.440819	0.461673
0.440819	0.460503
0.440819	0.456694
0.440819	0.460774
0.440819	0.465766
0.440819	0.470711
0.440819	0.484061
0.440819	0.483401
0.485265	0.469758
0.485265	0.470157
0.485265	0.466490
0.485265	0.468077
0.485265	0.483608
0.485265	0.478047
0.485265	0.469551
0.485265	0.471127
0.390585	0.467087
0.390585	0.468863
0.390585	0.483293
0.390585	0.471716
0.485755	0.456198
0.485755	0.456553
0.485755	0.452377
0.485755	0.456127
0.485755	0.461597
0.485755	0.462966
0.485755	0.483408
0.485755	0.482068
0.485755	0.454487
0.559460	0.453818
0.559460	0.448943
0.559460	0.452874
0.559460	0.468303
0.559460	0.464085
0.559460	0.474762
0.559460	0.462663
0.559460	0.474072
0.559460	0.446309
0.317431	0.447303
0.317431	0.449791
0.317431	0.480875
0.317431	0.475948
0.317431	0.484849
0.357837	0.439181
0.357837	0.463708
0.357837	0.467760
0.357837	0.448226
0.357837	0.450297
0.357837	0.443391
0.357837	0.462861
0.357837	0.456731
0.357837	0.468374
0.447808	0.459260
0.447808	0.468101
0.447808	0.467145
0.447808	0.479190
0.447808	0.478865
0.447808	0.475769
0.447808	0.479724
0.447808	0.483988
0.268346	0.477539
0.268346	0.483085
0.268346	0.486152
0.268346	0.482799
0.268346	0.489014
0.268346	0.479964
0.268346	0.481828
0.268346	0.457997
0.337804	0.462133
0.337804	0.457886
0.337804	0.470157
0.337804	0.473381
0.337804	0.474286
0.337804	0.474196
0.337804	0.464326
0.337804	0.473016
0.305425	0.463526
0.305425	0.474824
0.305425	0.478265
0.305425	0.472214
0.305425	0.447793
0.305425	0.449635
0.305425	0.447497
0.305425	0.468700
0.255449	0.457334
0.255449	0.448409
0.255449	0.449705
0.255449	0.449753
0.255449	0.456090
0.467237	0.465432
0.467237	0.480318
0.467237	0.482799
0.467237	0.479314
0.266001	0.482067
0.266001	0.489934
0.266001	0.485602
0.266001	0.487489
0.266001	0.485878
0.266001	0.483382
0.266001	0.489487
0.266001	0.492661
0.266001	0.483769
0.329569	0.490861
0.329569	0.490682
0.329569	0.490816
0.329569	0.490215
0.329569	0.492883
0.329569	0.482029
0.329569	0.483643
0.329569	0.480802
0.404223	0.488122
0.404223	0.487722
0.404223	0.492146
0.404223	0.497978
0.404223	0.496540
0.404223	0.479615
0.404223	0.491892
0.179808	0.478755
0.179808	0.480382
0.179808	0.483091
0.179808	0.481632
0.179808	0.474773
0.179808	0.477494
0.179808	0.490667
0.392068	0.490418
0.392068	0.485915
0.392068	0.489053
0.392068	0.491114
0.392068	0.469589
0.392068	0.472970
0.392068	0.462699
0.392068	0.464667
0.226369	0.474332
0.226369	0.478305
0.226369	0.469808
0.226369	0.473335
0.226369	0.473037
0.226369	0.492794
0.226369	0.493700
0.226369	0.489699
0.226369	0.491909
0.283220	0.499404
0.283220	0.494414
0.283220	0.517121
0.283220	0.517036
0.283220	0.513266
0.283220	0.518089
0.283220	0.520567
0.283220	0.520458
0.393668	0.525157
0.393668	0.455273
0.393668	0.467383
0.393668	0.450982
0.393668	0.482885
0.393668	0.507306
0.393668	0.452525
0.447394	0.468296
0.447394	0.449044
0.447394	0.477459
0.447394	0.502538
0.447394	0.459589
0.447394	0.481805
0.447394	0.456017
0.447394	0.468559
0.379123	0.458672
0.379123	0.461536
0.379123	0.457745
0.379123	0.463031
0.379123	0.470581
0.367307	0.474239
0.367307	0.465642
0.367307	0.468895
0.367307	0.470053
0.367307	0.484139
0.367307	0.483221
0.367307	0.478690
0.367307	0.491422
0.459594	0.489428
0.459594	0.493566
0.459594	0.492153
0.459594	0.488247
0.459594	0.500898
0.459594	0.500982
0.459594	0.501783
0.457639	0.497511
0.457639	0.501197
0.457639	0.511832
0.457639	0.504102
0.457639	0.478598
0.457639	0.479234
0.457639	0.473312
0.457639	0.486093
0.457639	0.484194
0.535191	0.486664
0.535191	0.499937
0.535191	0.497884
0.535191	0.486181
0.535191	0.481429
0.535191	0.476012
0.535191	0.485435
0.535191	0.493530
0.535191	0.485753
0.302120	0.497011
0.302120	0.497473
0.302120	0.491951
0.302120	0.491242
0.302120	0.488142
0.302120	0.491973
0.302120	0.499324
0.302120	0.494167
0.302120	0.511409
0.302120	0.446415
0.302120	0.446690
0.371914	0.445179
0.371914	0.446457
0.371914	0.475607
0.371914	0.445818
0.371914	0.458604
0.371914	0.485323
0.371914	0.446487
0.371914	0.447648
0.347652	0.446683
0.347652	0.448934
0.347652	0.458932
0.347652	0.443175
0.347652	0.488003
0.390293	0.492993
0.390293	0.477217
0.390293	0.480684
0.390293	0.477743
0.390293	0.480619
0.390293	0.482602
0.390293	0.488996
0.390293	0.487711
0.390293	0.492827
0.376693	0.494086
0.376693	0.491380
0.376693	0.494766
0.376693	0.498352
0.376693	0.495870
0.376693	0.503911
0.376693	0.509105
0.376693	0.507365
0.376693	0.504153
0.381803	0.511600
0.381803	0.513476
0.381803	0.504107
0.381803	0.510666
0.381803	0.505259
0.381803	0.509356
0.381803	0.503113
0.381803	0.511449
0.369174	0.512963
0.369174	0.511965
0.369174	0.511042
0.369174	0.491946
0.369174	0.492772
0.369174	0.490561
0.498926	0.497669
0.498926	0.497363
0.498926	0.499868
0.498926	0.507687
0.498926	0.503948
0.498926	0.494029
0.498926	0.494736
0.498926	0.491794
0.498926	0.498610
0.498926	0.497357
0.498926	0.498879
0.383391	0.504781
0.383391	0.501407
0.383391	0.483111
0.383391	0.484782
0.383391	0.481395
0.383391	0.484044
0.383391	0.492028
0.383391	0.488076
0.326784	0.488317
0.326784	0.490053
0.326784	0.503716
0.326784	0.506445
0.213195	0.502531
0.213195	0.506279
0.213195	0.510708
0.213195	0.512389
0.213195	0.515485
0.213195	0.499304
0.213195	0.499361
0.213195	0.497030
0.213195	0.504523
0.213195	0.502114
0.213195	0.503066
0.205622	0.509756
0.205622	0.506322
0.205622	0.490179
0.205622	0.493605
0.205622	0.489268
0.205622	0.491202
0.205622	0.498823
0.205622	0.495157
0.231982	0.497106
0.231982	0.497089
0.231982	0.502292
0.231982	0.508042
0.231982	0.495757
0.231982	0.496063
0.231982	0.519845
0.231982	0.518466
0.274910	0.513843
0.274910	0.515544
0.274910	0.522591
0.274910	0.518641
0.274910	0.520467
0.274910	0.476356
0.274910	0.476344
0.274910	0.473976
0.243464	0.475569
0.243464	0.483974
0.243464	0.479936
0.243464	0.482616
0.372363	0.466607
0.372363	0.465231
0.372363	0.465157
0.372363	0.463950
0.372363	0.464929
0.372363	0.467036
0.372363	0.463677
0.372363	0.467011
0.372363	0.501809
0.372363	0.503060
0.372363	0.494281
0.113941	0.500088
0.113941	0.508864
0.113941	0.495427
0.113941	0.504281
0.113941	0.499900
0.113941	0.502129
0.113941	0.502165
0.499766	0.501747
0.499766	0.484896
0.499766	0.484633
0.499766	0.481547
0.499766	0.488238
0.499766	0.486670
0.499766	0.488564
0.499766	0.491564
0.499766	0.464180
0.499766	0.463513
0.499766	0.462458
0.237958	0.473937
0.237958	0.467095
0.237958	0.463710
0.237958	0.470055
0.237958	0.464899
0.237958	0.478736
0.237958	0.471355
0.110974	0.461935
0.110974	0.459950
0.110974	0.462322
0.110974	0.456497
0.110974	0.462656
0.110974	0.462841
0.110974	0.456259
0.110974	0.457841
0.181155	0.456543
0.181155	0.458817
0.181155	0.455856
0.181155	0.483995
0.181155	0.484238
0.181155	0.481048
0.181155	0.486338
0.219529	0.489676
0.219529	0.482299
0.219529	0.485052
0.219529	0.488518
0.219529	0.483607
0.219529	0.489303
0.219529	0.484534
0.219529	0.482152
0.219529	0.485541
0.256615	0.482759
0.256615	0.486057
0.256615	0.487279
0.256615	0.488382
0.256615	0.489792
0.238581	0.492761
0.238581	0.492076
0.238581	0.489134
0.238581	0.493981
0.238581	0.497383
0.238581	0.488929
0.238581	0.494001
0.238581	0.494341
0.282775	0.492976
0.282775	0.494895
0.282775	0.490247
0.282775	0.531350
0.282775	0.532251
0.313095	0.528853
0.313095	0.531321
0.313095	0.533379
0.313095	0.538282
0.313095	0.538331
0.313095	0.478236
0.313095	0.479104
0.313095	0.476052
0.327231	0.479145
0.327231	0.489588
0.327231	0.529804
0.327231	0.529589
0.327231	0.526487
0.327231	0.529867
0.327231	0.530346
0.327231	0.534685
0.327231	0.535089
0.129105	0.518260
0.129105	0.519980
0.129105	0.515001
0.129105	0.517156
0.129105	0.527178
0.129105	0.521937
0.129105	0.497180
0.129105	0.495705
0.129105	0.491149
0.433209	0.496046
0.433209	0.497744
0.433209	0.500938
0.433209	0.504005
0.433209	0.503396
0.199526	0.487301
0.199526	0.495787
0.199526	0.483658
0.199526	0.485575
0.518678	0.497551
0.518678	0.495450
0.518678	0.492053
0.518678	0.496594
0.518678	0.498838
0.518678	0.492321
0.518678	0.495888
0.518678	0.496447
0.412473	0.496519
0.412473	0.499797
0.412473	0.497352
0.412473	0.455981
0.412473	0.456214
0.412473	0.451979
0.412473	0.452661
0.412473	0.477940
0.276088	0.507347
0.276088	0.506139
0.276088	0.502468
0.276088	0.508129
0.276088	0.512282
0.276088	0.507880
0.276088	0.515833
0.250791	0.448555
0.250791	0.448383
0.250791	0.448338
0.250791	0.459038
0.250791	0.475677
0.250791	0.454547
0.250791	0.460851
0.250791	0.493931
0.188981	0.490153
0.188981	0.490746
0.188981	0.484682
0.188981	0.497428
0.188981	0.499522
0.188981	0.497866
0.188981	0.506503
0.188981	0.500427
0.188981	0.524898
0.188981	0.490576
0.188981	0.496776
0.188981	0.487907
0.102579	0.493732
0.102579	0.502004
0.102579	0.502869
0.102579	0.502600
0.102579	0.510387
0.102579	0.528012
0.102579	0.494087
0.169938	0.487560
0.169938	0.482407
0.169938	0.494577
0.169938	0.495975
0.169938	0.498750
0.169938	0.502134
0.169938	0.503476
0.169938	0.468766
0.180702	0.468328
0.180702	0.465268
0.180702	0.468808
0.180702	0.472737
0.180702	0.473206
0.180702	0.463762
0.180702	0.473933
0.180702	0.471266
0.180702	0.496353
0.303438	0.496252
0.303438	0.493885
0.303438	0.497293
0.303438	0.499481
0.303438	0.493385
0.303438	0.497912
0.303438	0.497348
0.303438	0.498154
0.303438	0.496403
0.303438	0.497274
0.303438	0.481406
0.290890	0.491619
0.290890	0.481259
0.290890	0.481994
0.290890	0.523024
0.290890	0.522869
0.290890	0.520965
0.290890	0.525320
0.290890	0.524095
0.315291	0.529492
0.315291	0.528470
0.315291	0.529428
0.315291	0.530727
0.315291	0.526608
0.315291	0.529450
0.315291	0.534285
0.431657	0.539546
0.431657	0.539811
0.431657	0.524047
0.431657	0.522362
0.431657	0.519951
0.431657	0.524223
0.431657	0.525461
0.381728	0.517967
0.381728	0.522133
0.381728	0.522001
0.381728	0.522764
0.381728	0.522246
0.381728	0.520335
0.381728	0.515211
0.381728	0.508737
0.687284	0.510899
0.687284	0.504725
0.687284	0.505770
0.687284	0.517304
0.687284	0.511797
0.687284	0.471462
0.687284	0.470954
0.687284	0.465565
0.687284	0.468912
0.318773	0.476686
0.318773	0.484524
0.318773	0.517912
0.318773	0.518952
0.318773	0.514524
0.318773	0.511090
0.318773	0.520922
0.318773	0.518889
0.389943	0.524081
0.389943	0.478872
0.389943	0.478145
0.389943	0.479061
0.389943	0.480883
0.389943	0.479180
0.389943	0.481854
0.389943	0.480762
0.407924	0.480464
0.407924	0.480928
0.407924	0.468807
0.407924	0.484302
0.407924	0.466781
0.407924	0.474082
0.407924	0.489391
0.513551	0.489153
0.513551	0.486421
0.513551	0.491075
0.513551	0.493051
0.513551	0.492152
0.513551	0.494221
0.513551	0.496899
0.513551	0.500210
0.344759	0.491999
0.344759	0.492330
0.344759	0.489461
0.344759	0.491731
0.344759	0.494719
0.344759	0.496279
0.344759	0.501505
0.344759	0.498529
0.344759	0.520892
0.344759	0.520169
0.344759	0.516719
0.168650	0.521369
0.168650	0.525906
0.168650	0.518886
0.168650	0.524042
0.168650	0.523372
0.168650	0.523876
0.168650	0.523185
0.168650	0.520563
0.252558	0.523047
0.252558	0.502564
0.252558	0.502700
0.252558	0.499723
0.252558	0.502429
0.252558	0.507470
0.252558	0.502243
0.199672	0.512070
0.199672	0.465225
0.199672	0.470742
0.199672	0.460715
0.334752	0.463973
0.334752	0.489181
0.334752	0.453356
0.334752	0.450361
0.334752	0.445571
0.334752	0.448852
0.334752	0.459865
0.334752	0.462002
0.334752	0.450975
0.334752	0.445696
0.334752	0.441307
0.239126	0.446806
0.239126	0.488000
0.239126	0.482541
0.239126	0.482269
0.239126	0.477396
0.239126	0.482217
0.239126	0.485461
0.239126	0.487939
0.239126	0.485946
0.239126	0.493611
0.239126	0.490761
0.329739	0.461439
0.329739	0.476974
0.329739	0.453713
0.329739	0.477019
0.329739	0.474581
0.329739	0.473119
0.329739	0.468963
0.210054	0.476824
0.210054	0.477749
0.210054	0.484018
0.210054	0.479510
0.210054	0.485884
0.210054	0.481986
0.210054	0.463518
0.210054	0.476470
0.210054	0.462916
0.210054	0.465965
0.375199	0.458658
0.375199	0.466194
0.375199	0.456168
0.375199	0.455242
0.375199	0.490635
0.113093	0.493959
0.113093	0.492884
0.113093	0.489697
0.113093	0.494145
0.113093	0.495695
0.113093	0.487659
0.113093	0.493518
0.282542	0.491338
0.282542	0.492484
0.282542	0.490976
0.282542	0.491375
0.282542	0.463990
0.282542	0.467450
0.482799	0.461450
0.482799	0.463789
0.482799	0.480886
0.482799	0.491738
0.296930	0.454681
0.296930	0.465525
0.296930	0.446004
0.296930	0.464801
0.296930	0.482807
0.296930	0.456793
0.296930	0.459552
0.296930	0.474235
0.296930	0.464995
0.296930	0.475344
0.296930	0.456984
0.278752	0.467639
0.278752	0.456248
0.278752	0.454912
0.278752	0.453205
0.278752	0.458208
0.278752	0.479152
0.278752	0.467355
0.122808	0.460696
0.122808	0.468806
0.122808	0.477152
0.122808	0.474249
0.122808	0.477620
0.122808	0.474969
0.122808	0.479636
0.122808	0.484644
0.122808	0.485760
0.122808	0.479228
0.122808	0.489190
0.122808	0.482564
0.279643	0.470578
0.279643	0.470975
0.279643	0.468784
0.279643	0.471682
0.279643	0.472775
0.279643	0.472371
0.279643	0.478917
0.279643	0.479186
0.279643	0.465022
0.279643	0.464095
0.244984	0.465223
0.244984	0.463867
0.244984	0.472422
0.244984	0.466210
0.244984	0.460944
0.244984	0.468613
0.244984	0.463973
0.355213	0.498186
0.355213	0.497034
0.355213	0.496766
0.355213	0.496512
0.355213	0.498240
0.355213	0.501630
0.355213	0.500544
0.355213	0.474195
0.355213	0.476427
0.249465	0.472181
0.249465	0.476041
0.249465	0.480074
0.249465	0.478721
0.249465	0.461859
0.249465	0.460844
0.249465	0.461547
0.249465	0.459522
0.249465	0.478707
0.249465	0.476700
0.249465	0.459906
0.231862	0.475818
0.231862	0.459467
0.231862	0.461442
0.231862	0.460156
0.231862	0.463506
0.231862	0.462758
0.231862	0.460331
0.231862	0.461220
0.313024	0.461280
0.313024	0.462953
0.313024	0.460467
0.313024	0.460436
0.313024	0.460769
0.313024	0.463749
0.313024	0.460245
0.254554	0.458619
0.254554	0.459900
0.254554	0.460128
0.254554	0.472255
0.254554	0.473026
0.254554	0.455920
0.254554	0.454027
0.437659	0.457861
0.437659	0.457721
0.437659	0.453212
0.437659	0.452768
0.437659	0.453191
0.437659	0.455074
0.437659	0.458209
0.437659	0.458610
0.437659	0.458906
0.425304	0.459016
0.425304	0.458299
0.425304	0.458759
0.425304	0.456932
0.425304	0.459037
0.425304	0.457572
0.425304	0.457357
0.341080	0.457645
0.341080	0.460281
0.341080	0.462837
0.341080	0.460474
0.341080	0.476848
0.341080	0.458321
0.341080	0.458001
0.341080	0.459170
0.341080	0.458875
0.352284	0.458656
0.352284	0.458267
0.352284	0.460806
0.352284	0.478994
0.385948	0.490321
0.385948	0.460228
0.385948	0.461366
0.385948	0.460230
0.385948	0.460830
0.385948	0.467736
0.385948	0.461565
0.385948	0.460583
0.385948	0.460898
0.154530	0.462733
0.154530	0.462834
0.154530	0.461723
0.154530	0.461480
0.154530	0.465372
0.154530	0.473071
0.154530	0.464850
0.154530	0.465830
0.425235	0.466570
0.425235	0.466914
0.425235	0.466875
0.425235	0.466232
0.425235	0.471305
0.425235	0.470779
0.425235	0.506136
0.425235	0.507199
0.257085	0.505579
0.257085	0.506965
0.257085	0.506616
0.257085	0.508970
0.257085	0.508166
0.257085	0.495588
0.257085	0.496053
0.184393	0.493908
0.184393	0.496735
0.184393	0.499028
0.184393	0.497305
0.184393	0.500369
0.184393	0.472761
0.184393	0.472865
0.337062	0.470534
0.337062	0.471401
0.337062	0.474394
0.337062	0.476321
0.193235	0.473796
0.193235	0.470516
0.193235	0.474005
0.193235	0.477799
0.193235	0.476331
0.193235	0.474107
0.193235	0.476151
0.193235	0.476728
0.193235	0.477021
0.309517	0.493934
0.309517	0.479903
0.309517	0.471271
0.309517	0.474588
0.309517	0.472062
0.309517	0.467392
0.309517	0.495466
0.309517	0.496697
0.309517	0.491888
0.150029	0.490446
0.150029	0.499050
0.150029	0.490484
0.150029	0.487802
0.150029	0.488092
0.150029	0.483640
0.150029	0.487340
0.150029	0.488838
0.227590	0.488182
0.227590	0.460970
0.227590	0.461008
0.227590	0.461545
0.227590	0.456349
0.227590	0.464114
0.227590	0.458532
0.253118	0.476696
0.253118	0.456760
0.253118	0.458844
0.253118	0.464959
0.253118	0.480055
0.253118	0.477274
0.253118	0.476554
0.364556	0.473893
0.364556	0.476715
0.364556	0.480285
0.364556	0.484708
0.364556	0.487569
0.364556	0.463190
0.364556	0.466659
0.364556	0.462355
0.364556	0.465354
0.364556	0.478127
0.364556	0.484960
0.392879	0.479912
0.392879	0.459968
0.392879	0.459640
0.392879	0.462050
0.392879	0.461362
0.392879	0.457410
0.392879	0.457485
0.392879	0.456508
0.392879	0.480664
0.405817	0.480771
0.405817	0.474067
0.405817	0.475447
0.405817	0.473344
0.405817	0.475831
0.405817	0.479444
0.405817	0.477702
0.405817	0.485751
0.312267	0.489323
0.312267	0.489686
0.312267	0.485309
0.312267	0.489884
0.312267	0.492229
0.312267	0.488575
0.312267	0.492995
0.312267	0.462401
0.378484	0.459476
0.378484	0.462016
0.378484	0.459683
0.378484	0.453797
0.378484	0.456415
0.378484	0.466530
0.378484	0.458370
0.378484	0.454359
0.378484	0.493059
0.406431	0.468959
0.406431	0.460694
0.406431	0.461246
0.406431	0.462229
0.406431	0.462088
0.406431	0.462506
0.406431	0.468844
0.406431	0.474843
0.406431	0.465908
0.352387	0.489703
0.352387	0.490269
0.352387	0.486734
0.352387	0.490691
0.352387	0.492841
0.352387	0.496687
0.352387	0.496808
0.352387	0.462596
0.352387	0.461528
0.395215	0.461412
0.395215	0.460383
0.395215	0.460395
0.395215	0.460967
0.395215	0.485811
0.395215	0.472462
0.395215	0.460777
0.285381	0.461520
0.285381	0.460191
0.285381	0.460406
0.285381	0.469680
0.285381	0.468709
0.285381	0.462801
0.285381	0.461679
0.718423	0.463565
0.718423	0.462330
0.718423	0.459372
0.718423	0.463099
0.718423	0.460987
0.718423	0.461165
0.718423	0.462039
0.718423	0.462038
0.718423	0.460954
0.718423	0.460397
0.718423	0.463941
0.492675	0.465576
0.492675	0.469165
0.492675	0.472408
0.492675	0.461409
0.492675	0.458248
0.492675	0.461497
0.492675	0.460125
0.492675	0.457123
0.492675	0.456414
0.333193	0.456313
0.333193	0.461571
0.333193	0.488179
0.333193	0.459852
0.333193	0.458083
0.333193	0.459724
0.333193	0.458174
0.333193	0.458265
0.333193	0.458446
0.333193	0.458257
0.333193	0.466993
0.228906	0.466529
0.228906	0.459924
0.228906	0.459914
0.228906	0.460093
0.228906	0.459178
0.228906	0.459774
0.228906	0.460489
0.228906	0.460624
0.227213	0.460131
0.227213	0.459513
0.227213	0.459144
0.227213	0.458486
0.227213	0.458239
0.227213	0.460738
0.227213	0.459890
0.369017	0.460833
0.369017	0.460877
0.369017	0.464510
0.369017	0.481973
0.369017	0.483667
0.369017	0.458917
0.369017	0.454421
0.369017	0.456980
0.369017	0.452596
0.405779	0.460803
0.405779	0.477459
0.405779	0.458692
0.405779	0.457193
0.405779	0.457994
0.405779	0.471149
0.405779	0.458251
0.405779	0.456964
0.405779	0.456420
0.405779	0.458140
0.405779	0.457787
0.405779	0.457609
0.478707	0.458608
0.478707	0.458085
0.478707	0.461313
0.478707	0.480611
0.478707	0.471847
0.478707	0.467436
0.478707	0.468038
0.478707	0.465013
0.478707	0.468996
0.478707	0.470808
0.278919	0.476805
0.278919	0.477721
0.278919	0.459655
0.278919	0.457539
0.278919	0.460336
0.278919	0.457710
0.278919	0.458116
0.278919	0.458934
0.278919	0.456053
0.523003	0.457414
0.523003	0.490821
0.523003	0.468952
0.523003	0.460752
0.523003	0.457878
0.523003	0.462705
0.523003	0.462317
0.523003	0.462596
0.406800	0.463155
0.406800	0.464066
0.406800	0.470764
0.406800	0.462922
0.406800	0.462621
0.406800	0.468251
0.406800	0.466556
0.366411	0.463579
0.366411	0.460603
0.366411	0.464703
0.366411	0.465034
0.366411	0.460577
0.142148	0.459465
0.142148	0.462141
0.142148	0.462615
0.142148	0.461485
0.142148	0.474499
0.142148	0.460611
0.142148	0.491956
0.187923	0.493204
0.187923	0.489941
0.187923	0.488235
0.187923	0.493045
0.187923	0.495133
0.187923	0.512870
0.187923	0.511581
0.187923	0.511215
0.325719	0.512604
0.325719	0.512283
0.325719	0.509554
0.325719	0.514378
0.325719	0.475531
0.325719	0.480675
0.325719	0.476029
0.325719	0.475502
0.237112	0.509561
0.237112	0.509491
0.237112	0.507724
0.237112	0.509938
0.249695	0.511602
0.249695	0.510188
0.249695	0.513425
0.249695	0.475067
0.249695	0.473393
0.249695	0.472128
0.249695	0.471857
0.249695	0.474748
0.249695	0.472633
0.249695	0.470779
0.249695	0.470305
0.249695	0.469785
0.308958	0.471210
0.308958	0.518900
0.308958	0.517712
0.308958	0.516449
0.308958	0.518301
0.308958	0.518648
0.308958	0.516872
0.308958	0.518316
0.308958	0.471016
0.308958	0.470008
0.308958	0.469854
0.308958	0.468888
0.119332	0.471543
0.119332	0.471424
0.119332	0.470906
0.119332	0.471636
0.119332	0.495762
0.119332	0.494630
0.065003	0.490473
0.065003	0.493134
0.065003	0.497954
0.065003	0.501109
0.065003	0.503817
0.065003	0.500990
0.065003	0.472447
0.065003	0.470848
0.065003	0.470809
0.221118	0.469790
0.221118	0.473043
0.221118	0.477127
0.221118	0.480633
0.221118	0.479770
0.221118	0.476420
0.221118	0.478540
0.221118	0.482400
0.221118	0.482691
0.150902	0.488356
0.150902	0.483121
0.150902	0.508032
0.150902	0.507458
0.150902	0.505002
0.053775	0.507203
0.053775	0.508116
0.053775	0.509383
0.053775	0.510644
0.053775	0.469495
0.053775	0.467522
0.053775	0.467544
0.053775	0.466020
0.053775	0.464473
0.081443	0.492699
0.081443	0.492657
0.081443	0.491885
0.081443	0.487344
0.081443	0.488909
0.140987	0.492755
0.140987	0.494301
0.140987	0.466640
0.140987	0.467339
0.166630	0.466253
0.166630	0.464309
0.166630	0.468705
0.166630	0.475319
0.166630	0.468425
0.166630	0.467039
0.166630	0.462735
0.166630	0.461468
0.181140	0.463537
0.181140	0.462136
0.181140	0.459089
0.181140	0.462544
0.181140	0.461624
0.181140	0.463121
0.181140	0.462208
0.212457	0.458623
0.212457	0.459334
0.212457	0.458520
0.212457	0.457447
0.212457	0.463653
0.212457	0.463643
0.212457	0.465890
0.212457	0.464708
0.212457	0.459035
0.148577	0.507838
0.148577	0.508371
0.148577	0.506562
0.148577	0.508202
0.148577	0.508268
0.148577	0.508195
0.148577	0.510399
0.148577	0.509438
0.148577	0.511073
0.148577	0.510371
0.148577	0.510468
0.148577	0.511163
0.088193	0.507999
0.088193	0.507951
0.088193	0.506289
0.088193	0.509003
0.088193	0.507145
0.254300	0.505725
0.254300	0.505730
0.254300	0.506236
0.254300	0.504081
0.254300	0.506744
0.254300	0.506962
0.254300	0.506586
0.254300	0.472897
0.254300	0.473146
0.238489	0.471474
0.238489	0.472878
0.238489	0.476309
0.238489	0.477002
0.238489	0.473507
0.238489	0.474382
0.238489	0.472257
0.200554	0.486848
0.200554	0.486324
0.200554	0.483628
0.200554	0.487461
0.200554	0.488248
0.200554	0.489039
0.200554	0.491918
0.200554	0.489768
0.315526	0.474151
0.315526	0.477743
0.315526	0.474064
0.315526	0.473367
0.183375	0.489098
0.183375	0.490689
0.183375	0.485811
0.183375	0.488238
0.183375	0.492054
0.183375	0.492747
0.183375	0.495179
0.147579	0.497080
0.147579	0.510804
0.147579	0.509890
0.147579	0.505207
0.147579	0.511622
0.147579	0.513727
0.147579	0.507622
0.147579	0.507873
0.147579	0.510759
0.187722	0.506756
0.187722	0.507286
0.187722	0.494131
0.187722	0.494979
0.187722	0.490944
0.187722	0.494341
0.187722	0.499689
0.286622	0.503337
0.286622	0.535108
0.286622	0.533194
0.286622	0.531238
0.286622	0.535783
0.286622	0.536378
0.286622	0.531923
0.132176	0.536424
0.132176	0.532599
0.132176	0.536351
0.132176	0.532011
0.132176	0.534828
0.175257	0.537417
0.175257	0.535994
0.175257	0.535349
0.175257	0.498298
0.175257	0.501236
0.175257	0.497337
0.175257	0.500616
0.175257	0.506710
0.175257	0.502940
0.133351	0.501943
0.133351	0.502231
0.133351	0.534337
0.133351	0.534613
0.133351	0.532780
0.133351	0.535397
0.133351	0.536044
0.160311	0.539297
0.160311	0.539990
0.160311	0.484339
0.160311	0.483574
0.160311	0.479137
0.160311	0.480590
0.160311	0.492687
0.160311	0.499062
0.160311	0.506285
0.160311	0.495405
0.160311	0.496853
0.155982	0.490943
0.155982	0.492345
0.155982	0.488157
0.155982	0.488695
0.155982	0.500283
0.169979	0.476854
0.169979	0.482084
0.169979	0.474112
0.169979	0.475275
0.169979	0.480305
0.169979	0.479892
0.169979	0.476122
0.169979	0.479833
0.173272	0.481304
0.173272	0.483893
0.173272	0.487320
0.173272	0.486390
0.173272	0.478898
0.173272	0.478071
0.173272	0.475482
0.173272	0.478988
0.179619	0.480571
0.179619	0.482582
0.179619	0.486207
0.179619	0.486823
0.179619	0.509898
0.179619	0.509017
0.179619	0.507011
0.179619	0.509241
0.179619	0.511018
0.138368	0.511742
0.138368	0.512815
0.138368	0.494132
0.138368	0.494066
0.138368	0.492610
0.138368	0.489068
0.138368	0.490709
0.138368	0.493031
0.138368	0.494209
0.230042	0.465624
0.230042	0.466007
0.230042	0.465044
0.230042	0.466634
0.230042	0.464545
0.230042	0.464860
0.230042	0.464952
0.230042	0.467378
0.271888	0.468081
0.271888	0.464775
0.271888	0.462981
0.271888	0.463537
0.271888	0.463253
0.271888	0.461061
0.271888	0.465234
0.271888	0.472094
0.192205	0.466378
0.192205	0.465309
0.192205	0.465636
0.192205	0.464991
