Ground Truth	Predictions
0.278273	0.580950
0.278273	0.461110
0.278273	0.444862
0.278273	0.422682
0.278273	0.481134
0.278273	0.444788
0.278273	0.460781
0.278273	0.441370
0.278273	0.459106
0.101654	0.446543
0.101654	0.441996
0.101654	0.466598
0.101654	0.434809
0.057140	0.440914
0.057140	0.446610
0.057140	0.439217
0.057140	0.441732
0.057140	0.436342
0.057140	0.453962
0.057140	0.444328
0.057140	0.449300
0.057140	0.452225
0.057140	0.420125
0.057140	0.486524
0.064848	0.488473
0.064848	0.473677
0.064848	0.469670
0.064848	0.493187
0.064848	0.482225
0.064848	0.479959
0.064848	0.384032
0.064848	0.418777
0.038747	0.408290
0.038747	0.329286
0.038747	0.338234
0.038747	0.353266
0.038747	0.338852
0.038747	0.521933
0.038747	0.375865
0.045865	0.353614
0.045865	0.403576
0.045865	0.392624
0.045865	0.352912
0.045865	0.371135
0.045865	0.462156
0.045865	0.480304
0.045865	0.419512
0.071137	0.419250
0.071137	0.434135
0.071137	0.445162
0.071137	0.443894
0.071137	0.438377
0.071137	0.445999
0.071137	0.450746
0.071137	0.380477
0.071137	0.424064
0.071137	0.365902
0.071137	0.357990
0.071137	0.348495
0.054837	0.384286
0.054837	0.433858
0.054837	0.368444
0.054837	0.439893
0.054837	0.360466
0.054837	0.364511
0.089016	0.435280
0.089016	0.368221
0.089016	0.344309
0.089016	0.350933
0.089016	0.345478
0.089016	0.333012
0.089964	0.329129
0.089964	0.325511
0.089964	0.324093
0.089964	0.326068
0.089964	0.350405
0.335312	0.473597
0.335312	0.369644
0.335312	0.373888
0.335312	0.389921
0.335312	0.383867
0.335312	0.378275
0.335312	0.416003
0.042474	0.435497
0.042474	0.454099
0.042474	0.353739
0.042474	0.345970
0.042474	0.331846
0.042474	0.353930
0.042474	0.328247
0.042474	0.340180
0.179649	0.361339
0.179649	0.475456
0.179649	0.349860
0.179649	0.343874
0.179649	0.356833
0.179649	0.356867
0.179649	0.345999
0.092682	0.495872
0.092682	0.490782
0.092682	0.519423
0.092682	0.519437
0.092682	0.516933
0.092682	0.534697
0.092682	0.492161
0.092682	0.522461
0.072127	0.517917
0.072127	0.517478
0.072127	0.504851
0.072127	0.458116
0.072127	0.461333
0.072127	0.468476
0.155046	0.478622
0.155046	0.493143
0.155046	0.494144
0.155046	0.494644
0.155046	0.505034
0.155046	0.389980
0.155046	0.372264
0.155046	0.366725
0.155046	0.349772
0.066938	0.348512
0.066938	0.340004
0.066938	0.340559
0.066938	0.329717
0.066938	0.373777
0.066938	0.356849
0.066938	0.468736
0.066938	0.484207
0.058510	0.493237
0.058510	0.494233
0.058510	0.513400
0.058510	0.505134
0.058510	0.490364
0.101665	0.481892
0.101665	0.462535
0.101665	0.328873
0.101665	0.337639
0.101665	0.328738
0.228007	0.349042
0.228007	0.317796
0.228007	0.379367
0.228007	0.431156
0.228007	0.322221
0.228007	0.341205
0.228007	0.340900
0.228007	0.334924
0.228007	0.318790
0.156267	0.327846
0.156267	0.329842
0.156267	0.353633
0.156267	0.359636
0.156267	0.422465
0.156267	0.436617
0.156267	0.538059
0.043715	0.481803
0.043715	0.491263
0.043715	0.507282
0.043715	0.496694
0.043715	0.495748
0.043715	0.498188
0.043715	0.525425
0.043715	0.498686
0.043715	0.499896
0.043715	0.388549
0.043715	0.435886
0.117544	0.495031
0.117544	0.405106
0.117544	0.451755
0.117544	0.479938
0.117544	0.405688
0.117544	0.420796
0.117544	0.443409
0.117544	0.482886
0.117544	0.392373
0.221647	0.350243
0.221647	0.526420
0.221647	0.385587
0.221647	0.499820
0.221647	0.500137
0.221647	0.500929
0.221647	0.479033
0.221647	0.497531
0.221647	0.495121
0.142710	0.485702
0.142710	0.467002
0.142710	0.466789
0.142710	0.507429
0.142710	0.507767
0.142710	0.578003
0.142710	0.527250
0.142710	0.518755
0.142710	0.513740
0.140570	0.517078
0.140570	0.527569
0.140570	0.710943
0.140570	0.467211
0.140570	0.465807
0.140570	0.460574
0.140570	0.450807
0.140570	0.464452
0.140570	0.528407
0.140570	0.529754
0.140570	0.525474
0.140570	0.527805
0.247664	0.523877
0.247664	0.528881
0.247664	0.526806
0.247664	0.522560
0.247664	0.512827
0.247664	0.508686
0.247664	0.476512
0.247664	0.425301
0.098422	0.404660
0.098422	0.517436
0.098422	0.392103
0.098422	0.537793
0.098422	0.511519
0.098422	0.404582
0.098422	0.340689
0.114831	0.380678
0.114831	0.368872
0.114831	0.389756
0.114831	0.477275
0.114831	0.365991
0.114831	0.432949
0.114831	0.456731
0.114831	0.455662
0.114831	0.451034
0.110880	0.405474
0.110880	0.486580
0.110880	0.495758
0.110880	0.421733
0.110880	0.484069
0.110880	0.440217
0.110880	0.504494
0.037922	0.544349
0.037922	0.395888
0.037922	0.389191
0.037922	0.379772
0.037922	0.382657
0.037922	0.360251
0.074609	0.359809
0.074609	0.431829
0.074609	0.475394
0.074609	0.419206
0.074609	0.484143
0.074609	0.519060
0.074609	0.530681
0.074609	0.526939
0.074609	0.529100
0.074609	0.580052
0.074609	0.502046
0.199781	0.522331
0.199781	0.514088
0.199781	0.512766
0.199781	0.520348
0.199781	0.533527
0.199781	0.515564
0.199781	0.514805
0.199781	0.442861
0.218870	0.453627
0.218870	0.462044
0.218870	0.453557
0.218870	0.442913
0.218870	0.464570
0.218870	0.458191
0.218870	0.466158
0.218870	0.445228
0.218870	0.396839
0.218870	0.334155
0.218870	0.326496
0.122795	0.332677
0.122795	0.321517
0.122795	0.325008
0.122795	0.323077
0.122795	0.327732
0.122795	0.466723
0.122795	0.430919
0.122795	0.508878
0.369615	0.453079
0.369615	0.490382
0.369615	0.433913
0.369615	0.471197
0.296858	0.542350
0.296858	0.527955
0.296858	0.443146
0.296858	0.458348
0.296858	0.446634
0.296858	0.438778
0.472853	0.471554
0.472853	0.471113
0.472853	0.452775
0.472853	0.460498
0.280317	0.396334
0.280317	0.373431
0.280317	0.436648
0.280317	0.380286
0.280317	0.400400
0.280317	0.416471
0.058040	0.426792
0.058040	0.382133
0.058040	0.461230
0.058040	0.343646
0.058040	0.337797
0.058040	0.335777
0.058040	0.334799
0.202071	0.331298
0.202071	0.329752
0.202071	0.332562
0.202071	0.363602
0.202071	0.330537
0.202071	0.327960
0.202071	0.378361
0.202071	0.366134
0.202071	0.366890
0.202071	0.335211
0.202071	0.434753
0.054495	0.354514
0.054495	0.340701
0.054495	0.343639
0.054495	0.353060
0.054495	0.359224
0.099748	0.441097
0.099748	0.440734
0.099748	0.331506
0.099748	0.348002
0.099748	0.326425
0.099748	0.345851
0.099748	0.385788
0.099748	0.322529
0.099748	0.321797
0.054179	0.337486
0.054179	0.345270
0.054179	0.368676
0.054179	0.321258
0.054179	0.327792
0.054179	0.357701
0.054179	0.342425
0.054179	0.397756
0.118241	0.431561
0.118241	0.439566
0.118241	0.451269
0.118241	0.454657
0.118241	0.446728
0.118241	0.447769
0.118241	0.428162
0.118241	0.401426
0.118241	0.436355
0.053985	0.456797
0.053985	0.452842
0.053985	0.457408
0.053985	0.453270
0.053985	0.449497
0.043382	0.456430
0.043382	0.420894
0.043382	0.395578
0.043382	0.430739
0.043382	0.450552
0.043382	0.424502
0.043382	0.454402
0.043382	0.441068
0.043382	0.430720
0.064443	0.418878
0.064443	0.446712
0.064443	0.447171
0.064443	0.388917
0.064443	0.403291
0.064443	0.407763
0.064443	0.407977
0.064443	0.349415
0.064443	0.377535
0.049554	0.368387
0.049554	0.435487
0.049554	0.343926
0.049554	0.442890
0.049554	0.349955
0.049554	0.374779
0.049554	0.416391
0.049554	0.416968
0.038079	0.416039
0.038079	0.448152
0.038079	0.432149
0.038079	0.403813
0.038079	0.442197
0.038079	0.412342
0.038079	0.429408
0.038079	0.400131
0.075435	0.451659
0.075435	0.419462
0.075435	0.440795
0.075435	0.459347
0.075435	0.451644
0.075435	0.461154
0.075435	0.494568
0.054989	0.429883
0.054989	0.430433
0.054989	0.430603
0.054989	0.453535
0.054989	0.461930
0.054989	0.471597
0.054989	0.408209
0.054989	0.442105
0.054989	0.386718
0.048195	0.381451
0.048195	0.480569
0.048195	0.452837
0.048195	0.478362
0.048195	0.353525
0.035092	0.425819
0.035092	0.507898
0.035092	0.410302
0.035092	0.454985
0.035092	0.470197
0.035092	0.494428
0.035092	0.483193
0.035092	0.504728
0.079450	0.519899
0.079450	0.366104
0.079450	0.372856
0.079450	0.387356
0.079450	0.382798
0.079450	0.355265
0.079450	0.521262
0.066487	0.392983
0.066487	0.397791
0.066487	0.386589
0.066487	0.436681
0.066487	0.398529
0.066487	0.398704
0.066487	0.544385
0.066487	0.534542
0.066487	0.541640
0.066487	0.539212
0.066487	0.554989
0.066487	0.569457
0.066487	0.558572
0.066487	0.603431
0.075533	0.492578
0.075533	0.534087
0.075533	0.535576
0.075533	0.529705
0.075533	0.529502
0.075533	0.529043
0.075533	0.532167
0.075533	0.524358
0.075533	0.540222
0.075533	0.530034
0.075533	0.456230
0.075533	0.478945
0.101441	0.458260
0.101441	0.468158
0.101441	0.459647
0.101441	0.453243
0.233095	0.391619
0.233095	0.382786
0.233095	0.441640
0.233095	0.512314
0.418282	0.394366
0.418282	0.613960
0.418282	0.399473
0.418282	0.500615
0.418282	0.527467
0.418282	0.519493
0.418282	0.594737
0.199959	0.619932
0.199959	0.494595
0.199959	0.517514
0.199959	0.522401
0.199959	0.538612
0.199959	0.576717
0.199959	0.510365
0.199959	0.500937
0.512504	0.520918
0.512504	0.524403
0.512504	0.528924
0.512504	0.527281
0.512504	0.531617
0.512504	0.533268
0.512504	0.527526
0.512504	0.518635
0.335651	0.524869
0.335651	0.529454
0.335651	0.431112
0.335651	0.528055
0.335651	0.529110
0.335651	0.530511
0.335651	0.530421
0.072867	0.525681
0.072867	0.526808
0.072867	0.522043
0.072867	0.504607
0.072867	0.379281
0.072867	0.507160
0.072867	0.439599
0.072867	0.460553
0.072867	0.482076
0.267550	0.386590
0.267550	0.449725
0.267550	0.461502
0.267550	0.470937
0.267550	0.472819
0.267550	0.530901
0.507292	0.513670
0.507292	0.513436
0.507292	0.658742
0.507292	0.638650
0.507292	0.517218
0.507292	0.425825
0.507292	0.476393
0.507292	0.523830
0.507292	0.520210
0.046472	0.407551
0.046472	0.391126
0.046472	0.510549
0.046472	0.484706
0.046472	0.470166
0.047599	0.485649
0.047599	0.480333
0.047599	0.491811
0.047599	0.506613
0.288962	0.501385
0.288962	0.523506
0.288962	0.501834
0.288962	0.523835
0.288962	0.523282
0.288962	0.532198
0.288962	0.526973
0.288962	0.524396
0.288962	0.391728
0.193577	0.508150
0.193577	0.505576
0.193577	0.509618
0.193577	0.513033
0.193577	0.516246
0.193577	0.521950
0.193577	0.481598
0.193577	0.471341
0.039876	0.446450
0.039876	0.395278
0.039876	0.431587
0.039876	0.430455
0.040090	0.363190
0.040090	0.457901
0.040090	0.479322
0.040090	0.361583
0.040090	0.362997
0.040090	0.356921
0.040090	0.355698
0.040090	0.342698
0.061169	0.451527
0.061169	0.337949
0.061169	0.383041
0.061169	0.348744
0.061169	0.386756
0.061169	0.381100
0.061169	0.375309
0.061169	0.414170
0.043394	0.438075
0.043394	0.371860
0.043394	0.422694
0.043394	0.421715
0.043394	0.370904
0.043394	0.457795
0.043394	0.377639
0.043394	0.404751
0.043394	0.355373
0.038442	0.347442
0.038442	0.362582
0.038442	0.388402
0.038442	0.354202
0.038442	0.358516
0.050847	0.358904
0.050847	0.438968
0.050847	0.377798
0.050847	0.356589
0.050847	0.395034
0.050847	0.416998
0.050847	0.382264
0.050847	0.387559
0.050847	0.370494
0.050847	0.404069
0.050847	0.522256
0.050847	0.499429
0.083213	0.523709
0.083213	0.525913
0.083213	0.459939
0.083213	0.537900
0.083213	0.578221
0.083213	0.547732
0.083213	0.423525
0.083213	0.371197
0.083213	0.388746
0.083213	0.394293
0.083213	0.369960
0.057529	0.403467
0.057529	0.508535
0.057529	0.414384
0.057529	0.381889
0.057529	0.443392
0.057529	0.556657
0.066451	0.424598
0.066451	0.379778
0.066451	0.398470
0.066451	0.408187
0.066451	0.544236
0.066451	0.571993
0.066451	0.560173
0.056678	0.555467
0.056678	0.524313
0.056678	0.558984
0.056678	0.605338
0.056678	0.572938
0.056678	0.547920
0.056678	0.490146
0.056678	0.455271
0.051427	0.405943
0.051427	0.537036
0.051427	0.435227
0.051427	0.464364
0.051427	0.460106
0.051427	0.522016
0.051427	0.580059
0.051427	0.568982
0.088331	0.493664
0.088331	0.499928
0.088331	0.499254
0.088331	0.500905
0.088331	0.562892
0.088331	0.602538
0.088331	0.640394
0.088331	0.560908
0.059092	0.548696
0.059092	0.547980
0.059092	0.577598
0.059092	0.491485
0.059092	0.540151
0.059092	0.617395
0.059092	0.529810
0.059092	0.391945
0.059092	0.407356
0.184726	0.435907
0.184726	0.514357
0.184726	0.404755
0.184726	0.479552
0.184726	0.442324
0.184726	0.441955
0.184726	0.442451
0.184726	0.494298
0.346478	0.451293
0.346478	0.419746
0.346478	0.453348
0.346478	0.459282
0.346478	0.563686
0.346478	0.437068
0.346478	0.601054
0.346478	0.588916
0.158472	0.586798
0.158472	0.605415
0.158472	0.601253
0.158472	0.633223
0.158472	0.603538
0.158472	0.604643
0.158472	0.603740
0.138054	0.603439
0.138054	0.553655
0.138054	0.599811
0.138054	0.606152
0.138054	0.607696
0.138054	0.609343
0.138054	0.624449
0.138054	0.620100
0.138054	0.616884
0.231152	0.609205
0.231152	0.618997
0.231152	0.614700
0.231152	0.613418
0.231152	0.620711
0.231152	0.547427
0.231152	0.583568
0.231152	0.549717
0.231152	0.541755
0.231152	0.561151
0.231152	0.582745
0.068421	0.631786
0.068421	0.556592
0.068421	0.615469
0.068421	0.573812
0.068421	0.619718
0.068421	0.541306
0.068421	0.513231
0.068421	0.480675
0.068421	0.542906
0.093559	0.581097
0.093559	0.517802
0.093559	0.563849
0.093559	0.526343
0.093559	0.461852
0.093559	0.475901
0.093559	0.497243
0.093559	0.495659
0.281625	0.500885
0.281625	0.504277
0.281625	0.503265
0.281625	0.611766
0.281625	0.574568
0.281625	0.672310
0.281625	0.385617
0.224592	0.376817
0.224592	0.372220
0.224592	0.371960
0.224592	0.375530
0.224592	0.364012
0.424661	0.369355
0.424661	0.406756
0.424661	0.385426
0.424661	0.416633
0.424661	0.420139
0.424661	0.397787
0.424661	0.353035
0.424661	0.346168
0.424661	0.353644
0.064380	0.355693
0.064380	0.346074
0.064380	0.347155
0.064380	0.345502
0.064380	0.373960
0.064380	0.367505
0.064380	0.378141
0.161864	0.379708
0.161864	0.393372
0.161864	0.450125
0.161864	0.360616
0.161864	0.352869
0.161864	0.359851
0.161864	0.369669
0.161864	0.355289
0.161864	0.356565
0.096305	0.382465
0.096305	0.393206
0.096305	0.374458
0.096305	0.359067
0.092516	0.394799
0.092516	0.369391
0.092516	0.383753
0.092516	0.364408
0.092516	0.426574
0.092516	0.396360
0.092516	0.348624
0.092516	0.412856
0.037971	0.362816
0.037971	0.442057
0.037971	0.386721
0.037971	0.507162
0.037971	0.454236
0.037971	0.388643
0.037971	0.361571
0.037971	0.444901
0.045971	0.457264
0.045971	0.408004
0.045971	0.362892
0.045971	0.400264
0.045971	0.417443
0.045971	0.457340
0.077244	0.482531
0.077244	0.474389
0.077244	0.484630
0.077244	0.523124
0.077244	0.516156
0.077244	0.523174
0.086974	0.527915
0.086974	0.537989
0.086974	0.522890
0.086974	0.522632
0.086974	0.422078
0.082847	0.547427
0.082847	0.531429
0.082847	0.553010
0.082847	0.566831
0.082847	0.547354
0.082847	0.517409
0.082847	0.504223
0.167428	0.550001
0.167428	0.476907
0.167428	0.566375
0.167428	0.584478
0.167428	0.578243
0.167428	0.572866
0.167428	0.579836
0.167428	0.550436
0.167428	0.554887
0.167428	0.495837
0.167428	0.436568
0.167428	0.521144
0.224228	0.379394
0.224228	0.459037
0.224228	0.528744
0.224228	0.481115
0.224228	0.436708
0.224228	0.355209
0.224228	0.491981
0.224228	0.427775
0.242003	0.433183
0.242003	0.431657
0.242003	0.435142
0.242003	0.439896
0.270174	0.443041
0.270174	0.443928
0.270174	0.445125
0.270174	0.445132
0.270174	0.343899
0.270174	0.336482
0.270174	0.351916
0.270174	0.339570
0.104811	0.341735
0.104811	0.354767
0.104811	0.345126
0.104811	0.390384
0.104811	0.351914
0.104811	0.374230
0.104811	0.325223
0.104811	0.364063
0.034321	0.345015
0.034321	0.370351
0.034321	0.382744
0.034321	0.306370
0.042089	0.302665
0.042089	0.309501
0.042089	0.318858
0.042089	0.305655
0.042089	0.315596
0.042089	0.324508
0.042089	0.316662
0.042089	0.320287
0.042089	0.321407
0.042089	0.324102
0.042089	0.325921
0.052794	0.359928
0.052794	0.346065
0.052794	0.348770
0.052794	0.328940
0.052794	0.348630
0.042283	0.344112
0.042283	0.336986
0.042283	0.345098
0.042283	0.339039
0.042283	0.349699
0.042283	0.418185
0.042283	0.394870
0.085356	0.383126
0.085356	0.453562
0.085356	0.352297
0.085356	0.335642
0.085356	0.368598
0.085356	0.365190
0.085356	0.401650
0.085356	0.392454
0.054308	0.368909
0.054308	0.375572
0.054308	0.402932
0.054308	0.499205
0.054308	0.372319
0.054308	0.361011
0.054308	0.392987
0.165958	0.464658
0.165958	0.411119
0.165958	0.497304
0.165958	0.370856
0.165958	0.557264
0.165958	0.462857
0.165958	0.627047
0.165958	0.638250
0.165958	0.647022
0.184295	0.630747
0.184295	0.617057
0.184295	0.630963
0.184295	0.589253
0.184295	0.630335
0.184295	0.635961
0.184295	0.393878
0.184295	0.418852
0.184295	0.400327
0.184295	0.440239
0.184295	0.424277
0.078150	0.413418
0.078150	0.426413
0.078150	0.423896
0.078150	0.413010
0.078150	0.439341
0.078150	0.429303
0.078150	0.442939
0.078150	0.439332
0.138715	0.382064
0.138715	0.356884
0.138715	0.380676
0.138715	0.413551
0.138715	0.438399
0.138715	0.436187
0.138715	0.352717
0.138715	0.407696
0.138715	0.354926
0.203030	0.333426
0.203030	0.359972
0.203030	0.358839
0.203030	0.337047
0.203030	0.360683
0.203030	0.380456
0.203030	0.356241
0.203030	0.386580
0.203030	0.349732
0.165225	0.360856
0.165225	0.438326
0.165225	0.340701
0.165225	0.316939
0.165225	0.358454
0.165225	0.373266
0.165225	0.378190
0.165225	0.442071
0.200191	0.407299
0.200191	0.424480
0.200191	0.416611
0.200191	0.432862
0.137545	0.404889
0.137545	0.352284
0.137545	0.456832
0.137545	0.449010
0.137545	0.456875
0.137545	0.453275
0.137545	0.453788
0.137545	0.452803
0.095258	0.446177
0.095258	0.454186
0.095258	0.451208
0.095258	0.452746
0.095258	0.465162
0.095258	0.433298
0.095258	0.432031
0.095258	0.434131
0.095258	0.444086
0.082124	0.433803
0.082124	0.447026
0.082124	0.443528
0.082124	0.417080
0.082124	0.444159
0.082124	0.430569
0.082124	0.424326
0.082124	0.438620
0.082124	0.430411
0.092458	0.434111
0.092458	0.443283
0.092458	0.440119
0.092458	0.444160
0.092458	0.447817
0.092458	0.448538
0.092458	0.447820
0.092458	0.445511
0.080390	0.449714
0.080390	0.431331
0.080390	0.435077
0.080390	0.409985
0.080390	0.431565
0.080390	0.432879
0.080390	0.406310
0.184506	0.431054
0.184506	0.429109
0.184506	0.380673
0.184506	0.396883
0.184506	0.364439
0.184506	0.393067
0.184506	0.405185
0.184506	0.435240
0.184506	0.421978
0.200206	0.439569
0.200206	0.436118
0.200206	0.440521
0.200206	0.447945
0.200206	0.449546
0.200206	0.412139
0.057076	0.374245
0.057076	0.422440
0.057076	0.452642
0.057076	0.432025
0.057076	0.445978
0.057076	0.445177
0.057076	0.452509
0.057076	0.451359
0.057076	0.448569
0.057076	0.444792
0.057076	0.446872
0.057076	0.449247
0.057076	0.446908
0.057076	0.441056
0.137330	0.417378
0.137330	0.426368
0.137330	0.445508
0.137330	0.441878
0.137330	0.443609
0.137330	0.444261
0.137330	0.442788
0.137330	0.452117
0.072892	0.449291
0.072892	0.448687
0.072892	0.406164
0.072892	0.387936
0.072892	0.440222
0.072892	0.429428
0.072892	0.434159
0.072892	0.445252
0.081166	0.444252
0.081166	0.444323
0.081166	0.436314
0.081166	0.442111
0.081166	0.438438
0.081166	0.514029
0.081166	0.514274
0.081166	0.530650
0.085256	0.536517
0.085256	0.459508
0.085256	0.450404
0.085256	0.429862
0.085256	0.572951
0.085256	0.623052
0.085256	0.563186
0.107380	0.605217
0.107380	0.621996
0.107380	0.611128
0.107380	0.615221
0.107380	0.619693
0.107380	0.609228
0.107380	0.620537
0.107380	0.446065
0.260251	0.432937
0.260251	0.477026
0.260251	0.585266
0.260251	0.393855
0.260251	0.398655
0.260251	0.439182
0.260251	0.487788
0.265775	0.548886
0.265775	0.521219
0.265775	0.585294
0.265775	0.520382
0.265775	0.559978
0.265775	0.623744
0.265775	0.604814
0.265775	0.616911
0.265775	0.627833
0.095307	0.588748
0.095307	0.583348
0.095307	0.612547
0.095307	0.598598
0.095307	0.620900
0.095307	0.614069
0.095307	0.606731
0.095307	0.568457
0.209463	0.563611
0.209463	0.597150
0.209463	0.539253
0.209463	0.581097
0.209463	0.593933
0.209463	0.594099
0.209463	0.603369
0.209463	0.532118
0.209463	0.600531
0.099797	0.612063
0.099797	0.602050
0.099797	0.594911
0.099797	0.602794
0.104550	0.545713
0.104550	0.598397
0.104550	0.512056
0.104550	0.542307
0.104550	0.489704
0.104550	0.472134
0.104550	0.523740
0.104550	0.537165
0.104550	0.577291
0.055475	0.563056
0.055475	0.388361
0.055475	0.370043
0.055475	0.374802
0.055475	0.373258
0.055475	0.371264
0.055475	0.375015
0.055475	0.467077
0.058238	0.377058
0.058238	0.383299
0.058238	0.375103
0.058238	0.396120
0.058238	0.552005
0.058238	0.442790
0.058238	0.483285
0.058238	0.444922
0.058238	0.485831
0.073829	0.505144
0.073829	0.505662
0.073829	0.600019
0.073829	0.539340
0.073829	0.593988
0.073829	0.584997
0.073829	0.527573
0.073829	0.431682
0.069971	0.388018
0.069971	0.384678
0.069971	0.394279
0.069971	0.391882
0.069971	0.381776
0.207324	0.383227
0.207324	0.417198
0.207324	0.392607
0.207324	0.400707
0.207324	0.410491
0.207324	0.493733
0.207324	0.407014
0.207324	0.452334
0.155324	0.519677
0.155324	0.412286
0.155324	0.403351
0.155324	0.410620
0.155324	0.414101
0.155324	0.409677
0.155324	0.400438
0.312424	0.400777
0.312424	0.398221
0.312424	0.415301
0.312424	0.419980
0.312424	0.423024
0.312424	0.423200
0.312424	0.420234
0.312424	0.422823
0.312424	0.417900
0.347989	0.432733
0.347989	0.430455
0.347989	0.452488
0.347989	0.456178
0.347989	0.422652
0.347989	0.439694
0.232265	0.443389
0.232265	0.524653
0.232265	0.543374
0.232265	0.554683
0.232265	0.580971
0.232265	0.600858
0.504591	0.588466
0.504591	0.545784
0.504591	0.619352
0.504591	0.551068
0.198029	0.500528
0.198029	0.426137
0.198029	0.460597
0.198029	0.557797
0.198029	0.593877
0.198029	0.514090
0.198029	0.721116
0.097340	0.460470
0.097340	0.490941
0.097340	0.597556
0.097340	0.529888
0.097340	0.626889
0.229623	0.543312
0.229623	0.544408
0.229623	0.534397
0.229623	0.610510
0.229623	0.613968
0.229623	0.625878
0.229623	0.508776
0.229623	0.538247
0.229623	0.519342
0.229623	0.580575
0.229623	0.600546
0.229623	0.574756
0.261456	0.609914
0.261456	0.605798
0.261456	0.615927
0.261456	0.620371
0.261456	0.622063
0.261456	0.611370
0.261456	0.576607
0.055964	0.602509
0.055964	0.606452
0.055964	0.605016
0.055964	0.608086
0.055964	0.534083
0.101960	0.564910
0.101960	0.527714
0.101960	0.504197
0.101960	0.503416
0.101960	0.522133
0.101960	0.568506
0.101960	0.540053
0.101960	0.517660
0.143944	0.518655
0.143944	0.511166
0.143944	0.592486
0.143944	0.457903
0.143944	0.542345
0.078450	0.597003
0.078450	0.558143
0.078450	0.542769
0.078450	0.583069
0.078450	0.607486
0.078450	0.610082
0.078450	0.614962
0.056819	0.550134
0.056819	0.576622
0.056819	0.482187
0.056819	0.426440
0.056819	0.442984
0.056819	0.436189
0.056819	0.417117
0.056819	0.600423
0.056819	0.519121
0.056819	0.403465
0.056819	0.405121
0.071706	0.433294
0.071706	0.421677
0.071706	0.418651
0.071706	0.552987
0.071706	0.547969
0.223782	0.583103
0.223782	0.607439
0.223782	0.597033
0.223782	0.611562
0.223782	0.608732
0.223782	0.603032
0.223782	0.584152
0.223782	0.602659
0.223782	0.618132
0.047898	0.490818
0.047898	0.593380
0.047898	0.431570
0.047898	0.426102
0.047898	0.430474
0.047898	0.430515
0.047898	0.425330
0.047898	0.554519
0.049689	0.551262
0.049689	0.473464
0.049689	0.397381
0.049689	0.402918
0.049689	0.399968
0.049689	0.407560
0.049689	0.405039
0.049689	0.417286
0.049689	0.419024
0.049689	0.411175
0.049689	0.403824
0.049689	0.430617
0.049689	0.462512
0.049689	0.539876
0.041493	0.415684
0.041493	0.509096
0.041493	0.513853
0.041493	0.396657
0.131804	0.425549
0.131804	0.407157
0.131804	0.417288
0.131804	0.490298
0.131804	0.557747
0.131804	0.453788
0.131804	0.435393
0.131804	0.421493
0.131804	0.453919
0.107420	0.413853
0.107420	0.418725
0.107420	0.496467
0.107420	0.449566
0.107420	0.396163
0.107420	0.394244
0.107420	0.426759
0.107420	0.413908
0.059787	0.463127
0.059787	0.399973
0.059787	0.402262
0.059787	0.563984
0.059787	0.489820
0.059787	0.561111
0.059787	0.513592
0.059787	0.515740
0.059787	0.555502
0.043966	0.595774
0.043966	0.596566
0.043966	0.579064
0.043966	0.490922
0.043966	0.459824
0.040360	0.536008
0.040360	0.466449
0.040360	0.560095
0.040360	0.502172
0.040360	0.556083
0.040360	0.544202
0.040360	0.499200
0.040360	0.548270
0.040360	0.381886
0.040360	0.378096
0.040360	0.380416
0.067136	0.377764
0.067136	0.381399
0.067136	0.383821
0.067136	0.387464
0.067136	0.381770
0.067136	0.385903
0.067136	0.382510
0.067136	0.406658
0.132940	0.473945
0.132940	0.459467
0.132940	0.475256
0.132940	0.514801
0.132940	0.541589
0.132940	0.569380
0.132940	0.465671
0.132940	0.427763
0.132940	0.380531
0.132940	0.449234
0.132940	0.404065
0.132940	0.486355
0.052831	0.451862
0.052831	0.499318
0.052831	0.373733
0.052831	0.418530
0.052831	0.384093
0.052831	0.440455
0.052831	0.366140
0.052831	0.419629
0.052831	0.448108
0.052831	0.374831
0.052831	0.422828
0.067489	0.376903
0.067489	0.394842
0.067489	0.391995
0.067489	0.533771
0.067489	0.436217
0.067489	0.457570
0.067489	0.375268
0.067489	0.371971
0.067489	0.377367
0.083835	0.491605
0.083835	0.372114
0.083835	0.372572
0.083835	0.375746
0.083835	0.500259
0.083835	0.576076
0.083835	0.531710
0.083835	0.600721
0.083835	0.493120
0.083835	0.547734
0.040979	0.610301
0.040979	0.607792
0.040979	0.456759
0.040979	0.494832
0.040979	0.409713
0.040979	0.482329
0.040979	0.398079
0.040979	0.400382
0.055960	0.509782
0.055960	0.404787
0.055960	0.428038
0.055960	0.504461
0.055960	0.479677
0.055960	0.406381
0.055960	0.419280
0.055960	0.467708
0.055960	0.582595
0.055960	0.601513
0.114386	0.588487
0.114386	0.574206
0.114386	0.597927
0.114386	0.604404
0.114386	0.597741
0.114386	0.587367
0.114386	0.589531
0.102250	0.617805
0.102250	0.590581
0.102250	0.556198
0.102250	0.429634
0.102250	0.470703
0.102250	0.611868
0.102250	0.590645
0.102250	0.561357
0.043628	0.457579
0.043628	0.452038
0.043628	0.465223
0.043628	0.464543
0.043628	0.443698
0.043628	0.611851
0.043628	0.431351
0.043628	0.498560
0.045796	0.585847
0.045796	0.509965
0.045796	0.600249
0.045796	0.525427
0.045796	0.548908
0.045796	0.527772
0.088711	0.498605
0.088711	0.491869
0.088711	0.511962
0.088711	0.485608
0.088711	0.580062
0.088711	0.538924
0.088711	0.531245
0.088711	0.521818
0.088711	0.582932
0.177479	0.533615
0.177479	0.508865
0.177479	0.489926
0.177479	0.500203
0.177479	0.505960
0.177479	0.456313
0.177479	0.444009
0.177479	0.444873
0.177479	0.437582
0.177479	0.439831
0.177479	0.517122
0.177479	0.446839
0.058721	0.527943
0.058721	0.516311
0.058721	0.509950
0.058721	0.561246
0.058721	0.490184
0.058721	0.508175
0.058721	0.560563
0.198430	0.545225
0.198430	0.459670
0.198430	0.443241
0.198430	0.467193
0.198430	0.465411
0.198430	0.439058
0.198430	0.470947
0.198430	0.482018
0.198430	0.463495
0.182361	0.427363
0.182361	0.431379
0.182361	0.463855
0.182361	0.458997
0.182361	0.464209
0.182361	0.429636
0.100056	0.431989
0.100056	0.448786
0.100056	0.462079
0.100056	0.471951
0.222269	0.452180
0.222269	0.427598
0.222269	0.491969
0.222269	0.660258
0.222269	0.417661
0.222269	0.422926
0.222269	0.421565
0.222269	0.443732
0.068553	0.413606
0.068553	0.408356
0.068553	0.414007
0.068553	0.436510
0.068553	0.429415
0.068553	0.461841
0.068553	0.511103
0.073386	0.420447
0.073386	0.447974
0.073386	0.479108
0.073386	0.526249
0.073386	0.601383
0.073386	0.546201
0.073386	0.567805
0.093175	0.548762
0.093175	0.457173
0.093175	0.519383
0.093175	0.547988
0.093175	0.578148
0.146114	0.546579
0.146114	0.543168
0.146114	0.492983
0.146114	0.596100
0.146114	0.460705
0.146114	0.454995
0.146114	0.470315
0.146114	0.477587
0.146114	0.423960
0.146114	0.489558
0.146114	0.435517
0.171865	0.468156
0.171865	0.466641
0.171865	0.460805
0.171865	0.526008
0.171865	0.590384
0.171865	0.601382
0.171865	0.411953
0.171865	0.404140
0.074157	0.414412
0.074157	0.415812
0.074157	0.401861
0.074157	0.428926
0.074157	0.430209
0.100998	0.447626
0.100998	0.445178
0.100998	0.434023
0.100998	0.447584
0.100998	0.439758
0.264148	0.456612
0.264148	0.456110
0.264148	0.486440
0.264148	0.472518
0.264148	0.505964
0.264148	0.428912
0.264148	0.428243
0.264148	0.442658
0.264148	0.441881
0.264148	0.424920
0.264148	0.428140
0.173820	0.444435
0.173820	0.436143
0.173820	0.511314
0.173820	0.432979
0.227117	0.427134
0.227117	0.460514
0.227117	0.516650
0.227117	0.505811
0.227117	0.549284
0.227117	0.521153
0.227117	0.513122
0.227117	0.544146
0.227117	0.544917
0.110532	0.540172
0.110532	0.603562
0.110532	0.454606
0.110532	0.435909
0.110532	0.450697
0.110532	0.579153
0.110532	0.443848
0.067684	0.428230
0.067684	0.453919
0.067684	0.477913
0.067684	0.439857
0.067684	0.529667
0.067684	0.491890
0.067684	0.602068
0.046703	0.493132
0.046703	0.547882
0.046703	0.509897
0.046703	0.528356
0.046703	0.501261
0.046703	0.487005
0.046703	0.581608
0.057441	0.488589
0.057441	0.578207
0.057441	0.574244
0.057441	0.550582
0.079641	0.577867
0.079641	0.563953
0.079641	0.577157
0.079641	0.596798
0.079641	0.632965
0.079641	0.643662
0.079641	0.640529
0.079641	0.461024
0.072561	0.423102
0.072561	0.429219
0.072561	0.430695
0.072561	0.445346
0.242579	0.462547
0.242579	0.508622
0.242579	0.484165
0.242579	0.517074
0.242579	0.546879
0.242579	0.488309
0.242579	0.539402
0.242579	0.544134
0.242579	0.528774
0.242579	0.596520
0.242579	0.552234
0.142031	0.552627
0.142031	0.587474
0.142031	0.576416
0.142031	0.593704
0.142031	0.576018
0.142031	0.572812
0.142031	0.595046
0.142031	0.617413
0.466967	0.591900
0.466967	0.620642
0.466967	0.632266
0.466967	0.631098
0.466967	0.524108
0.466967	0.517668
0.466967	0.519916
0.466967	0.545143
0.466967	0.522931
0.466967	0.537768
0.268988	0.510338
0.268988	0.450849
0.268988	0.452680
0.268988	0.439796
0.268988	0.506632
0.268988	0.465375
0.268988	0.420102
0.268988	0.378666
0.063152	0.399652
0.063152	0.409310
0.063152	0.438578
0.063152	0.404671
0.063152	0.423116
0.063152	0.422054
0.063152	0.417978
0.063152	0.439441
0.063152	0.451474
0.063152	0.485638
0.063152	0.480675
0.063152	0.472380
0.187770	0.531271
0.187770	0.479098
0.187770	0.484199
0.187770	0.461149
0.187770	0.588786
0.288275	0.409836
0.288275	0.457866
0.288275	0.450601
0.288275	0.431675
0.288275	0.447831
0.288275	0.474305
0.288275	0.423985
0.288275	0.420212
0.123022	0.423464
0.123022	0.413457
0.123022	0.417132
0.123022	0.418463
0.123022	0.438879
0.123022	0.435852
0.123022	0.417541
0.123022	0.425099
0.123022	0.416355
0.299415	0.454704
0.299415	0.487644
0.299415	0.548711
0.299415	0.610581
0.299415	0.559391
0.299415	0.594843
0.299415	0.559326
0.299415	0.601482
0.299415	0.618557
0.491648	0.614208
0.491648	0.624300
0.491648	0.577197
0.491648	0.593422
0.491648	0.623369
0.491648	0.624518
0.491648	0.621066
0.491648	0.498832
0.491648	0.476502
0.080254	0.544845
0.080254	0.524923
0.080254	0.412759
0.080254	0.491269
0.080254	0.566912
0.080254	0.566031
0.080254	0.606808
0.080254	0.473539
0.080254	0.428257
0.046054	0.479357
0.046054	0.592157
0.046054	0.422940
0.046054	0.443690
0.066106	0.437780
0.066106	0.419547
0.066106	0.434179
0.066106	0.561610
0.066106	0.592546
0.060714	0.557697
0.060714	0.426720
0.060714	0.499788
0.060714	0.637043
0.060714	0.552509
0.060714	0.448296
0.060714	0.574291
0.051918	0.413078
0.051918	0.457995
0.051918	0.462882
0.051918	0.513341
0.051918	0.447578
0.051918	0.576374
0.051918	0.447599
0.051918	0.505241
0.073299	0.523067
0.073299	0.593799
0.073299	0.547926
0.073299	0.567409
0.073299	0.607025
0.073299	0.579930
0.073299	0.622511
0.073299	0.621652
0.073299	0.629619
0.221113	0.391865
0.221113	0.364959
0.221113	0.405368
0.221113	0.482399
0.221113	0.372753
0.221113	0.363181
0.221113	0.365435
0.221113	0.417478
0.064575	0.492922
0.064575	0.461003
0.064575	0.528124
0.064575	0.421274
0.064575	0.510672
0.064575	0.449457
0.064575	0.375597
0.220991	0.463257
0.220991	0.449858
0.220991	0.526005
0.220991	0.521768
0.220991	0.504151
0.220991	0.527236
0.220991	0.454885
0.061022	0.545343
0.061022	0.551650
0.061022	0.529078
0.061022	0.561763
0.061022	0.454058
0.061022	0.449903
0.061022	0.516206
0.245201	0.624809
0.245201	0.562698
0.245201	0.590765
0.245201	0.702343
0.245201	0.609531
0.245201	0.585506
0.134449	0.548895
0.134449	0.635764
0.134449	0.518444
0.134449	0.540585
0.134449	0.555312
0.134449	0.627476
0.134449	0.630542
0.134449	0.616011
0.134449	0.606871
0.078710	0.647141
0.078710	0.634331
0.078710	0.627958
0.078710	0.625625
0.075298	0.626954
0.075298	0.478523
0.075298	0.545928
0.075298	0.565399
0.075298	0.605635
0.075298	0.632239
0.075298	0.656104
0.084489	0.508653
0.084489	0.581877
0.084489	0.574145
0.084489	0.614775
0.196971	0.621288
0.196971	0.580984
0.196971	0.656668
0.196971	0.515334
0.196971	0.622784
0.196971	0.517381
0.196971	0.481743
0.196971	0.536314
0.196971	0.571274
0.196971	0.467045
0.196971	0.525776
0.196971	0.645642
0.363971	0.626530
0.363971	0.642114
0.363971	0.641481
0.363971	0.636005
0.363971	0.639054
0.363971	0.643503
0.363971	0.655138
0.363971	0.662434
0.363971	0.662599
0.236477	0.673411
0.236477	0.627305
0.236477	0.598878
0.236477	0.621058
0.236477	0.635584
0.236477	0.588790
0.236477	0.616974
0.236477	0.628772
0.137209	0.649890
0.137209	0.658199
0.137209	0.666371
0.137209	0.665538
0.129343	0.425787
0.129343	0.426720
0.129343	0.425998
0.129343	0.417496
0.075999	0.433495
0.075999	0.466840
0.075999	0.431797
0.075999	0.425367
0.075999	0.415328
0.075999	0.425936
0.075999	0.444631
0.058455	0.407820
0.058455	0.406137
0.058455	0.405081
0.058455	0.401816
0.058455	0.425291
0.058455	0.417768
0.047741	0.433980
0.047741	0.419504
0.047741	0.421243
0.047741	0.415274
0.047741	0.401956
0.047741	0.425722
0.047741	0.429618
0.047741	0.404073
0.067620	0.487187
0.067620	0.477826
0.067620	0.574913
0.067620	0.609795
0.067620	0.533777
0.067620	0.497583
0.067620	0.532591
0.067620	0.536192
0.029218	0.509762
0.029218	0.551122
0.029218	0.556223
0.029218	0.500091
0.029218	0.612539
0.029218	0.546523
0.029218	0.551842
0.029218	0.597766
0.029218	0.623092
0.063475	0.597971
0.063475	0.608636
0.063475	0.597648
0.063475	0.617254
0.040968	0.609652
0.040968	0.612649
0.040968	0.626924
0.040968	0.621554
0.040968	0.498494
0.059040	0.590789
0.059040	0.427891
0.059040	0.446007
0.059040	0.390517
0.059040	0.415586
0.059040	0.399389
0.059040	0.580450
0.059040	0.528244
0.059040	0.492207
0.059040	0.405304
0.059040	0.386820
0.029944	0.386788
0.029944	0.385426
0.029944	0.387131
0.029944	0.388447
0.029944	0.391888
0.029944	0.380008
0.029944	0.395312
0.029944	0.391346
0.053055	0.399731
0.053055	0.398925
0.053055	0.392786
0.053055	0.392843
0.053055	0.420002
0.053055	0.453237
0.053055	0.473329
0.053055	0.507304
0.090609	0.487784
0.090609	0.483377
0.090609	0.492083
0.090609	0.497092
0.090609	0.508968
0.090609	0.497965
0.090609	0.492372
0.090609	0.523326
0.113373	0.515875
0.113373	0.580903
0.113373	0.487472
0.113373	0.557704
0.113373	0.597020
0.113373	0.602573
0.113373	0.578801
0.113373	0.382580
0.058018	0.385941
0.058018	0.387226
0.058018	0.390583
0.058018	0.389115
0.058018	0.389901
0.055611	0.392908
0.055611	0.391691
0.055611	0.390844
0.055611	0.388905
0.055611	0.419517
0.055611	0.536060
0.055611	0.402333
0.055611	0.444550
0.055611	0.579824
0.114720	0.504741
0.114720	0.599838
0.114720	0.527946
0.114720	0.440037
0.114720	0.569035
0.114720	0.597959
0.114720	0.537520
0.114720	0.460208
0.047425	0.458370
0.047425	0.482766
0.047425	0.541047
0.047425	0.449772
0.047425	0.484317
0.047425	0.574100
0.047425	0.587251
0.047425	0.561026
0.047425	0.398314
0.047425	0.393195
0.047425	0.403676
0.053812	0.536886
0.053812	0.389577
0.053812	0.399906
0.053812	0.393270
0.053812	0.400426
0.053812	0.455218
0.053812	0.481895
0.037862	0.500984
0.037862	0.487639
0.037862	0.599013
0.037862	0.582652
0.037862	0.577394
0.037862	0.494354
0.037862	0.586078
0.037862	0.447488
0.087068	0.390929
0.087068	0.406022
0.087068	0.513900
0.087068	0.448730
0.087068	0.464095
0.087068	0.564861
0.087068	0.439788
0.087068	0.425333
0.087068	0.444504
0.087068	0.445396
0.087068	0.408052
0.058450	0.418508
0.058450	0.454305
0.058450	0.429862
0.058450	0.509301
0.058450	0.554537
0.090992	0.502919
0.090992	0.576252
0.090992	0.472947
0.090992	0.540546
0.090992	0.594571
0.090992	0.542398
0.090992	0.537069
0.090992	0.559899
0.062952	0.608050
0.062952	0.446988
0.062952	0.436825
0.062952	0.445771
0.062952	0.595247
0.062952	0.618916
0.055248	0.617360
0.055248	0.606984
0.055248	0.618460
0.055248	0.611726
0.055248	0.622922
0.055248	0.622068
0.055248	0.532863
0.055248	0.600076
0.055248	0.652344
0.110629	0.641230
0.110629	0.651466
0.110629	0.663463
0.110629	0.639259
0.110629	0.652565
0.110629	0.643177
0.110629	0.663231
0.110629	0.648998
0.110629	0.638654
0.055691	0.638146
0.055691	0.543074
0.055691	0.564992
0.055691	0.543017
0.082464	0.562686
0.082464	0.540549
0.082464	0.548972
0.082464	0.574102
0.082464	0.544135
0.082464	0.637383
0.082464	0.632789
0.082464	0.648854
0.082464	0.655400
0.049870	0.626193
0.049870	0.644737
0.049870	0.647675
0.049870	0.622083
0.049870	0.620558
0.049870	0.630219
0.049870	0.632812
0.049870	0.624139
0.049870	0.622681
0.061851	0.618190
0.061851	0.628536
0.061851	0.614175
0.061851	0.579002
