Ground Truth	Predictions
0.077638	0.512436
0.077638	0.319266
0.077638	0.276174
0.077638	0.279583
0.077638	0.437370
0.077638	0.270401
0.077638	0.432592
0.048956	0.278421
0.048956	0.420091
0.048956	0.272895
0.048956	0.299596
0.048956	0.398800
0.048956	0.289933
0.048956	0.296982
0.048956	0.366893
0.048956	0.362857
0.048956	0.350111
0.046547	0.344976
0.046547	0.391940
0.046547	0.367581
0.046547	0.367902
0.046547	0.390234
0.046547	0.418534
0.019257	0.442208
0.019257	0.451961
0.019257	0.392787
0.019257	0.409130
0.019257	0.481077
0.019257	0.463038
0.019257	0.438048
0.019257	0.423640
0.019257	0.413866
0.019257	0.409957
0.030308	0.378672
0.030308	0.344135
0.030308	0.364603
0.030308	0.446608
0.030308	0.520287
0.030308	0.326854
0.030308	0.333865
0.020665	0.324489
0.020665	0.331541
0.020665	0.365358
0.020665	0.393003
0.020665	0.454203
0.028211	0.457605
0.028211	0.353026
0.028211	0.376372
0.028211	0.373068
0.028211	0.397971
0.028211	0.409875
0.028211	0.386487
0.028211	0.397978
0.041610	0.393409
0.041610	0.279689
0.041610	0.304660
0.041610	0.288714
0.041610	0.289619
0.041610	0.285998
0.041610	0.275927
0.054064	0.379990
0.054064	0.287746
0.054064	0.420586
0.054064	0.284147
0.054064	0.275122
0.054064	0.376845
0.054064	0.450228
0.136926	0.465229
0.136926	0.432577
0.136926	0.439013
0.136926	0.495264
0.136926	0.301301
0.136926	0.303316
0.136926	0.299228
0.136926	0.301649
0.136926	0.306354
0.087919	0.462597
0.087919	0.373212
0.087919	0.296767
0.087919	0.310165
0.087919	0.297372
0.087919	0.298065
0.087919	0.355012
0.087919	0.426951
0.087919	0.433880
0.028822	0.317261
0.028822	0.332944
0.028822	0.322844
0.028822	0.333650
0.028822	0.348745
0.028822	0.330956
0.028822	0.448720
0.028822	0.494968
0.028822	0.458665
0.059416	0.471074
0.059416	0.457407
0.059416	0.467373
0.059416	0.501661
0.059416	0.460864
0.059416	0.469722
0.059416	0.461060
0.059416	0.467082
0.059416	0.483944
0.186867	0.504834
0.186867	0.512134
0.186867	0.480372
0.186867	0.477264
0.186867	0.502608
0.186867	0.501320
0.186867	0.383078
0.186867	0.437300
0.186867	0.377584
0.031243	0.432860
0.031243	0.484981
0.031243	0.471428
0.031243	0.464766
0.031243	0.486348
0.031243	0.447456
0.031243	0.448219
0.031243	0.469349
0.139680	0.416294
0.139680	0.429702
0.139680	0.493672
0.139680	0.374087
0.139680	0.429703
0.139680	0.402683
0.219976	0.385936
0.219976	0.386101
0.219976	0.447162
0.219976	0.405187
0.219976	0.437431
0.219976	0.485125
0.219976	0.502487
0.219976	0.459381
0.261885	0.452998
0.261885	0.437984
0.261885	0.300117
0.261885	0.301110
0.261885	0.304966
0.261885	0.303102
0.261885	0.301499
0.261885	0.365311
0.025685	0.439314
0.025685	0.313814
0.025685	0.321379
0.025685	0.316397
0.025685	0.315742
0.086051	0.331017
0.086051	0.348435
0.086051	0.351345
0.086051	0.385782
0.086051	0.435620
0.086051	0.432809
0.086051	0.454096
0.086051	0.527259
0.086051	0.515386
0.086051	0.411548
0.402466	0.463734
0.402466	0.406844
0.402466	0.436632
0.402466	0.482493
0.402466	0.509645
0.402466	0.467992
0.402466	0.474523
0.402466	0.447034
0.402466	0.453966
0.402466	0.490058
0.402466	0.427794
0.027373	0.461757
0.027373	0.514261
0.027373	0.345015
0.027373	0.397411
0.027373	0.359478
0.027373	0.432299
0.027373	0.390155
0.027373	0.379816
0.029853	0.514529
0.029853	0.474687
0.029853	0.370124
0.029853	0.456692
0.029853	0.384496
0.029853	0.452851
0.029853	0.464102
0.029216	0.468117
0.029216	0.448266
0.029216	0.430715
0.029216	0.461852
0.029216	0.451212
0.056486	0.466743
0.056486	0.542133
0.056486	0.520542
0.056486	0.497501
0.056486	0.470187
0.056486	0.505922
0.056486	0.469925
0.037353	0.584230
0.037353	0.410063
0.037353	0.287602
0.037353	0.443739
0.081139	0.424802
0.081139	0.389545
0.081139	0.516779
0.081139	0.468701
0.081139	0.496172
0.081139	0.461293
0.081139	0.460467
0.081139	0.526584
0.081139	0.469949
0.048669	0.457145
0.048669	0.512746
0.048669	0.462795
0.048669	0.418549
0.053204	0.334223
0.053204	0.334251
0.053204	0.521986
0.053204	0.352447
0.053204	0.528078
0.053204	0.502378
0.053204	0.317495
0.053204	0.328945
0.066948	0.327700
0.066948	0.327945
0.066948	0.343716
0.066948	0.452303
0.066948	0.351405
0.066948	0.335929
0.066948	0.358032
0.066948	0.328566
0.079359	0.330607
0.079359	0.348048
0.079359	0.464077
0.079359	0.480238
0.079359	0.441263
0.316109	0.479862
0.316109	0.454803
0.316109	0.477523
0.316109	0.544377
0.316109	0.315638
0.064505	0.331135
0.064505	0.327516
0.064505	0.326063
0.064505	0.343969
0.064505	0.328436
0.064505	0.427638
0.064505	0.454587
0.064505	0.462627
0.158597	0.456667
0.158597	0.474042
0.158597	0.500779
0.158597	0.488745
0.158597	0.491989
0.158597	0.531873
0.158597	0.412803
0.158597	0.475683
0.158597	0.434452
0.357893	0.448244
0.357893	0.484258
0.357893	0.506546
0.357893	0.464546
0.357893	0.501675
0.357893	0.462073
0.313144	0.330956
0.313144	0.392157
0.313144	0.323663
0.313144	0.328646
0.313144	0.453362
0.313144	0.447478
0.313144	0.453979
0.175708	0.430760
0.175708	0.442483
0.175708	0.310904
0.175708	0.315600
0.232592	0.316659
0.232592	0.314101
0.232592	0.325201
0.232592	0.336054
0.232592	0.338482
0.232592	0.403002
0.177503	0.417414
0.177503	0.417545
0.177503	0.399508
0.177503	0.473656
0.177503	0.451354
0.177503	0.418980
0.177503	0.499547
0.177503	0.477954
0.120663	0.326542
0.120663	0.392422
0.120663	0.329078
0.120663	0.336523
0.120663	0.468551
0.186304	0.462416
0.186304	0.435921
0.186304	0.432791
0.186304	0.452450
0.186304	0.311757
0.186304	0.405774
0.186304	0.311928
0.186304	0.324949
0.186304	0.393377
0.112139	0.474313
0.112139	0.378274
0.112139	0.475635
0.112139	0.318623
0.112139	0.329472
0.112139	0.320041
0.112139	0.322400
0.112139	0.350947
0.112139	0.335932
0.112139	0.379986
0.112139	0.467261
0.078096	0.317596
0.078096	0.321066
0.078096	0.316156
0.078096	0.313526
0.078096	0.353368
0.078096	0.347904
0.078096	0.476318
0.078096	0.437077
0.071998	0.294835
0.071998	0.296074
0.071998	0.284422
0.071998	0.282436
0.071998	0.427454
0.071998	0.417745
0.071998	0.291773
0.071998	0.306250
0.071998	0.286258
0.058892	0.290268
0.058892	0.424011
0.058892	0.299892
0.058892	0.302206
0.058892	0.315845
0.058892	0.303817
0.047425	0.316905
0.047425	0.326196
0.047425	0.325186
0.047425	0.463380
0.047425	0.424846
0.047425	0.300083
0.047425	0.334638
0.047425	0.305133
0.105270	0.356294
0.105270	0.431631
0.105270	0.406387
0.105270	0.425065
0.077821	0.387070
0.077821	0.431390
0.077821	0.321423
0.077821	0.435396
0.077821	0.345833
0.077821	0.424409
0.077821	0.444819
0.107436	0.421644
0.107436	0.408471
0.107436	0.410787
0.107436	0.420355
0.107436	0.295974
0.107436	0.393375
0.107436	0.288645
0.107436	0.411342
0.107436	0.399325
0.208548	0.412251
0.208548	0.384597
0.208548	0.410875
0.208548	0.405582
0.208548	0.262450
0.208548	0.270552
0.208548	0.264490
0.208548	0.269355
0.061993	0.283197
0.061993	0.268698
0.061993	0.288229
0.061993	0.367076
0.061993	0.281816
0.061993	0.400376
0.061993	0.268592
0.262050	0.271626
0.262050	0.264074
0.262050	0.303245
0.262050	0.275033
0.262050	0.418732
0.262050	0.412706
0.262050	0.419339
0.262050	0.399611
0.262050	0.270455
0.226228	0.400290
0.226228	0.275788
0.226228	0.417132
0.226228	0.433047
0.226228	0.387206
0.226228	0.364929
0.226228	0.387642
0.226228	0.353144
0.226228	0.479710
0.080505	0.424551
0.080505	0.331506
0.080505	0.336658
0.080505	0.397346
0.080505	0.438657
0.080505	0.445310
0.080505	0.303541
0.080505	0.372742
0.221674	0.309012
0.221674	0.313531
0.221674	0.461470
0.221674	0.430048
0.221674	0.363969
0.221674	0.329053
0.221674	0.335786
0.221674	0.414020
0.221674	0.405298
0.221674	0.328396
0.221674	0.418419
0.295140	0.437263
0.295140	0.421065
0.295140	0.491619
0.295140	0.482736
0.295140	0.390729
0.295140	0.409898
0.295140	0.402195
0.295140	0.421295
0.295140	0.415114
0.295140	0.488392
0.295140	0.490176
0.131454	0.484712
0.131454	0.462510
0.131454	0.494939
0.131454	0.459878
0.131454	0.466191
0.131454	0.489130
0.131454	0.485484
0.131454	0.476593
0.131454	0.475981
0.131454	0.500326
0.131454	0.505828
0.093393	0.497925
0.093393	0.522172
0.093393	0.518911
0.093393	0.470596
0.093393	0.487084
0.093393	0.455935
0.093393	0.463365
0.093393	0.481737
0.093393	0.514896
0.093393	0.471724
0.093393	0.495165
0.093393	0.500488
0.426661	0.350893
0.426661	0.403621
0.426661	0.339016
0.426661	0.341727
0.426661	0.447418
0.426661	0.372227
0.426661	0.328868
0.426661	0.332229
0.426661	0.325609
0.426661	0.402471
0.426661	0.345475
0.100060	0.527368
0.100060	0.427907
0.100060	0.476547
0.100060	0.514586
0.100060	0.472964
0.100060	0.548914
0.100060	0.567093
0.100060	0.468416
0.100060	0.517283
0.071109	0.482319
0.071109	0.534462
0.071109	0.555705
0.071109	0.452675
0.071109	0.514886
0.071109	0.457863
0.071109	0.517389
0.071109	0.454552
0.131386	0.472520
0.131386	0.459165
0.131386	0.470259
0.131386	0.487470
0.131386	0.505836
0.131386	0.472580
0.131386	0.499583
0.131386	0.451497
0.318630	0.460846
0.318630	0.453122
0.318630	0.431092
0.318630	0.471930
0.318630	0.461486
0.318630	0.485201
0.318630	0.470259
0.318630	0.446675
0.282625	0.463912
0.282625	0.413104
0.282625	0.399418
0.282625	0.366391
0.282625	0.399638
0.282625	0.444644
0.282625	0.416836
0.234313	0.431928
0.234313	0.455021
0.234313	0.433764
0.234313	0.481067
0.234313	0.473244
0.157640	0.468118
0.157640	0.553912
0.157640	0.555546
0.157640	0.460596
0.157640	0.433012
0.157640	0.423346
0.157640	0.455855
0.157640	0.483547
0.147343	0.427095
0.147343	0.472065
0.147343	0.491738
0.147343	0.336895
0.147343	0.340205
0.147343	0.320498
0.147343	0.348092
0.147343	0.432817
0.092192	0.401095
0.092192	0.458259
0.092192	0.464485
0.092192	0.459536
0.092192	0.460494
0.092192	0.468085
0.092192	0.511128
0.092192	0.468430
0.092192	0.474904
0.092192	0.451830
0.092192	0.456132
0.113367	0.462365
0.113367	0.455659
0.113367	0.465589
0.113367	0.488409
0.113367	0.471907
0.113367	0.458550
0.113367	0.462688
0.056530	0.296305
0.056530	0.318637
0.056530	0.313089
0.056530	0.310972
0.056530	0.317218
0.056530	0.425523
0.056530	0.449701
0.056530	0.312349
0.050707	0.321962
0.050707	0.325792
0.050707	0.327068
0.050707	0.339187
0.050707	0.354108
0.050707	0.374794
0.050707	0.323279
0.067205	0.337771
0.067205	0.343420
0.067205	0.336401
0.067205	0.359294
0.067205	0.317041
0.067205	0.358305
0.191026	0.322209
0.191026	0.312309
0.191026	0.310052
0.191026	0.341029
0.191026	0.351080
0.191026	0.325685
0.191026	0.330582
0.191026	0.418874
0.042943	0.412217
0.042943	0.416736
0.042943	0.460658
0.042943	0.437606
0.032145	0.465359
0.032145	0.485154
0.032145	0.501307
0.032145	0.425258
0.177744	0.426765
0.177744	0.425339
0.177744	0.462362
0.177744	0.469323
0.177744	0.477831
0.177744	0.485651
0.177744	0.490160
0.057150	0.501253
0.057150	0.505483
0.057150	0.500367
0.057150	0.504891
0.057150	0.517167
0.057150	0.514085
0.057150	0.519158
0.057150	0.519449
0.142087	0.392184
0.142087	0.398176
0.142087	0.392241
0.142087	0.400431
0.142087	0.429691
0.142087	0.448528
0.142087	0.491523
0.142087	0.448024
0.433401	0.448545
0.433401	0.443100
0.433401	0.508712
0.433401	0.480534
0.433401	0.474068
0.433401	0.496826
0.433401	0.493876
0.433401	0.518416
0.433401	0.527553
0.433401	0.520053
0.433401	0.521405
0.170459	0.531634
0.170459	0.529774
0.170459	0.538315
0.170459	0.533758
0.170459	0.523950
0.170459	0.525686
0.170459	0.499037
0.170459	0.493824
0.170459	0.464316
0.170459	0.427596
0.269941	0.406905
0.269941	0.404704
0.269941	0.515803
0.269941	0.520956
0.269941	0.538813
0.269941	0.498987
0.269941	0.508501
0.269941	0.493994
0.269941	0.497075
0.268420	0.573506
0.268420	0.571093
0.268420	0.586439
0.268420	0.558321
0.268420	0.561826
0.268420	0.562489
0.268420	0.567136
0.028394	0.559980
0.028394	0.556764
0.028394	0.564204
0.028394	0.555636
0.028394	0.378789
0.028394	0.407617
0.028394	0.368695
0.028394	0.430160
0.111719	0.425911
0.111719	0.371658
0.111719	0.433183
0.111719	0.404999
0.111719	0.427515
0.111719	0.445641
0.111719	0.421532
0.111719	0.472705
0.111719	0.472326
0.111719	0.464973
0.111719	0.559954
0.111719	0.473670
0.179373	0.607710
0.179373	0.583309
0.179373	0.553116
0.179373	0.574421
0.179373	0.562652
0.179373	0.588166
0.179373	0.573178
0.179373	0.569768
0.179373	0.582364
0.090306	0.571194
0.090306	0.589727
0.090306	0.576533
0.090306	0.573213
0.090306	0.577021
0.090306	0.574336
0.090306	0.584181
0.090306	0.588814
0.090306	0.589256
0.078645	0.585563
0.078645	0.587077
0.078645	0.588146
0.078645	0.588321
0.078645	0.590845
0.225956	0.510121
0.225956	0.555179
0.225956	0.502071
0.225956	0.525635
0.225956	0.555924
0.225956	0.507496
0.225956	0.583733
0.225956	0.537963
0.038663	0.601247
0.038663	0.549757
0.038663	0.571188
0.038663	0.500919
0.038663	0.543773
0.038663	0.499331
0.038663	0.530839
0.038663	0.573387
0.044789	0.575549
0.044789	0.574086
0.044789	0.522710
0.044789	0.520079
0.084236	0.499686
0.084236	0.505825
0.084236	0.548788
0.084236	0.494794
0.084236	0.541379
0.084236	0.544796
0.084236	0.571622
0.084236	0.561370
0.084236	0.590416
0.084236	0.399578
0.084236	0.404407
0.047656	0.400353
0.047656	0.393830
0.047656	0.404062
0.047656	0.432100
0.047656	0.442674
0.047656	0.504498
0.047656	0.504920
0.051974	0.504309
0.051974	0.507415
0.051974	0.521934
0.051974	0.388291
0.051974	0.385301
0.051974	0.389054
0.051974	0.388588
0.051974	0.376570
0.051974	0.424142
0.051974	0.418562
0.051974	0.425259
0.027056	0.433606
0.027056	0.418326
0.027056	0.427040
0.027056	0.497669
0.027056	0.478653
0.027056	0.419882
0.027056	0.429685
0.053711	0.417150
0.053711	0.439047
0.053711	0.453690
0.053711	0.473561
0.053711	0.489470
0.053711	0.493329
0.053711	0.473704
0.053711	0.489809
0.053711	0.475244
0.198209	0.472150
0.198209	0.359863
0.198209	0.360590
0.198209	0.366983
0.198209	0.358311
0.198209	0.377930
0.198209	0.343836
0.146878	0.368887
0.146878	0.414545
0.146878	0.387955
0.146878	0.449786
0.146878	0.404235
0.146878	0.474907
0.146878	0.473352
0.146878	0.471630
0.171576	0.473173
0.171576	0.501716
0.171576	0.295586
0.171576	0.293812
0.171576	0.286151
0.171576	0.310654
0.171576	0.370726
0.171576	0.443175
0.171576	0.425325
0.105697	0.464107
0.105697	0.465921
0.105697	0.464312
0.105697	0.487118
0.105697	0.515562
0.105697	0.472093
0.438173	0.494372
0.438173	0.463424
0.438173	0.515096
0.438173	0.515538
0.438173	0.507799
0.438173	0.545936
0.438173	0.543617
0.438173	0.527244
0.438173	0.542504
0.348804	0.535570
0.348804	0.532207
0.348804	0.515008
0.348804	0.542618
0.256021	0.517715
0.256021	0.525915
0.256021	0.553680
0.256021	0.552031
0.108748	0.550615
0.108748	0.546351
0.108748	0.520838
0.108748	0.480803
0.108748	0.442829
0.108748	0.442458
0.108748	0.475798
0.037507	0.487605
0.037507	0.484306
0.037507	0.477012
0.037507	0.506428
0.037507	0.394289
0.037507	0.408581
0.037507	0.393425
0.030948	0.401859
0.030948	0.423390
0.030948	0.415572
0.030948	0.404283
0.039161	0.409640
0.039161	0.404538
0.039161	0.319788
0.039161	0.327700
0.039161	0.331672
0.039161	0.335016
0.039161	0.353423
0.039161	0.312693
0.216836	0.343333
0.216836	0.357362
0.216836	0.347122
0.216836	0.332416
0.216836	0.317449
0.216836	0.423002
0.216836	0.463218
0.216836	0.429732
0.216836	0.439368
0.019854	0.347637
0.019854	0.343613
0.019854	0.355509
0.019854	0.361476
0.019854	0.333798
0.019854	0.339830
0.019854	0.359845
0.146581	0.359182
0.146581	0.369720
0.146581	0.362689
0.146581	0.356093
0.146581	0.384776
0.146581	0.419728
0.146581	0.402554
0.146581	0.361385
0.057504	0.352522
0.057504	0.358429
0.057504	0.363181
0.057504	0.345181
0.057504	0.332904
0.057504	0.327785
0.057504	0.335059
0.057504	0.367757
0.057504	0.350543
0.053605	0.323984
0.053605	0.423086
0.053605	0.359625
0.053605	0.361388
0.020354	0.351953
0.020354	0.347399
0.020354	0.443965
0.020354	0.389202
0.020354	0.450948
0.020354	0.466998
0.020354	0.454296
0.012906	0.480417
0.012906	0.481387
0.012906	0.490719
0.012906	0.338582
0.012906	0.359875
0.012906	0.330323
0.012906	0.485152
0.030169	0.341453
0.030169	0.511683
0.030169	0.454226
0.030169	0.587085
0.030169	0.610256
0.030169	0.605692
0.030169	0.626065
0.025730	0.602216
0.025730	0.606324
0.025730	0.569855
0.025730	0.592430
0.025730	0.605612
0.025730	0.392733
0.025730	0.437250
0.025730	0.390571
0.024260	0.430050
0.024260	0.364583
0.024260	0.370557
0.024260	0.364017
0.024260	0.372823
0.030368	0.398919
0.030368	0.413375
0.030368	0.417661
0.030368	0.433830
0.025827	0.439634
0.025827	0.343611
0.025827	0.344067
0.025827	0.341433
0.025827	0.371885
0.025827	0.429918
0.025827	0.425690
0.214712	0.388947
0.214712	0.420047
0.214712	0.333731
0.214712	0.334897
0.214712	0.333368
0.214712	0.338952
0.214712	0.347488
0.214712	0.345123
0.221526	0.353258
0.221526	0.341606
0.221526	0.354726
0.221526	0.338624
0.082257	0.339164
0.082257	0.392459
0.082257	0.328059
0.082257	0.324953
0.082257	0.322677
0.082257	0.330636
0.082257	0.374924
0.082257	0.418303
0.082257	0.409462
0.037233	0.474699
0.037233	0.476265
0.037233	0.469666
0.037233	0.471044
0.037233	0.485309
0.037233	0.451316
0.037233	0.448442
0.046336	0.443912
0.046336	0.433354
0.046336	0.449863
0.046336	0.451399
0.046336	0.434685
0.046336	0.427528
0.046336	0.414301
0.028115	0.413257
0.028115	0.438041
0.028115	0.353432
0.028115	0.360422
0.028115	0.346153
0.028115	0.399019
0.028115	0.381007
0.038999	0.408288
0.038999	0.403236
0.038999	0.422909
0.038999	0.406615
0.038999	0.384486
0.038999	0.441083
0.038999	0.380584
0.038999	0.433139
0.038999	0.332229
0.029575	0.385860
0.029575	0.366604
0.029575	0.396273
0.029575	0.389888
0.031825	0.391359
0.031825	0.383603
0.031825	0.392299
0.031825	0.379194
0.031825	0.391496
0.031825	0.413361
0.031825	0.376143
0.031825	0.407497
0.018667	0.459387
0.018667	0.467197
0.018667	0.461566
0.018667	0.455291
0.018667	0.482642
0.018667	0.322656
0.018667	0.317846
0.018667	0.318914
0.021588	0.336782
0.021588	0.391363
0.021588	0.318988
0.021588	0.392011
0.033547	0.369606
0.033547	0.382778
0.033547	0.417846
0.033547	0.418306
0.033547	0.431443
0.033547	0.441857
0.033547	0.431360
0.033547	0.438502
0.019451	0.466905
0.019451	0.475261
0.019451	0.442996
0.019451	0.448325
0.019451	0.437190
0.019451	0.420115
0.013700	0.437346
0.013700	0.442234
0.013700	0.441213
0.013700	0.432455
0.013700	0.409386
0.013700	0.440121
0.013700	0.373981
0.013700	0.400639
0.013700	0.391211
0.046810	0.401263
0.046810	0.396254
0.046810	0.398387
0.046810	0.417310
0.046810	0.408336
0.046810	0.393098
0.046810	0.422845
0.046810	0.434036
0.046810	0.374199
0.046810	0.342712
0.046810	0.344581
0.086978	0.411944
0.086978	0.407075
0.086978	0.402862
0.086978	0.375033
0.086978	0.404700
0.086978	0.380270
0.045362	0.547148
0.045362	0.565530
0.045362	0.551235
0.045362	0.562936
0.045362	0.554874
0.026225	0.528153
0.026225	0.563527
0.026225	0.583021
0.026225	0.587994
0.026225	0.581410
0.026225	0.577890
0.026225	0.590035
0.026225	0.599675
0.026225	0.599905
0.047876	0.597186
0.047876	0.599817
0.047876	0.597101
0.047876	0.443979
0.047876	0.449029
0.047876	0.445214
0.047876	0.563480
0.047876	0.448517
0.047876	0.473375
0.047876	0.531300
0.047876	0.454849
0.047876	0.576490
0.196124	0.463622
0.196124	0.545151
0.196124	0.581513
0.196124	0.583718
0.196124	0.591756
0.196124	0.584254
0.196124	0.578567
0.196124	0.601260
0.196124	0.606436
0.033385	0.605177
0.033385	0.601292
0.033385	0.603638
0.033385	0.600737
0.033385	0.584992
0.033385	0.591461
0.033385	0.507705
0.033385	0.516183
0.033385	0.592789
0.038889	0.556995
0.038889	0.567304
0.038889	0.601084
0.038889	0.591883
0.038889	0.576615
0.038889	0.502793
0.038889	0.525948
0.038889	0.573056
0.055150	0.601752
0.055150	0.589743
0.055150	0.593405
0.055150	0.600327
0.087315	0.602628
0.087315	0.487373
0.087315	0.564027
0.087315	0.436220
0.087315	0.440665
0.273130	0.597022
0.273130	0.582536
0.273130	0.582762
0.273130	0.595643
0.273130	0.411084
0.273130	0.410522
0.273130	0.408157
0.273130	0.414011
0.035820	0.412878
0.035820	0.421519
0.035820	0.574937
0.035820	0.451212
0.035820	0.404447
0.035820	0.402845
0.035820	0.403666
0.035820	0.561500
0.035820	0.549448
0.035820	0.513536
0.035820	0.593370
0.028748	0.414643
0.028748	0.435906
0.028748	0.419843
0.028748	0.585600
0.028748	0.566469
0.160242	0.590454
0.160242	0.595629
0.160242	0.597349
0.160242	0.605162
0.160242	0.421760
0.160242	0.427329
0.160242	0.430380
0.160242	0.429615
0.160242	0.439593
0.033551	0.430400
0.033551	0.447845
0.033551	0.447289
0.033551	0.449362
0.033551	0.453900
0.033551	0.564986
0.033551	0.459751
0.033551	0.570000
0.033551	0.581703
0.033551	0.462698
0.033551	0.463476
0.033551	0.465825
0.033551	0.467189
0.033551	0.501668
0.264866	0.473848
0.264866	0.552451
0.264866	0.519358
0.264866	0.469772
0.264866	0.474110
0.264866	0.477682
0.264866	0.478885
0.264866	0.478040
0.264866	0.485888
0.264866	0.498690
0.264866	0.484868
0.085183	0.487532
0.085183	0.488310
0.085183	0.491045
0.085183	0.490770
0.085183	0.493175
0.085183	0.550077
0.133533	0.534440
0.133533	0.547684
0.133533	0.545198
0.133533	0.556025
0.133533	0.555637
0.133533	0.552035
0.133533	0.537888
0.085389	0.559870
0.085389	0.539100
0.085389	0.516427
0.085389	0.493013
0.085389	0.498506
0.085389	0.550964
0.085389	0.561679
0.085389	0.552021
0.307245	0.664242
0.307245	0.557780
0.307245	0.546893
0.307245	0.558235
0.307245	0.548143
0.307245	0.565515
0.307245	0.536582
0.307245	0.549575
0.307245	0.525839
0.111027	0.571982
0.111027	0.580724
0.111027	0.566133
0.111027	0.505045
0.111027	0.550413
0.111027	0.506183
0.111027	0.553543
0.111027	0.564391
0.140410	0.564504
0.140410	0.575909
0.140410	0.575209
0.140410	0.579942
0.076532	0.587282
0.076532	0.586685
0.076532	0.581020
0.076532	0.585124
0.076532	0.582849
0.076532	0.577805
0.076532	0.577938
0.076532	0.589347
0.076532	0.477099
0.046836	0.531298
0.046836	0.467418
0.046836	0.463919
0.046836	0.536941
0.046836	0.580518
0.046836	0.582754
0.046836	0.448098
0.046836	0.514361
0.046836	0.457600
0.046836	0.460143
0.103414	0.584210
0.103414	0.585927
0.103414	0.583966
0.103414	0.568663
0.103414	0.561854
0.103414	0.523451
0.103414	0.554155
0.101456	0.584958
0.101456	0.585630
0.101456	0.588246
0.101456	0.587720
0.101456	0.588379
0.101456	0.452371
0.101456	0.453787
0.023437	0.449662
0.023437	0.452205
0.023437	0.460084
0.023437	0.567528
0.023437	0.555701
0.023437	0.442980
0.200735	0.445768
0.200735	0.440735
0.200735	0.443257
0.200735	0.447267
0.200735	0.578151
0.106801	0.562640
0.106801	0.546581
0.106801	0.579599
0.106801	0.556852
0.106801	0.580960
0.106801	0.590273
0.106801	0.592590
0.106801	0.593803
0.114579	0.577380
0.114579	0.594563
0.114579	0.605624
0.114579	0.595727
0.114579	0.439866
0.079482	0.445563
0.079482	0.444612
0.079482	0.446209
0.079482	0.468570
0.079482	0.580749
0.079482	0.582492
0.079482	0.547140
0.079482	0.447223
0.232526	0.453627
0.232526	0.449057
0.232526	0.451267
0.232526	0.457260
0.232526	0.482061
0.232526	0.488071
0.232526	0.446357
0.232526	0.446682
0.176679	0.444798
0.176679	0.465160
0.176679	0.575997
0.176679	0.456522
0.176679	0.605020
0.176679	0.581317
0.176679	0.432444
0.176679	0.435559
0.176679	0.430260
0.088298	0.429353
0.088298	0.574532
0.088298	0.582890
0.088298	0.472298
0.088298	0.501184
0.088298	0.462032
0.088298	0.496287
0.088298	0.544609
0.033117	0.469699
0.033117	0.540066
0.033117	0.532426
0.033117	0.443486
0.033117	0.444730
0.062806	0.439356
0.062806	0.438856
0.062806	0.514783
0.062806	0.457282
0.062806	0.458770
0.062806	0.573206
0.062806	0.441265
0.062806	0.553616
0.041973	0.434925
0.041973	0.445343
0.041973	0.580239
0.041973	0.587815
0.041973	0.589842
0.041973	0.590353
0.041973	0.594020
0.023968	0.421154
0.023968	0.459602
0.023968	0.419693
0.023968	0.473940
0.023968	0.487786
0.023968	0.585147
0.023968	0.532631
0.023968	0.586660
0.026050	0.585578
0.026050	0.424393
0.026050	0.425619
0.026050	0.423199
0.026050	0.420478
0.025786	0.434350
0.025786	0.435094
0.025786	0.443607
0.025786	0.446412
0.025786	0.422993
0.025786	0.420424
0.025786	0.413749
0.025786	0.418192
0.025786	0.445519
0.025786	0.414683
0.025786	0.520293
0.038075	0.578856
0.038075	0.587687
0.038075	0.604842
0.038075	0.606900
0.038075	0.404933
0.038075	0.512481
0.038075	0.404401
0.038075	0.603619
0.038075	0.602461
0.038075	0.616149
0.038075	0.398881
0.038075	0.518774
0.029642	0.391593
0.029642	0.608400
0.029642	0.400658
0.029642	0.448880
0.029642	0.589951
0.029083	0.430921
0.029083	0.399424
0.029083	0.402203
0.029083	0.405941
0.029083	0.404720
0.029083	0.588897
0.018128	0.592931
0.018128	0.598639
0.018128	0.412865
0.018128	0.416178
0.018128	0.415270
0.018128	0.445721
0.018128	0.423115
0.018128	0.423260
0.026405	0.427190
0.026405	0.438676
0.026405	0.551271
0.026405	0.439959
0.026405	0.592276
0.026405	0.517921
0.031601	0.467963
0.031601	0.592128
0.031601	0.583855
0.031601	0.600455
0.031601	0.591716
0.031601	0.465312
0.031601	0.579738
0.031601	0.448662
0.031601	0.457793
0.027428	0.532826
0.027428	0.460190
0.027428	0.462309
0.027428	0.586200
0.027428	0.557338
0.027428	0.503893
0.027428	0.546921
0.027428	0.567186
0.027428	0.564566
0.099872	0.572462
0.099872	0.561369
0.099872	0.556855
0.099872	0.571306
0.099872	0.579970
0.099872	0.579433
0.099872	0.569121
0.099872	0.571874
0.222720	0.582035
0.222720	0.572166
0.222720	0.556790
0.222720	0.491994
0.105923	0.492320
0.105923	0.570711
0.105923	0.566371
0.105923	0.554619
0.105923	0.492154
0.105923	0.498206
0.105923	0.492774
0.105923	0.497770
0.029779	0.504646
0.029779	0.566179
0.029779	0.512314
0.029779	0.549753
0.029779	0.563187
0.029779	0.543009
0.029779	0.557644
0.036189	0.533332
0.036189	0.542191
0.036189	0.530186
0.036189	0.528991
0.036189	0.542780
0.036189	0.535128
0.036189	0.540503
0.049994	0.551984
0.049994	0.549413
0.049994	0.549849
0.049994	0.555008
0.049994	0.552401
0.049994	0.552618
0.049994	0.558795
0.049994	0.557593
0.036412	0.562647
0.036412	0.563769
0.036412	0.515739
0.036412	0.515549
0.036412	0.508408
0.036412	0.508888
0.036412	0.517788
0.067759	0.562518
0.067759	0.553808
0.067759	0.555708
0.067759	0.559276
0.067759	0.556773
0.067759	0.564013
0.067759	0.558652
0.067759	0.555586
0.067759	0.559746
0.077076	0.557676
0.077076	0.523977
0.077076	0.535739
0.077076	0.531054
0.077076	0.542424
0.077076	0.536408
0.077076	0.545942
0.290936	0.553829
0.290936	0.555531
0.290936	0.544820
0.290936	0.562517
0.290936	0.562469
0.290936	0.567589
0.290936	0.569684
0.290936	0.569057
0.290936	0.508134
0.073901	0.536444
0.073901	0.525069
0.073901	0.541393
0.073901	0.551574
0.073901	0.530877
0.073901	0.561423
0.073901	0.577116
0.073901	0.475433
0.224782	0.475063
0.224782	0.469318
0.224782	0.472610
0.224782	0.478955
0.224782	0.500897
0.224782	0.496798
0.224782	0.567815
0.224782	0.573735
0.100075	0.575311
0.100075	0.580957
0.100075	0.575409
0.100075	0.478896
0.100075	0.504563
0.100075	0.494205
0.100075	0.595723
0.279920	0.581664
0.279920	0.546330
0.279920	0.575139
0.279920	0.542064
0.279920	0.583025
0.279920	0.581316
0.279920	0.588362
0.279920	0.573736
0.298205	0.590963
0.298205	0.559650
0.298205	0.585359
0.298205	0.563659
0.128877	0.569105
0.128877	0.564479
0.128877	0.569336
0.128877	0.568517
0.128877	0.535438
0.128877	0.532122
0.128877	0.527606
0.128877	0.541235
0.053935	0.570417
0.053935	0.568789
0.053935	0.580414
0.053935	0.582435
0.053935	0.550555
0.053935	0.536071
0.053935	0.527387
0.053935	0.543341
0.053935	0.567767
0.053935	0.475499
0.174289	0.482362
0.174289	0.481517
0.174289	0.482205
0.174289	0.494390
0.174289	0.488363
0.174289	0.491169
0.174289	0.497471
0.174289	0.496648
0.064493	0.504342
0.064493	0.498462
0.064493	0.507056
0.064493	0.480053
0.064493	0.481360
0.064493	0.483741
0.064493	0.486257
0.064493	0.487693
0.162255	0.471924
0.162255	0.490987
0.162255	0.485824
0.162255	0.537589
0.162255	0.483704
0.162255	0.468953
0.162255	0.489566
0.162255	0.542842
0.162255	0.547628
0.060579	0.542103
0.060579	0.546398
0.060579	0.549079
0.060579	0.551101
0.060579	0.547742
0.060579	0.542538
0.060579	0.557004
0.060579	0.505438
0.060579	0.498755
0.060579	0.495185
0.060579	0.550481
0.027637	0.541476
0.027637	0.537601
0.027637	0.558637
0.027637	0.562039
0.027637	0.537966
0.027637	0.560145
0.036280	0.545314
0.036280	0.555876
0.036280	0.540684
0.036280	0.551903
0.036280	0.538201
0.036280	0.551599
0.036280	0.542796
0.036280	0.549824
0.036280	0.559010
0.031091	0.557948
0.031091	0.517701
0.031091	0.521718
0.031091	0.510280
0.031091	0.517878
0.031091	0.524902
0.031091	0.510570
0.031091	0.517486
0.031091	0.535970
0.031091	0.549400
0.031091	0.537729
0.031091	0.513478
0.040954	0.514210
0.040954	0.506105
0.040954	0.511765
0.040954	0.517468
0.040954	0.519889
0.040954	0.442806
0.040954	0.447780
0.018973	0.453450
0.018973	0.470265
0.018973	0.477501
0.018973	0.439795
0.018973	0.481823
0.018973	0.441801
0.018973	0.516821
0.044257	0.444192
0.044257	0.479673
0.044257	0.508017
0.044257	0.494725
0.044257	0.509758
0.044257	0.531755
0.044257	0.537797
0.044257	0.535515
0.044257	0.539934
0.056745	0.545358
0.056745	0.543773
0.056745	0.543052
0.056745	0.544343
0.056745	0.517293
0.056745	0.521405
0.056745	0.503449
0.056745	0.514594
0.056745	0.528727
0.040867	0.558800
0.040867	0.562582
0.040867	0.518562
0.040867	0.517351
0.040867	0.509236
0.040867	0.510855
0.040867	0.526113
0.048030	0.505533
0.048030	0.512237
0.048030	0.493726
0.048030	0.497847
0.048030	0.518419
0.048030	0.517936
0.048030	0.513156
0.048030	0.512025
0.019723	0.531698
0.019723	0.558459
0.019723	0.571641
0.019723	0.568566
0.019723	0.571379
0.069606	0.550633
0.069606	0.566706
0.069606	0.546939
0.069606	0.558268
0.069606	0.565988
0.036828	0.578494
0.036828	0.567344
0.036828	0.578414
0.036828	0.532585
0.036828	0.541523
0.036828	0.536016
0.036828	0.553189
0.044516	0.548991
0.044516	0.553065
0.044516	0.567706
0.044516	0.564105
0.044516	0.474702
0.044516	0.479456
0.044516	0.471716
0.044516	0.476958
0.044516	0.483653
0.044516	0.542149
0.044516	0.513274
0.044516	0.486786
0.015495	0.512951
0.015495	0.517690
0.015495	0.585909
0.015495	0.581446
0.015495	0.569188
0.015495	0.581327
0.015495	0.574300
0.015495	0.585463
0.015495	0.580206
0.018974	0.592245
0.018974	0.581751
0.018974	0.583118
0.018974	0.588085
0.018974	0.592494
0.027453	0.591113
0.027453	0.580347
0.027453	0.583780
0.027453	0.585342
0.027453	0.586766
0.027453	0.582192
0.027453	0.562435
0.027453	0.593247
0.020779	0.576239
0.020779	0.592736
0.020779	0.558405
0.020779	0.572560
0.020779	0.557410
0.020779	0.584358
0.027430	0.458807
0.027430	0.468870
0.027430	0.462618
0.027430	0.467464
0.027430	0.478924
0.027430	0.585541
0.027430	0.601387
0.027430	0.550499
0.026801	0.523335
0.026801	0.527044
0.026801	0.578177
0.026801	0.571128
0.026801	0.534755
0.026801	0.577283
0.026801	0.546345
0.026801	0.471281
0.026801	0.482142
0.026801	0.467577
0.044934	0.478718
0.044934	0.556936
0.044934	0.539487
0.044934	0.558316
0.044934	0.557058
0.044934	0.570609
0.044934	0.578571
0.044934	0.569130
0.044934	0.576831
0.044934	0.584986
0.019766	0.582844
0.019766	0.580770
0.019766	0.580948
0.019766	0.396119
0.019766	0.394481
0.019766	0.380112
0.019766	0.429528
0.019766	0.409015
0.062577	0.432060
0.062577	0.420284
0.062577	0.390349
0.062577	0.483626
0.062577	0.386889
0.062577	0.541222
0.062577	0.533057
0.062577	0.515643
0.062577	0.544764
0.062577	0.457572
0.062577	0.549933
0.062577	0.526836
0.103425	0.542876
0.103425	0.537112
0.103425	0.568846
0.103425	0.527656
0.103425	0.519660
0.103425	0.451661
0.103425	0.538941
0.103425	0.446650
0.130487	0.513869
0.130487	0.548632
0.130487	0.545633
0.130487	0.568047
0.130487	0.546935
0.130487	0.512906
0.130487	0.496459
0.130487	0.589623
0.130487	0.573937
0.029999	0.471068
0.029999	0.537273
0.029999	0.571683
0.029999	0.516789
0.020999	0.526715
0.020999	0.535944
0.020999	0.583622
0.020999	0.587695
0.020999	0.580958
0.020999	0.581141
0.020999	0.592097
0.024603	0.589770
0.024603	0.588391
0.024603	0.588432
0.024603	0.572323
0.024603	0.562044
0.024603	0.552039
0.024603	0.567627
0.024603	0.581077
0.037572	0.582882
0.037572	0.589977
0.037572	0.578802
0.037572	0.525646
0.037572	0.544113
0.037572	0.532879
0.037572	0.540375
0.037572	0.558644
0.070119	0.579805
0.070119	0.564536
0.070119	0.574439
0.070119	0.475489
0.070119	0.485853
0.070119	0.470554
0.070119	0.506587
0.070119	0.542221
0.070119	0.490209
0.070923	0.583306
0.070923	0.580684
0.070923	0.578501
0.070923	0.576922
0.070923	0.584011
0.070923	0.585772
0.070923	0.587755
0.147956	0.584608
0.147956	0.587919
0.147956	0.592487
0.147956	0.590419
0.147956	0.578110
0.147956	0.578514
0.147956	0.578336
0.147956	0.581589
0.044259	0.583923
0.044259	0.586905
0.044259	0.590566
0.044259	0.590345
0.044259	0.593779
0.044259	0.594819
0.044259	0.594495
0.044259	0.457303
0.036470	0.465300
0.036470	0.452906
0.036470	0.457277
0.036470	0.478361
0.036470	0.531476
0.036470	0.517227
0.036470	0.496901
0.067317	0.504181
0.067317	0.498879
0.067317	0.519830
0.067317	0.518035
0.067317	0.536307
0.067317	0.572757
0.067317	0.574207
0.131298	0.560173
0.131298	0.562375
0.131298	0.566001
0.131298	0.564689
0.131298	0.566460
0.131298	0.552901
0.131298	0.554900
0.091749	0.562055
0.091749	0.568419
0.091749	0.578274
0.091749	0.553595
0.414061	0.568281
0.414061	0.573577
0.414061	0.586453
0.414061	0.582776
0.414061	0.565152
0.414061	0.564358
0.414061	0.575440
0.414061	0.562676
0.414061	0.580749
0.414061	0.568272
0.201813	0.559916
0.201813	0.596490
0.201813	0.582865
0.201813	0.580004
0.201813	0.591314
0.160324	0.590641
0.160324	0.583330
0.160324	0.574663
0.160324	0.574046
0.160324	0.599602
0.160324	0.594457
0.188984	0.600795
0.188984	0.592803
0.188984	0.602868
0.188984	0.611740
0.188984	0.609617
0.188984	0.434290
0.188984	0.461030
0.224250	0.429660
0.224250	0.438692
0.224250	0.441150
0.224250	0.604895
0.224250	0.593678
0.224250	0.617391
0.224250	0.434132
0.224250	0.439184
0.224250	0.440143
0.261481	0.441997
0.261481	0.455399
0.261481	0.440225
0.261481	0.508190
0.261481	0.482679
0.261481	0.530641
0.261481	0.542172
0.261481	0.527047
0.261481	0.539383
0.109748	0.578027
0.109748	0.403752
0.109748	0.441906
0.109748	0.420554
0.109748	0.470083
0.109748	0.537994
0.109748	0.525436
0.109748	0.514005
0.109748	0.531491
0.109748	0.528044
0.109748	0.478966
0.109748	0.513017
0.071106	0.471012
0.071106	0.509024
0.071106	0.566701
0.071106	0.585340
0.071106	0.559499
0.071106	0.535310
0.349030	0.582762
0.349030	0.599157
0.349030	0.603515
0.349030	0.434461
0.349030	0.440722
0.349030	0.438241
0.349030	0.440510
0.349030	0.444755
0.349030	0.451126
0.349030	0.459831
0.187734	0.468062
0.187734	0.489400
0.187734	0.528410
0.187734	0.533469
0.187734	0.582007
0.187734	0.577877
0.187734	0.429004
0.187734	0.579484
0.187734	0.428800
0.086113	0.590373
0.086113	0.591215
0.086113	0.442797
0.086113	0.590653
0.086113	0.584210
0.086113	0.589399
0.086113	0.431759
0.086113	0.449859
0.086113	0.437259
0.077971	0.512150
0.077971	0.505247
0.077971	0.547343
0.077971	0.565077
0.077971	0.591695
0.077971	0.592918
0.077971	0.436335
0.077971	0.439409
0.025743	0.436463
0.025743	0.563624
0.025743	0.443282
0.025743	0.458561
0.025743	0.474867
0.110290	0.492500
0.110290	0.465292
0.110290	0.520890
0.110290	0.484202
0.110290	0.487014
0.110290	0.582237
0.110290	0.584457
0.110290	0.585199
0.043901	0.591556
0.043901	0.590121
0.043901	0.445787
0.043901	0.442624
0.043901	0.442511
0.025013	0.537857
0.025013	0.571569
0.025013	0.568859
0.025013	0.575661
0.025013	0.473466
0.025013	0.478858
0.025013	0.472377
0.045534	0.488030
0.045534	0.483081
0.045534	0.510477
0.045534	0.560472
0.045534	0.557208
0.045534	0.468929
0.045534	0.562905
0.146181	0.480441
0.146181	0.569636
0.146181	0.580983
0.146181	0.581329
0.146181	0.572459
0.146181	0.553714
0.146181	0.573354
0.033105	0.562248
0.033105	0.593377
0.033105	0.522229
0.033105	0.491928
0.033105	0.557804
0.027540	0.582864
0.027540	0.586275
0.027540	0.590134
0.027540	0.574607
0.027540	0.582522
0.027540	0.596469
0.027540	0.593409
0.027540	0.597869
0.229162	0.601168
0.229162	0.603013
0.229162	0.588781
0.229162	0.589600
0.229162	0.587223
0.229162	0.587522
0.229162	0.592377
0.229162	0.593958
0.229162	0.595398
0.229162	0.590416
0.229162	0.592347
0.164203	0.591728
0.164203	0.591893
0.164203	0.487311
0.164203	0.495050
0.164203	0.483942
0.164203	0.489281
0.164203	0.497711
0.164203	0.499164
0.164203	0.503216
0.164203	0.502882
0.164203	0.575666
0.033033	0.582320
0.033033	0.578759
0.033033	0.587660
0.033033	0.588797
0.033033	0.583135
0.033033	0.580482
0.033033	0.579964
0.040381	0.585515
0.040381	0.598176
0.040381	0.607361
0.040381	0.599246
0.040381	0.600450
0.040381	0.602337
0.040381	0.601257
0.030070	0.602666
0.030070	0.604054
