Ground Truth	Predictions
0.129573	0.691744
0.129573	0.258712
0.129573	0.253081
0.129573	0.244116
0.129573	0.691573
0.129573	0.639031
0.129573	0.681239
0.129573	0.595372
0.203128	0.253298
0.203128	0.245681
0.203128	0.234153
0.203128	0.626531
0.203128	0.686211
0.203128	0.639765
0.203128	0.702131
0.203128	0.602958
0.115409	0.256555
0.115409	0.252809
0.115409	0.250933
0.115409	0.245638
0.115409	0.568099
0.115409	0.527126
0.115409	0.575836
0.105105	0.317576
0.105105	0.314789
0.105105	0.306550
0.105105	0.324192
0.105105	0.484468
0.105105	0.332007
0.105105	0.367385
0.105105	0.698764
0.105105	0.318445
0.105105	0.662039
0.105105	0.306622
0.144054	0.255223
0.144054	0.254639
0.144054	0.270486
0.144054	0.300442
0.144054	0.278842
0.144054	0.288197
0.144054	0.622462
0.144054	0.673526
0.144054	0.678628
0.140918	0.260702
0.140918	0.626208
0.140918	0.265393
0.140918	0.291309
0.140918	0.259949
0.140918	0.266447
0.140918	0.260450
0.140918	0.683832
0.140918	0.264679
0.140918	0.300118
0.094884	0.570292
0.094884	0.198516
0.094884	0.210936
0.094884	0.210358
0.094884	0.568306
0.094509	0.195400
0.094509	0.170161
0.094509	0.201588
0.094509	0.214344
0.056615	0.185682
0.056615	0.196374
0.056615	0.190898
0.056615	0.184544
0.056615	0.208099
0.126441	0.239218
0.126441	0.218488
0.126441	0.221709
0.126441	0.220438
0.126441	0.220940
0.126441	0.209650
0.126441	0.204291
0.126441	0.219166
0.126441	0.231096
0.126441	0.707295
0.126441	0.711816
0.353218	0.192932
0.353218	0.197809
0.353218	0.194161
0.353218	0.194190
0.353218	0.210844
0.353218	0.192573
0.353218	0.190438
0.353218	0.205141
0.266312	0.292834
0.266312	0.257891
0.266312	0.266365
0.266312	0.608201
0.266312	0.413371
0.266312	0.415967
0.266312	0.323272
0.179940	0.253117
0.179940	0.270579
0.179940	0.256576
0.179940	0.248451
0.179940	0.255365
0.179940	0.339310
0.179940	0.287242
0.179940	0.246177
0.227389	0.249470
0.227389	0.219342
0.227389	0.225905
0.227389	0.227892
0.227389	0.689063
0.227389	0.229209
0.227389	0.649034
0.227389	0.565653
0.227389	0.570845
0.227389	0.695450
0.227389	0.695050
0.250923	0.302148
0.250923	0.287435
0.250923	0.298100
0.250923	0.622967
0.250923	0.602543
0.250923	0.630765
0.250923	0.630901
0.250923	0.614359
0.250923	0.322724
0.250923	0.333153
0.250923	0.633320
0.232438	0.342522
0.232438	0.642949
0.232438	0.325277
0.232438	0.680370
0.232438	0.597318
0.232438	0.642379
0.232438	0.588699
0.232438	0.590945
0.232438	0.617597
0.272980	0.284568
0.272980	0.286719
0.272980	0.294670
0.272980	0.293002
0.272980	0.302938
0.272980	0.305108
0.272980	0.313767
0.272980	0.674072
0.165269	0.279255
0.165269	0.293443
0.165269	0.290778
0.165269	0.298319
0.165269	0.368832
0.165269	0.300144
0.165269	0.275341
0.165269	0.305661
0.165269	0.271138
0.165269	0.315165
0.165269	0.286250
0.212754	0.280670
0.212754	0.278242
0.212754	0.269073
0.212754	0.261338
0.212754	0.719692
0.370363	0.322480
0.370363	0.312928
0.370363	0.322059
0.370363	0.335961
0.370363	0.334082
0.370363	0.336192
0.370363	0.331582
0.370363	0.353875
0.370363	0.655770
0.163084	0.276246
0.163084	0.292852
0.163084	0.284244
0.163084	0.319706
0.163084	0.592615
0.163084	0.326195
0.163084	0.308710
0.319040	0.128151
0.319040	0.114027
0.319040	0.132024
0.319040	0.121059
0.136972	0.141444
0.136972	0.131501
0.136972	0.137353
0.136972	0.207755
0.136972	0.129099
0.202093	0.146582
0.202093	0.170126
0.202093	0.147896
0.202093	0.210366
0.202093	0.142339
0.202093	0.187134
0.202093	0.153230
0.126811	0.148461
0.126811	0.182251
0.126811	0.210314
0.126811	0.153167
0.126811	0.190412
0.126811	0.167853
0.126811	0.295951
0.210920	0.216284
0.210920	0.186003
0.210920	0.188545
0.210920	0.179882
0.210920	0.198423
0.210920	0.185224
0.210920	0.184406
0.210920	0.231000
0.210920	0.192253
0.210920	0.237725
0.210920	0.295184
0.114130	0.192648
0.114130	0.200933
0.114130	0.201578
0.114130	0.222247
0.114130	0.197305
0.114130	0.280273
0.114130	0.209050
0.114130	0.195669
0.114130	0.312259
0.170890	0.234633
0.170890	0.241050
0.170890	0.235767
0.170890	0.229935
0.170890	0.238779
0.170890	0.227150
0.170890	0.231037
0.076646	0.213279
0.076646	0.213945
0.076646	0.220353
0.076646	0.200115
0.076646	0.203211
0.076646	0.222028
0.076646	0.183924
0.076646	0.184362
0.199376	0.174749
0.199376	0.188404
0.199376	0.189432
0.199376	0.279152
0.199376	0.220924
0.199376	0.212512
0.199376	0.197193
0.199376	0.280843
0.369321	0.256741
0.369321	0.263325
0.369321	0.262756
0.369321	0.320049
0.369321	0.268241
0.369321	0.316251
0.369321	0.277959
0.369321	0.288365
0.369321	0.276207
0.369321	0.287462
0.369321	0.324614
0.170908	0.238251
0.170908	0.240349
0.170908	0.251339
0.170908	0.255304
0.170908	0.234693
0.170908	0.241332
0.170908	0.211200
0.170908	0.239786
0.165975	0.236819
0.165975	0.249519
0.165975	0.222407
0.165975	0.217618
0.165975	0.229477
0.165975	0.219527
0.165975	0.215523
0.099195	0.176609
0.099195	0.166034
0.099195	0.172914
0.099195	0.173071
0.121094	0.238315
0.121094	0.245412
0.121094	0.252436
0.121094	0.266599
0.121094	0.239309
0.121094	0.250719
0.121094	0.219816
0.136147	0.128551
0.136147	0.149516
0.136147	0.136601
0.136147	0.129800
0.136147	0.169461
0.136147	0.234068
0.152756	0.144087
0.152756	0.128350
0.152756	0.146389
0.152756	0.156164
0.152756	0.110650
0.156100	0.149793
0.156100	0.198900
0.156100	0.138577
0.156100	0.134704
0.156100	0.174343
0.156100	0.200294
0.156100	0.119618
0.162210	0.188361
0.162210	0.165491
0.162210	0.176590
0.162210	0.165872
0.162210	0.175640
0.162210	0.330731
0.162210	0.177439
0.162210	0.182698
0.162210	0.234124
0.146704	0.157167
0.146704	0.158240
0.146704	0.153922
0.146704	0.145374
0.146704	0.158714
0.146704	0.143695
0.146704	0.182537
0.146704	0.213065
0.121874	0.143027
0.121874	0.154108
0.121874	0.141698
0.121874	0.154789
0.121874	0.151616
0.121874	0.152615
0.121874	0.213925
0.121874	0.156196
0.173954	0.108189
0.173954	0.065183
0.173954	0.089830
0.173954	0.081157
0.369350	0.117415
0.369350	0.154772
0.369350	0.118263
0.369350	0.171838
0.369350	0.122256
0.369350	0.191603
0.369350	0.364546
0.174907	0.116879
0.174907	0.114391
0.174907	0.111086
0.174907	0.124377
0.184915	0.098019
0.184915	0.094859
0.184915	0.118257
0.184915	0.120461
0.184915	0.107845
0.184915	0.186003
0.148361	0.156047
0.148361	0.193752
0.148361	0.165573
0.148361	0.167254
0.148361	0.175622
0.148361	0.172025
0.148361	0.192318
0.148361	0.157132
0.148361	0.176711
0.148361	0.159481
0.168465	0.182324
0.168465	0.188131
0.168465	0.171733
0.168465	0.299270
0.168465	0.196278
0.168465	0.195622
0.168465	0.208326
0.168465	0.197823
0.177494	0.135015
0.177494	0.138268
0.177494	0.145416
0.177494	0.140069
0.177494	0.127135
0.177494	0.147211
0.177494	0.118512
0.177494	0.113142
0.224378	0.125728
0.224378	0.125247
0.224378	0.163590
0.224378	0.258376
0.224378	0.128424
0.204088	0.263216
0.204088	0.169040
0.204088	0.172402
0.204088	0.159124
0.204088	0.228555
0.204088	0.167684
0.204088	0.156189
0.204088	0.241458
0.127461	0.222537
0.127461	0.224491
0.127461	0.233703
0.127461	0.222448
0.127461	0.210880
0.127461	0.245786
0.127461	0.232824
0.127461	0.227025
0.127461	0.223916
0.127461	0.242817
0.127461	0.223888
0.128528	0.169966
0.128528	0.187024
0.128528	0.187406
0.128528	0.180942
0.230595	0.201364
0.230595	0.185223
0.230595	0.191253
0.230595	0.179515
0.230595	0.193002
0.230595	0.210238
0.230595	0.179983
0.230595	0.176688
0.093221	0.306899
0.093221	0.315250
0.093221	0.308499
0.093221	0.303049
0.093221	0.311220
0.093221	0.297768
0.093221	0.291673
0.093221	0.314649
0.093221	0.312975
0.093221	0.321666
0.093221	0.307954
0.149224	0.216612
0.149224	0.194314
0.149224	0.194610
0.149224	0.203702
0.240797	0.182506
0.240797	0.194571
0.240797	0.191632
0.240797	0.194725
0.240797	0.185206
0.240797	0.192386
0.240797	0.176070
0.240797	0.215215
0.277020	0.272274
0.277020	0.243206
0.277020	0.230407
0.277020	0.268300
0.277020	0.319421
0.277020	0.266543
0.277020	0.279178
0.277020	0.484670
0.189676	0.146500
0.189676	0.128398
0.189676	0.143254
0.189676	0.123760
0.189676	0.131857
0.189676	0.170038
0.189676	0.152723
0.268469	0.203637
0.268469	0.196894
0.268469	0.201263
0.268469	0.240149
0.268469	0.247340
0.268469	0.243966
0.268469	0.292777
0.268469	0.246927
0.268469	0.230640
0.268469	0.291422
0.268469	0.257860
0.100455	0.141968
0.100455	0.148780
0.100455	0.145957
0.100455	0.131050
0.100455	0.129516
0.100455	0.138907
0.100455	0.156311
0.100455	0.132865
0.177986	0.131076
0.177986	0.137130
0.177986	0.142257
0.177986	0.158402
0.177986	0.114964
0.147403	0.136778
0.147403	0.134083
0.147403	0.135572
0.147403	0.125556
0.147403	0.131267
0.147403	0.175859
0.300482	0.221558
0.300482	0.207492
0.300482	0.216136
0.300482	0.196941
0.300482	0.216920
0.300482	0.210701
0.300482	0.239198
0.300482	0.236769
0.300482	0.229931
0.300482	0.223755
0.300482	0.316866
0.290494	0.125756
0.290494	0.114844
0.290494	0.121878
0.290494	0.152978
0.290494	0.127124
0.290494	0.130219
0.237361	0.129185
0.237361	0.145671
0.237361	0.137801
0.237361	0.126878
0.237361	0.121335
0.237361	0.128922
0.237361	0.178171
0.189639	0.212779
0.189639	0.199514
0.189639	0.205075
0.189639	0.186912
0.189639	0.207083
0.189639	0.172482
0.189639	0.167971
0.103245	0.150668
0.103245	0.148155
0.103245	0.175371
0.103245	0.150568
0.103245	0.150842
0.103245	0.155826
0.103245	0.152802
0.103245	0.152436
0.159752	0.229211
0.159752	0.536099
0.159752	0.517127
0.159752	0.625424
0.159752	0.634699
0.159752	0.531222
0.159752	0.534893
0.159752	0.209471
0.215186	0.180583
0.215186	0.551001
0.215186	0.183605
0.215186	0.242174
0.182009	0.158279
0.182009	0.156103
0.182009	0.160363
0.182009	0.166644
0.182009	0.212339
0.182009	0.198464
0.182009	0.157175
0.182009	0.224465
0.143865	0.168647
0.143865	0.156315
0.143865	0.163973
0.143865	0.173726
0.143865	0.185635
0.143865	0.188984
0.143865	0.160919
0.134170	0.136388
0.134170	0.144235
0.134170	0.146045
0.134170	0.147685
0.134170	0.136755
0.134170	0.153795
0.134170	0.158882
0.101204	0.160742
0.101204	0.152894
0.101204	0.152694
0.101204	0.166595
0.101204	0.148997
0.101204	0.225491
0.101204	0.149160
0.223756	0.185733
0.223756	0.184102
0.223756	0.166555
0.223756	0.161948
0.223756	0.161636
0.223756	0.177080
0.223756	0.150513
0.223756	0.199097
0.223756	0.158842
0.223756	0.178193
0.223756	0.175843
0.070308	0.124805
0.070308	0.124681
0.070308	0.129536
0.070308	0.116321
0.070308	0.106821
0.145449	0.149590
0.145449	0.146888
0.145449	0.146485
0.145449	0.160654
0.145449	0.182563
0.145449	0.141386
0.145449	0.128753
0.123609	0.147859
0.123609	0.154076
0.123609	0.168063
0.123609	0.162567
0.123609	0.153678
0.123609	0.168443
0.123609	0.149611
0.123609	0.151558
0.123609	0.155266
0.123609	0.158995
0.123609	0.158378
0.123609	0.196539
0.085465	0.107780
0.085465	0.109731
0.085465	0.115123
0.085465	0.089603
0.237463	0.157911
0.237463	0.167214
0.237463	0.167670
0.237463	0.179244
0.237463	0.172467
0.237463	0.172231
0.237463	0.185863
0.237463	0.281136
0.237463	0.187793
0.106828	0.144891
0.106828	0.137031
0.106828	0.144974
0.106828	0.150170
0.106828	0.163605
0.106828	0.141646
0.106828	0.133424
0.260267	0.170472
0.260267	0.163538
0.260267	0.172324
0.260267	0.205443
0.260267	0.184879
0.260267	0.199934
0.260267	0.185582
0.260267	0.312746
0.260267	0.415463
0.121654	0.128429
0.121654	0.137585
0.121654	0.138753
0.121654	0.137491
0.121654	0.142547
0.121654	0.140348
0.121654	0.157356
0.121654	0.140470
0.303183	0.126645
0.303183	0.124721
0.303183	0.125835
0.303183	0.122454
0.303183	0.176828
0.303183	0.124923
0.222806	0.140015
0.222806	0.135854
0.222806	0.143530
0.222806	0.158177
0.222806	0.136253
0.222806	0.149375
0.222806	0.135105
0.222806	0.120930
0.130573	0.145267
0.130573	0.148227
0.130573	0.158100
0.130573	0.173633
0.130573	0.197466
0.122946	0.179662
0.122946	0.157338
0.122946	0.172563
0.122946	0.199699
0.122946	0.157899
0.122946	0.159823
0.122946	0.168220
0.197078	0.239836
0.197078	0.250343
0.197078	0.251282
0.197078	0.281024
0.197078	0.258622
0.197078	0.278498
0.197078	0.268041
0.150435	0.165486
0.150435	0.188766
0.150435	0.167570
0.150435	0.179890
0.150435	0.172601
0.150435	0.210321
0.093041	0.249427
0.093041	0.227586
0.093041	0.193254
0.093041	0.239056
0.093041	0.204989
0.093041	0.220728
0.093041	0.176514
0.093041	0.170850
0.301903	0.167739
0.301903	0.200462
0.301903	0.157202
0.301903	0.163256
0.112678	0.255507
0.112678	0.262173
0.112678	0.280038
0.112678	0.257823
0.112678	0.282573
0.112678	0.260949
0.112678	0.261815
0.112678	0.270791
0.146755	0.240063
0.146755	0.210458
0.146755	0.210746
0.146755	0.211158
0.146755	0.216048
0.146755	0.225528
0.146755	0.648014
0.146755	0.663164
0.113040	0.199329
0.113040	0.193869
0.113040	0.204657
0.113040	0.202934
0.113040	0.511485
0.116482	0.326625
0.116482	0.338791
0.116482	0.347948
0.116482	0.318644
0.116482	0.343962
0.116482	0.333148
0.116482	0.296662
0.116482	0.305631
0.074588	0.210187
0.074588	0.206111
0.074588	0.217490
0.074588	0.208482
0.074588	0.227413
0.074588	0.212506
0.074588	0.198944
0.074588	0.515640
0.159434	0.296776
0.159434	0.303045
0.159434	0.309138
0.159434	0.291312
0.159434	0.304378
0.159434	0.268384
0.159434	0.262937
0.100195	0.238156
0.100195	0.239538
0.100195	0.248762
0.100195	0.241691
0.100195	0.251184
0.100195	0.262882
0.100195	0.292027
0.189943	0.194875
0.189943	0.197683
0.189943	0.195749
0.189943	0.244976
0.189943	0.195509
0.189943	0.190759
0.189943	0.186321
0.189943	0.195081
0.189943	0.197508
0.189943	0.198363
0.189943	0.221163
0.130287	0.186205
0.130287	0.188130
0.130287	0.193387
0.130287	0.181895
0.296179	0.199497
0.296179	0.202424
0.296179	0.205576
0.296179	0.700610
0.205989	0.196909
0.205989	0.238043
0.205989	0.195938
0.205989	0.186240
0.116347	0.194505
0.116347	0.184249
0.116347	0.185159
0.116347	0.190427
0.116347	0.171763
0.168744	0.214606
0.168744	0.209633
0.168744	0.216630
0.168744	0.174948
0.168744	0.269789
0.168744	0.222994
0.168744	0.268736
0.308601	0.229312
0.308601	0.227516
0.308601	0.224315
0.308601	0.265207
0.308601	0.231041
0.308601	0.250703
0.308601	0.742899
0.308601	0.695129
0.308601	0.622865
0.308601	0.253961
0.308601	0.741515
0.232517	0.245727
0.232517	0.261949
0.232517	0.265215
0.232517	0.267273
0.232517	0.232380
0.232517	0.272772
0.232517	0.269537
0.232517	0.280070
0.232517	0.471009
0.232517	0.323848
0.232517	0.294040
0.232517	0.511905
0.179516	0.120423
0.179516	0.106960
0.179516	0.121406
0.179516	0.129271
0.282597	0.145786
0.282597	0.136897
0.282597	0.140531
0.282597	0.142593
0.282597	0.132018
0.282597	0.132072
0.282597	0.161212
0.205140	0.166487
0.205140	0.176172
0.205140	0.171082
0.205140	0.152903
0.205140	0.174820
0.205140	0.179152
0.205140	0.163611
0.205140	0.188659
0.205140	0.191609
0.304352	0.126701
0.304352	0.125991
0.304352	0.129784
0.304352	0.138604
0.304352	0.142745
0.304352	0.135659
0.290057	0.159189
0.290057	0.159046
0.290057	0.159692
0.290057	0.195096
0.290057	0.179430
0.290057	0.131962
0.290057	0.139454
0.170859	0.155598
0.170859	0.158208
0.170859	0.164965
0.170859	0.156959
0.213889	0.163593
0.213889	0.179014
0.213889	0.164175
0.213889	0.159017
0.138016	0.234977
0.138016	0.235163
0.138016	0.244389
0.138016	0.226006
0.138016	0.247796
0.138016	0.247197
0.138016	0.227797
0.196454	0.336641
0.196454	0.345297
0.196454	0.357653
0.196454	0.326288
0.196454	0.364354
0.196454	0.335946
0.196454	0.323862
0.142398	0.272839
0.142398	0.268513
0.142398	0.281478
0.142398	0.267078
0.142398	0.302579
0.142398	0.280758
0.142398	0.254076
0.142398	0.558324
0.118387	0.398665
0.118387	0.409630
0.118387	0.426066
0.118387	0.422150
0.118387	0.450719
0.118387	0.431746
0.118387	0.413225
0.118387	0.442697
0.118387	0.434033
0.118387	0.469971
0.118387	0.526969
0.134116	0.254890
0.134116	0.254909
0.134116	0.267698
0.134116	0.272317
0.134116	0.253834
0.134116	0.460942
0.134116	0.527798
0.160268	0.262020
0.160268	0.267767
0.160268	0.263568
0.160268	0.280133
0.160268	0.259819
0.160268	0.260356
0.160268	0.455498
0.203346	0.249549
0.203346	0.246566
0.203346	0.253272
0.203346	0.266792
0.203346	0.262395
0.203346	0.259897
0.203346	0.242768
0.203346	0.695884
0.203346	0.268739
0.203346	0.291021
0.203346	0.723378
0.071033	0.643481
0.071033	0.235523
0.071033	0.226000
0.071033	0.670269
0.071033	0.761142
0.206078	0.360458
0.206078	0.329797
0.206078	0.334743
0.206078	0.620424
0.206078	0.329585
0.206078	0.332568
0.206078	0.298688
0.206078	0.301926
0.237105	0.356978
0.237105	0.630848
0.237105	0.343359
0.237105	0.347505
0.237105	0.634184
0.237105	0.657002
0.237105	0.341447
0.293467	0.751810
0.293467	0.378476
0.293467	0.366693
0.293467	0.384838
0.293467	0.740566
0.293467	0.722669
0.293467	0.723840
0.293467	0.747341
0.293467	0.775329
0.257405	0.672127
0.257405	0.347788
0.257405	0.346553
0.257405	0.678676
0.257405	0.691333
0.257405	0.659585
0.257405	0.703083
0.257405	0.670979
0.150738	0.670059
0.150738	0.464508
0.150738	0.469136
0.150738	0.698392
0.150738	0.657829
0.150738	0.575860
0.150738	0.629761
0.150738	0.625444
0.150738	0.621067
0.150738	0.635248
0.150738	0.575579
0.187497	0.305905
0.187497	0.336389
0.187497	0.319827
0.187497	0.314184
0.104575	0.393751
0.104575	0.382512
0.104575	0.385412
0.104575	0.388467
0.104575	0.382669
0.104575	0.369865
0.104575	0.619852
0.104575	0.612396
0.172771	0.355251
0.172771	0.330067
0.172771	0.340851
0.172771	0.345637
0.172771	0.348276
0.172771	0.342141
0.172771	0.347070
0.172771	0.673946
0.172771	0.708266
0.121588	0.276584
0.121588	0.271047
0.121588	0.285903
0.121588	0.272460
0.121588	0.584295
0.166735	0.272928
0.166735	0.290226
0.166735	0.283048
0.166735	0.277002
0.215638	0.197175
0.215638	0.184597
0.215638	0.196154
0.215638	0.181983
0.215638	0.170614
0.215638	0.247473
0.215638	0.240816
0.316504	0.224065
0.316504	0.233699
0.316504	0.241485
0.316504	0.236549
0.316504	0.266390
0.316504	0.223570
0.316504	0.220287
0.316504	0.233784
0.316504	0.219637
0.152675	0.171420
0.152675	0.184206
0.152675	0.152744
0.152675	0.150700
0.138666	0.217401
0.138666	0.206765
0.138666	0.235301
0.138666	0.213105
0.138666	0.235341
0.138666	0.215885
0.138666	0.232332
0.138666	0.289463
0.138666	0.246582
0.095817	0.161238
0.095817	0.186530
0.095817	0.168416
0.095817	0.151912
0.095817	0.199568
0.095817	0.174428
0.095817	0.202924
0.095817	0.223303
0.089221	0.175848
0.089221	0.149842
0.089221	0.161099
0.089221	0.161991
0.089221	0.147772
0.089221	0.187401
0.065447	0.225159
0.065447	0.158979
0.065447	0.221042
0.065447	0.172844
0.065447	0.183536
0.065447	0.184033
0.065447	0.206589
0.116921	0.212576
0.116921	0.151193
0.116921	0.219892
0.116921	0.159921
0.116921	0.162391
0.116921	0.237855
0.116921	0.222993
0.050317	0.160360
0.050317	0.150458
0.050317	0.173176
0.050317	0.156222
0.050317	0.140175
0.050317	0.159382
0.137701	0.198304
0.137701	0.154386
0.137701	0.191454
0.137701	0.182663
0.137701	0.182739
0.137701	0.151269
0.198101	0.227765
0.198101	0.226034
0.198101	0.235380
0.198101	0.269442
0.198101	0.223335
0.198101	0.225922
0.198101	0.228691
0.198101	0.178485
0.198101	0.194824
0.066054	0.186906
0.066054	0.258135
0.066054	0.266127
0.066054	0.185519
0.066054	0.193059
0.066054	0.154230
0.066054	0.226173
0.066054	0.156231
0.053789	0.173438
0.053789	0.150685
0.053789	0.251442
0.053789	0.284335
0.053789	0.190156
0.053789	0.275535
0.053789	0.265967
0.053789	0.186869
0.064135	0.200532
0.064135	0.191543
0.064135	0.195276
0.064135	0.186738
0.064135	0.178917
0.064135	0.184711
0.064135	0.159202
0.104254	0.212746
0.104254	0.202793
0.104254	0.219409
0.104254	0.222738
0.104254	0.229378
0.104254	0.238595
0.104254	0.287473
0.104254	0.239367
0.104254	0.334390
0.328446	0.233720
0.328446	0.231069
0.328446	0.250548
0.328446	0.238672
0.328446	0.282122
0.328446	0.282444
0.328446	0.191855
0.328446	0.211209
0.328446	0.177799
0.229675	0.168421
0.229675	0.162453
0.229675	0.173967
0.229675	0.170644
0.229675	0.165950
0.229675	0.203009
0.229675	0.252484
0.250581	0.237948
0.250581	0.245999
0.250581	0.259362
0.250581	0.239205
0.250581	0.237757
0.250581	0.188111
0.250581	0.229468
0.250581	0.239296
0.250581	0.221035
0.250581	0.171466
0.300244	0.231541
0.300244	0.229366
0.300244	0.245329
0.300244	0.244826
0.300244	0.242766
0.300244	0.232308
0.300244	0.257656
0.300244	0.456411
0.072770	0.329996
0.072770	0.319074
0.072770	0.334129
0.072770	0.342408
0.072770	0.346433
0.072770	0.337329
0.072770	0.535814
0.072770	0.610422
0.151812	0.443068
0.151812	0.410122
0.151812	0.413966
0.151812	0.562112
0.151812	0.428557
0.151812	0.531399
0.151812	0.462042
0.087308	0.300812
0.087308	0.625437
0.087308	0.300969
0.087308	0.286554
0.095996	0.641663
0.095996	0.638112
0.095996	0.647336
0.095996	0.636326
0.211542	0.410922
0.211542	0.397470
0.211542	0.651785
0.211542	0.678178
0.211542	0.396677
0.211542	0.400999
0.211542	0.417276
0.104841	0.711379
0.104841	0.688528
0.104841	0.372615
0.104841	0.381605
0.104841	0.706541
0.056108	0.717914
0.056108	0.716576
0.056108	0.421000
0.056108	0.716229
0.056108	0.719923
0.056108	0.706307
0.056108	0.734924
0.056108	0.695089
0.103916	0.396956
0.103916	0.705272
0.103916	0.398761
0.103916	0.734900
0.103916	0.718155
0.103916	0.396231
0.103916	0.384512
0.103916	0.727871
0.059419	0.318548
0.059419	0.711127
0.059419	0.321287
0.059419	0.325031
0.100007	0.351722
0.100007	0.341714
0.100007	0.345916
0.100007	0.355262
0.100007	0.665015
0.100007	0.664081
0.100007	0.659132
0.100007	0.681009
0.100007	0.680776
0.100007	0.667334
0.100007	0.673022
0.115581	0.309344
0.115581	0.286349
0.115581	0.312735
0.115581	0.305895
0.083140	0.360483
0.083140	0.354577
0.083140	0.358911
0.083140	0.364023
0.083140	0.355966
0.083140	0.366425
0.083140	0.644168
0.096996	0.260228
0.096996	0.263607
0.096996	0.270316
0.096996	0.262654
0.096996	0.282183
0.116420	0.337272
0.116420	0.325498
0.116420	0.329018
0.116420	0.342472
0.116420	0.578468
0.116420	0.337884
0.116420	0.580288
0.116420	0.622642
0.070760	0.301750
0.070760	0.283962
0.070760	0.290814
0.070760	0.310254
0.070760	0.307664
0.070760	0.298409
0.070760	0.307129
0.070760	0.307575
0.147900	0.256350
0.147900	0.243021
0.147900	0.255188
0.147900	0.249187
0.147900	0.286056
0.147900	0.223570
0.147900	0.206750
0.147900	0.236498
0.147900	0.204393
0.147900	0.193782
0.147900	0.188963
0.147900	0.211484
0.157095	0.169284
0.157095	0.169211
0.157095	0.186445
0.157095	0.178140
0.157095	0.154836
0.157095	0.201633
0.104908	0.167230
0.104908	0.162412
0.104908	0.178756
0.104908	0.158826
0.168115	0.167184
0.168115	0.165826
0.168115	0.173116
0.168115	0.151975
0.168115	0.160188
0.168115	0.271802
0.168115	0.180770
0.536716	0.266385
0.536716	0.263657
0.536716	0.284288
0.536716	0.273056
0.536716	0.248894
0.536716	0.224231
0.536716	0.183308
0.536716	0.196964
0.536716	0.287020
0.536716	0.257083
0.536716	0.261011
0.062035	0.186926
0.062035	0.184466
0.062035	0.166766
0.062035	0.147856
0.049557	0.138258
0.049557	0.145704
0.049557	0.151159
0.049557	0.155920
0.049557	0.123255
0.049557	0.180411
0.048248	0.173335
0.048248	0.208041
0.048248	0.187220
0.048248	0.184538
0.048248	0.247115
0.048248	0.173925
0.048248	0.152233
0.048248	0.235885
0.143225	0.161729
0.143225	0.168256
0.143225	0.165488
0.143225	0.156210
0.143225	0.142491
0.143225	0.173290
0.143225	0.159360
0.143225	0.164745
0.143225	0.160635
0.143225	0.172994
0.143225	0.182541
0.143225	0.151525
0.143225	0.237011
0.143225	0.234206
0.074267	0.200738
0.074267	0.200843
0.074267	0.214329
0.074267	0.200193
0.074267	0.193820
0.074267	0.191666
0.074267	0.194928
0.074267	0.208389
0.074267	0.213226
0.074267	0.197740
0.074267	0.207409
0.171886	0.198583
0.171886	0.189729
0.171886	0.200397
0.171886	0.194992
0.171886	0.234367
0.171886	0.162170
0.171886	0.155241
0.171886	0.182541
0.171886	0.199113
0.081367	0.216364
0.081367	0.211290
0.081367	0.189875
0.081367	0.175087
0.081367	0.179372
0.081367	0.200355
0.081367	0.173782
0.081367	0.198912
0.081367	0.183558
0.081367	0.186764
0.075527	0.136704
0.075527	0.126718
0.075527	0.133190
0.075527	0.130974
0.075527	0.140232
0.075527	0.117488
0.054159	0.155952
0.054159	0.147496
0.054159	0.158932
0.054159	0.186757
0.054159	0.248527
0.081205	0.166948
0.081205	0.160289
0.081205	0.177038
0.081205	0.158878
0.081205	0.167601
0.081205	0.175176
0.081205	0.187072
0.331369	0.265040
0.331369	0.258658
0.331369	0.273499
0.331369	0.255305
0.331369	0.254756
0.331369	0.279607
0.331369	0.227862
0.331369	0.181496
0.331369	0.177584
0.331369	0.247645
0.331369	0.244116
0.196460	0.167215
0.196460	0.174232
0.196460	0.179045
0.196460	0.159827
0.196460	0.174371
0.196460	0.172345
0.196460	0.199709
0.196460	0.219752
0.241242	0.245180
0.241242	0.246648
0.241242	0.256560
0.241242	0.252137
0.241242	0.303917
0.241242	0.177561
0.241242	0.263632
0.241242	0.192579
0.157623	0.231185
0.157623	0.229719
0.157623	0.239824
0.157623	0.225218
0.157623	0.228754
0.157623	0.228774
0.157623	0.250252
0.157623	0.254232
0.077526	0.229757
0.077526	0.224487
0.077526	0.293850
0.077526	0.236121
0.077526	0.268253
0.077526	0.274178
0.077526	0.191726
0.077526	0.296544
0.147907	0.340250
0.147907	0.309336
0.147907	0.311376
0.147907	0.323388
0.147907	0.328162
0.147907	0.319234
0.147907	0.541126
0.147907	0.598971
0.182270	0.283141
0.182270	0.271872
0.182270	0.275044
0.182270	0.280350
0.182270	0.280000
0.182270	0.282330
0.182270	0.278403
0.182270	0.624811
0.182270	0.600809
0.077800	0.267889
0.077800	0.265029
0.077800	0.271771
0.077800	0.271961
0.077800	0.608818
0.077800	0.619652
0.294897	0.449550
0.294897	0.433177
0.294897	0.448547
0.294897	0.449539
0.294897	0.429735
0.294897	0.425564
0.294897	0.631805
0.294897	0.427969
0.294897	0.638175
0.130367	0.350840
0.130367	0.337736
0.130367	0.341945
0.130367	0.344408
0.130367	0.653313
0.130367	0.355021
0.130367	0.339248
0.130367	0.635974
0.130367	0.640931
0.130367	0.640324
0.130367	0.612831
0.130367	0.647397
0.184248	0.365181
0.184248	0.353849
0.184248	0.364898
0.184248	0.745399
0.184248	0.772723
0.094618	0.540120
0.094618	0.547149
0.094618	0.532790
0.094618	0.791386
0.094618	0.778071
0.094618	0.783637
0.094618	0.502192
0.121541	0.496855
0.121541	0.771666
0.121541	0.519577
0.121541	0.529862
0.121541	0.777241
0.121541	0.513147
0.121541	0.490920
0.121541	0.787148
0.191907	0.474367
0.191907	0.785311
0.191907	0.465929
0.191907	0.651192
0.191907	0.777527
0.191907	0.773889
0.191907	0.742758
0.191907	0.727147
0.191907	0.697362
0.128086	0.483932
0.128086	0.490913
0.128086	0.505373
0.128086	0.503642
0.128086	0.687420
0.128086	0.684635
0.128086	0.490503
0.139387	0.429432
0.139387	0.428349
0.139387	0.443674
0.139387	0.432945
0.139387	0.443649
0.139387	0.443037
0.139387	0.738783
0.139387	0.420977
0.139387	0.725892
0.139387	0.687735
0.259201	0.374663
0.259201	0.375019
0.259201	0.381187
0.259201	0.361286
0.259201	0.684384
0.259201	0.712225
0.259201	0.478382
0.162263	0.415511
0.162263	0.420553
0.162263	0.438729
0.162263	0.414216
0.162263	0.719926
0.162263	0.690612
0.162263	0.682961
0.162263	0.711934
0.162263	0.681260
0.162263	0.678428
0.162263	0.662571
0.290287	0.277817
0.290287	0.272329
0.290287	0.289523
0.290287	0.267829
0.290287	0.764180
0.290287	0.674088
0.290287	0.687805
0.290287	0.675871
0.160259	0.271195
0.160259	0.273432
0.160259	0.275717
0.160259	0.273304
0.160259	0.603860
0.160259	0.594151
0.105568	0.277707
0.105568	0.276805
0.105568	0.279349
0.105568	0.276773
0.105568	0.294001
0.105568	0.282033
0.105568	0.296256
0.105568	0.584166
0.274827	0.232871
0.274827	0.234245
0.274827	0.259963
0.274827	0.253615
0.274827	0.279233
0.274827	0.274345
0.274827	0.301711
0.274827	0.281884
0.090829	0.292205
0.090829	0.284122
0.090829	0.291079
0.090829	0.286799
0.090829	0.313190
0.090829	0.307266
0.090829	0.345220
0.090829	0.418426
0.090829	0.293209
0.301842	0.279911
0.301842	0.291919
0.301842	0.311181
0.301842	0.312618
0.301842	0.311891
0.301842	0.214782
0.301842	0.260810
0.301842	0.234532
0.301842	0.270901
0.301842	0.255476
0.301842	0.202854
0.301842	0.271344
0.133064	0.244152
0.133064	0.233817
0.133064	0.251821
0.133064	0.238516
0.133064	0.227796
0.133064	0.258507
0.133064	0.222197
0.133064	0.245671
0.133064	0.251337
0.133064	0.248640
0.133064	0.246446
0.133064	0.261758
0.291303	0.242176
0.291303	0.232940
0.291303	0.253069
0.291303	0.260596
0.291303	0.305025
0.291303	0.266523
0.291303	0.296625
0.291303	0.225151
0.224037	0.153952
0.224037	0.141008
0.224037	0.159606
0.224037	0.156392
0.123804	0.215278
0.123804	0.206170
0.123804	0.233015
0.123804	0.225244
0.123804	0.202832
0.123804	0.237508
0.123804	0.188283
0.123804	0.197024
0.123804	0.195894
0.048286	0.134928
0.048286	0.140756
0.048286	0.141139
0.048286	0.138441
0.048286	0.131505
0.072501	0.181551
0.072501	0.165670
0.072501	0.207179
0.072501	0.187944
0.072501	0.170898
0.072501	0.197928
0.072501	0.199360
0.072501	0.179687
0.045216	0.154624
0.045216	0.125976
0.045216	0.134420
0.045216	0.130110
0.045216	0.126418
0.045216	0.125113
0.045216	0.135362
0.075526	0.106977
0.075526	0.084360
0.075526	0.114910
0.075526	0.105445
0.063103	0.100240
0.063103	0.082563
0.063103	0.098037
0.063103	0.127357
0.046723	0.112786
0.046723	0.122479
0.046723	0.125930
0.046723	0.113721
0.046723	0.114407
0.046723	0.116978
0.046723	0.090370
0.046723	0.102513
0.050452	0.162113
0.050452	0.129070
0.050452	0.135249
0.050452	0.122107
0.050452	0.198223
0.050452	0.147863
0.229278	0.245811
0.229278	0.244770
0.229278	0.248494
0.229278	0.237363
0.229278	0.250327
0.229278	0.295800
0.229278	0.198682
0.229278	0.184007
0.229278	0.162655
0.229278	0.248920
0.229278	0.204739
0.043788	0.212885
0.043788	0.149055
0.043788	0.195926
0.043788	0.133149
0.043788	0.205559
0.045451	0.199104
0.045451	0.213664
0.045451	0.209854
0.045451	0.187951
0.045451	0.198977
0.045451	0.236267
0.045451	0.181727
0.045451	0.205184
0.173774	0.165042
0.173774	0.168055
0.173774	0.175095
0.173774	0.204018
0.173774	0.160890
0.173774	0.187174
0.173774	0.173398
0.173774	0.216299
0.173774	0.162477
0.173774	0.294266
0.173774	0.178382
0.173774	0.233371
0.107603	0.230923
0.107603	0.155524
0.107603	0.248445
0.107603	0.178308
0.107603	0.173138
0.107603	0.148255
0.107603	0.184875
0.107603	0.183278
0.093778	0.207659
0.093778	0.151824
0.093778	0.218952
0.093778	0.177309
0.093778	0.194033
0.160706	0.213457
0.160706	0.253910
0.160706	0.222393
0.160706	0.205054
0.160706	0.158009
0.160706	0.146646
0.160706	0.221075
0.160706	0.184402
0.290517	0.248653
0.290517	0.224540
0.290517	0.235994
0.290517	0.231008
0.290517	0.224557
0.290517	0.213116
0.290517	0.252614
0.290517	0.248936
0.290517	0.246368
0.290517	0.248542
0.290517	0.270399
0.217092	0.157342
0.217092	0.166375
0.217092	0.172618
0.217092	0.155110
0.217092	0.166066
0.217092	0.179847
0.217092	0.166389
0.217092	0.170909
0.217092	0.175001
0.217092	0.175409
0.217092	0.187988
0.217092	0.158369
0.217092	0.191295
0.217092	0.156310
0.115953	0.196118
0.115953	0.196618
0.115953	0.198871
0.115953	0.182121
0.115953	0.171811
0.115953	0.183637
0.115953	0.203802
0.115953	0.166399
0.115953	0.234842
0.083367	0.133962
0.083367	0.126682
0.083367	0.130016
0.083367	0.142164
0.083367	0.105307
0.083367	0.126292
0.052954	0.136157
0.052954	0.130955
0.052954	0.134060
0.052954	0.143409
0.052954	0.145280
0.052954	0.161465
0.052954	0.145510
0.069556	0.203387
0.069556	0.211431
0.069556	0.220088
0.069556	0.232448
0.069556	0.206117
0.069556	0.209662
0.069556	0.237509
0.069556	0.226799
0.069556	0.187424
0.069556	0.208085
0.069556	0.299313
0.136637	0.163175
0.136637	0.165966
0.136637	0.159459
0.136637	0.209265
0.136637	0.178199
0.136637	0.153931
0.136637	0.153600
0.229250	0.162006
0.229250	0.180840
0.229250	0.178022
0.229250	0.189996
0.229250	0.166607
0.229250	0.172079
0.229250	0.168822
0.229250	0.135890
0.229250	0.186278
0.229250	0.195929
0.229250	0.135674
0.229250	0.176645
0.140025	0.161420
0.140025	0.151857
0.140025	0.168063
0.140025	0.166674
0.140025	0.250364
0.140025	0.165857
0.140025	0.154074
0.140025	0.173006
0.082618	0.225432
0.082618	0.224119
0.082618	0.234963
0.082618	0.229402
0.082618	0.250154
0.082618	0.201384
0.082618	0.284049
0.082618	0.221203
0.082618	0.238370
0.082618	0.197590
0.082618	0.205284
0.399045	0.138182
0.399045	0.135340
0.399045	0.142960
0.399045	0.132628
0.399045	0.194839
0.399045	0.151014
0.399045	0.250168
0.399045	0.126505
0.399045	0.211997
0.399045	0.136510
0.399045	0.136285
0.228008	0.173654
0.228008	0.175985
0.228008	0.191417
0.228008	0.175111
0.228008	0.188722
0.228008	0.207636
0.228008	0.271450
0.228008	0.207612
0.228008	0.217039
0.228008	0.178190
0.228008	0.183859
0.228008	0.221457
0.228008	0.176964
0.228008	0.174822
0.114740	0.153224
0.114740	0.144980
0.114740	0.162758
0.114740	0.149469
0.350831	0.266303
0.350831	0.267984
0.350831	0.277096
0.350831	0.262743
0.350831	0.300666
0.350831	0.283675
0.350831	0.332985
0.350831	0.227196
0.350831	0.230331
0.350831	0.317285
0.350831	0.294767
0.115922	0.297237
0.115922	0.292167
0.115922	0.304406
0.115922	0.305213
0.115922	0.304306
0.115922	0.285015
0.115922	0.309264
0.115922	0.301036
0.115922	0.320122
0.115922	0.307150
0.115922	0.315963
0.183233	0.286515
0.183233	0.288670
0.183233	0.315405
0.183233	0.293095
0.183233	0.354520
0.183233	0.327842
0.183233	0.272629
0.183233	0.262310
0.183233	0.255839
0.112327	0.221282
0.112327	0.207451
0.112327	0.227242
0.112327	0.227900
0.112327	0.226591
0.112327	0.223353
0.112327	0.193416
0.112327	0.334598
0.122220	0.210800
0.122220	0.206344
0.122220	0.232065
0.122220	0.216558
0.122220	0.365793
0.173344	0.215494
0.173344	0.208745
0.173344	0.226301
0.173344	0.218427
0.173344	0.232705
0.173344	0.276809
0.078509	0.362691
0.078509	0.354197
0.078509	0.368144
0.078509	0.670174
0.078509	0.734460
0.078509	0.411619
0.078509	0.664922
0.078509	0.638744
0.245794	0.252542
0.245794	0.237165
0.245794	0.261052
0.245794	0.250443
0.123581	0.408784
0.123581	0.407784
0.123581	0.416365
0.123581	0.407304
0.123581	0.385429
0.123581	0.428027
0.123581	0.392690
0.123581	0.670614
0.123581	0.399320
0.123581	0.666017
0.123581	0.639947
0.123581	0.628149
0.321130	0.309423
0.321130	0.310388
0.321130	0.324457
0.321130	0.318857
0.321130	0.368944
0.321130	0.712455
0.321130	0.706880
0.321130	0.682496
0.321130	0.695147
0.111909	0.452807
0.111909	0.445743
0.111909	0.455478
0.111909	0.444064
0.111909	0.477010
0.111909	0.703883
0.111909	0.659758
0.111909	0.704497
0.111909	0.671154
0.111909	0.661065
0.111909	0.675568
0.221034	0.366115
0.221034	0.357113
0.221034	0.366642
0.221034	0.391995
0.221034	0.411704
0.221034	0.368207
0.221034	0.729984
0.221034	0.774696
0.221034	0.771402
0.101040	0.482617
0.101040	0.692934
0.101040	0.475899
0.101040	0.748687
0.101040	0.728557
0.101040	0.725860
0.101040	0.459725
0.057299	0.427864
0.057299	0.713646
0.057299	0.747634
0.057299	0.421204
0.057299	0.726867
0.057299	0.448723
0.057299	0.416141
0.057299	0.736296
0.217755	0.694809
0.217755	0.697027
0.217755	0.414659
0.217755	0.528512
0.217755	0.668047
0.217755	0.675149
0.166617	0.367934
0.166617	0.373053
0.166617	0.401564
0.166617	0.366962
0.166617	0.359952
0.166617	0.712672
0.166617	0.662463
0.166617	0.675938
0.166617	0.687837
0.314750	0.381974
0.314750	0.377086
0.314750	0.391007
0.314750	0.369583
0.314750	0.399465
0.314750	0.630354
0.314750	0.385445
0.314750	0.626814
0.314750	0.653797
0.314750	0.625861
0.241161	0.328981
0.241161	0.322929
0.241161	0.330163
0.241161	0.337301
0.241161	0.512349
0.241161	0.355773
0.241161	0.602858
0.241161	0.443798
0.241161	0.716896
0.060711	0.389709
0.060711	0.382607
0.060711	0.395855
0.060711	0.387339
0.060711	0.657490
0.060711	0.626408
0.060711	0.591490
0.060711	0.646167
0.060711	0.628237
0.060711	0.620284
0.060711	0.612849
0.403064	0.263567
0.403064	0.257172
0.403064	0.268718
0.403064	0.264152
0.403064	0.316910
0.403064	0.274081
0.403064	0.252748
0.403064	0.795729
0.107726	0.320591
0.107726	0.327544
0.107726	0.339722
0.107726	0.313762
0.107726	0.332039
0.107726	0.635520
0.107726	0.617536
0.107726	0.606073
0.370000	0.267544
0.370000	0.262415
0.370000	0.279935
0.370000	0.277862
0.370000	0.332775
0.370000	0.363167
0.370000	0.661169
0.370000	0.754503
0.370000	0.270037
0.077595	0.199599
0.077595	0.303659
0.077595	0.253096
0.077595	0.182333
0.140916	0.270582
0.140916	0.274450
0.140916	0.273571
0.140916	0.275357
0.140916	0.212724
0.140916	0.238436
0.140916	0.243342
0.140916	0.245182
0.140916	0.235190
0.140916	0.282529
0.140916	0.219509
0.181761	0.252401
0.181761	0.247448
0.181761	0.258725
0.181761	0.247611
0.181761	0.275722
0.181761	0.195420
0.181761	0.191181
0.181761	0.256228
0.181761	0.254487
0.181761	0.225620
0.181761	0.185587
0.181761	0.198862
0.073188	0.192701
0.073188	0.195039
0.073188	0.205392
0.073188	0.193247
0.073188	0.182639
0.073188	0.192229
0.073188	0.229866
0.292446	0.259360
0.292446	0.257732
0.292446	0.276517
0.292446	0.260382
0.292446	0.282881
0.292446	0.308691
0.292446	0.280505
0.292446	0.262938
0.292446	0.305085
0.116672	0.185723
0.116672	0.186531
0.116672	0.200536
0.116672	0.187952
0.116672	0.174833
0.116672	0.198160
0.116672	0.184765
0.227609	0.178152
0.227609	0.173789
0.227609	0.184537
0.227609	0.164893
0.227609	0.197552
0.227609	0.205610
0.227609	0.186174
0.227609	0.308945
0.444815	0.233829
0.444815	0.235260
0.444815	0.252591
0.444815	0.230690
0.444815	0.221492
0.444815	0.236431
0.444815	0.220855
0.444815	0.240433
0.444815	0.242629
0.444815	0.336039
0.444815	0.259458
0.232495	0.139310
0.232495	0.144721
0.232495	0.151832
0.232495	0.125825
0.232495	0.141589
0.232495	0.139943
0.134927	0.131412
0.134927	0.125812
0.134927	0.138460
0.134927	0.135484
0.119471	0.144617
0.119471	0.144333
0.119471	0.160887
0.119471	0.175776
0.119471	0.151060
0.119471	0.164901
0.119471	0.152861
0.119471	0.144128
0.119471	0.153193
0.119471	0.133250
0.119471	0.153811
0.119471	0.215490
0.248444	0.119648
0.248444	0.115515
0.248444	0.121048
0.248444	0.113984
0.248444	0.159325
0.248444	0.117760
0.248444	0.207012
0.248444	0.370235
0.164432	0.175837
0.164432	0.169243
0.164432	0.180953
0.164432	0.213648
0.164432	0.204391
0.164432	0.219800
0.164432	0.167870
0.164432	0.239536
0.164432	0.223901
0.195853	0.169120
0.195853	0.179072
0.195853	0.180142
0.195853	0.196243
0.195853	0.179182
0.195853	0.186458
0.195853	0.199869
0.195853	0.221822
0.195853	0.235000
0.210126	0.186692
0.210126	0.155096
0.210126	0.132919
0.210126	0.173163
0.124563	0.211918
0.124563	0.565052
0.124563	0.235832
0.124563	0.245879
0.124563	0.267819
0.124563	0.281819
0.124563	0.246261
0.124563	0.527473
0.124563	0.459365
0.173852	0.228593
0.173852	0.224161
0.173852	0.237472
0.173852	0.227679
0.173852	0.238505
0.173852	0.222217
0.173852	0.183859
0.173852	0.199344
0.173852	0.194053
0.173852	0.199143
0.173852	0.274474
0.113694	0.133256
0.113694	0.133187
0.113694	0.138627
0.113694	0.126661
0.113694	0.136429
0.113694	0.130801
0.113694	0.125032
0.113694	0.130728
0.064959	0.127539
0.064959	0.127684
0.064959	0.136421
0.064959	0.128284
0.064959	0.122211
0.064959	0.178004
0.064959	0.154859
0.081374	0.133038
0.081374	0.133200
0.081374	0.142050
0.081374	0.130832
0.081374	0.130464
0.081374	0.145358
0.081374	0.123462
0.081374	0.186225
0.215191	0.144820
0.215191	0.144309
0.215191	0.147934
0.215191	0.153293
0.215191	0.355625
0.215191	0.150307
0.226118	0.186234
0.226118	0.165545
0.226118	0.178202
0.226118	0.210821
0.226118	0.272774
0.226118	0.336305
0.226118	0.174115
0.355056	0.237741
0.355056	0.235252
0.355056	0.245189
0.355056	0.229637
0.355056	0.221112
0.355056	0.222814
0.355056	0.219184
0.355056	0.237191
0.355056	0.279147
0.355056	0.413473
0.355056	0.495323
0.262096	0.205224
0.262096	0.202123
0.262096	0.215104
0.262096	0.204019
0.262096	0.227175
0.262096	0.222028
0.262096	0.264468
0.262096	0.279277
0.299359	0.208576
0.299359	0.202015
0.299359	0.215215
0.299359	0.206324
0.299359	0.201001
0.299359	0.218953
0.299359	0.206990
0.299359	0.197481
0.299359	0.196663
0.299359	0.205617
0.299359	0.214815
0.299359	0.195770
0.114091	0.241601
0.114091	0.244635
0.114091	0.262718
0.114091	0.247866
0.114091	0.270950
0.114091	0.229651
0.114091	0.155845
0.114091	0.232182
0.114091	0.181313
0.114091	0.181527
0.114091	0.241434
0.114091	0.244820
0.114091	0.263504
0.114091	0.230973
0.075884	0.165637
0.075884	0.165195
0.075884	0.175065
0.075884	0.156097
0.075884	0.162795
0.075884	0.168611
0.075884	0.155241
0.380115	0.294633
0.380115	0.295475
0.380115	0.314603
0.380115	0.294961
0.380115	0.288581
0.380115	0.323036
0.380115	0.299270
0.380115	0.238686
0.380115	0.220030
0.380115	0.293256
0.380115	0.251391
0.089326	0.166959
0.089326	0.157517
0.089326	0.168023
0.089326	0.158861
0.170592	0.205585
0.170592	0.199964
0.170592	0.207914
0.170592	0.203959
0.170592	0.238695
0.170592	0.250770
0.170592	0.230506
0.170592	0.257749
0.155591	0.265431
0.155591	0.252465
0.155591	0.266258
0.155591	0.283457
0.155591	0.278959
0.155591	0.270538
0.155591	0.296754
0.155591	0.374513
0.155591	0.306158
0.161566	0.295961
0.161566	0.276888
0.161566	0.298044
0.161566	0.291991
0.161566	0.589562
0.161566	0.563504
0.161566	0.304437
0.266910	0.282009
0.266910	0.281393
0.266910	0.291674
0.266910	0.276023
0.266910	0.300781
0.266910	0.297203
0.266910	0.735382
0.266910	0.288708
0.266910	0.312317
0.266910	0.600402
0.266910	0.339080
0.085824	0.367377
0.085824	0.370782
0.085824	0.379828
0.085824	0.370259
0.085824	0.619613
0.085824	0.552826
0.085824	0.541693
0.085824	0.594690
0.085824	0.615886
0.085824	0.551752
0.085824	0.549712
0.085824	0.551287
0.229169	0.283244
0.229169	0.281023
0.229169	0.293359
0.229169	0.287781
0.229169	0.510365
0.229169	0.341730
0.302148	0.327296
0.302148	0.329933
0.302148	0.336474
0.302148	0.328678
0.302148	0.305096
0.302148	0.341503
0.302148	0.326722
0.302148	0.598582
0.302148	0.665024
0.180441	0.381268
0.180441	0.377128
0.180441	0.386118
0.180441	0.380947
0.180441	0.405165
0.180441	0.650202
0.180441	0.713924
0.180441	0.751016
0.419300	0.487339
0.419300	0.782699
0.419300	0.512676
0.419300	0.500065
0.419300	0.469497
0.419300	0.706494
0.419300	0.734912
0.419300	0.718940
0.419300	0.689075
0.419300	0.716979
0.419300	0.702935
0.246186	0.796008
0.246186	0.773029
0.246186	0.578020
0.246186	0.822917
0.246186	0.568598
0.246186	0.791362
0.246186	0.794062
0.246186	0.813157
0.128462	0.794331
0.128462	0.792001
0.128462	0.779360
0.128462	0.799583
0.168489	0.772208
0.168489	0.790465
0.168489	0.593754
0.168489	0.548900
0.168489	0.808843
0.168489	0.810508
0.168489	0.793233
0.194498	0.442928
0.194498	0.440277
0.194498	0.460342
0.194498	0.456858
0.194498	0.433900
0.194498	0.752528
0.214662	0.357273
0.214662	0.647866
0.214662	0.357356
0.214662	0.344651
0.214662	0.727672
0.213203	0.356268
0.213203	0.353388
0.213203	0.365915
0.213203	0.362936
0.213203	0.385462
0.213203	0.360052
0.213203	0.640334
0.213203	0.349439
0.213203	0.676853
0.213203	0.364886
0.140170	0.296992
0.140170	0.290759
0.140170	0.303032
0.140170	0.306279
0.140170	0.305462
0.140170	0.331781
0.140170	0.679807
0.140170	0.706685
0.140170	0.544025
0.264469	0.313961
0.264469	0.314051
0.264469	0.334466
0.264469	0.325360
0.264469	0.340376
0.264469	0.629521
0.264469	0.376690
0.073349	0.240911
0.073349	0.250756
0.073349	0.247907
0.073349	0.230639
0.246438	0.288758
0.246438	0.285891
0.246438	0.295537
0.246438	0.271553
0.246438	0.472574
0.246438	0.467367
0.246438	0.444418
0.185767	0.224101
0.185767	0.223101
0.185767	0.237793
0.185767	0.224935
0.290350	0.332987
0.290350	0.328800
0.290350	0.347505
0.290350	0.307434
0.290350	0.609976
0.290350	0.358187
0.290350	0.533237
0.290350	0.552828
0.290350	0.538174
0.290350	0.541542
0.290350	0.492468
0.290350	0.502334
0.163859	0.257892
0.163859	0.257330
0.163859	0.272951
0.163859	0.264706
0.163859	0.284186
0.163859	0.272684
0.163859	0.288934
0.163859	0.291026
0.163859	0.296726
0.163859	0.375128
0.163859	0.269298
0.555990	0.227556
0.555990	0.224917
0.555990	0.237119
0.555990	0.230462
0.555990	0.256178
0.555990	0.252290
0.555990	0.227384
0.555990	0.235436
0.555990	0.229937
0.555990	0.187809
0.555990	0.168353
0.555990	0.195406
0.132171	0.168076
0.132171	0.167366
0.132171	0.176599
0.132171	0.169864
0.132171	0.183371
0.132171	0.168922
0.132171	0.177502
0.132171	0.160340
0.381003	0.213664
0.381003	0.209888
0.381003	0.220198
0.381003	0.216891
0.381003	0.219068
0.381003	0.232284
0.381003	0.350383
0.381003	0.315989
0.152141	0.211482
0.152141	0.215349
0.152141	0.229210
0.152141	0.228320
0.152141	0.227127
0.152141	0.203238
0.152141	0.214827
0.152141	0.206936
0.152141	0.214188
0.232317	0.175023
0.232317	0.172688
0.232317	0.178159
0.232317	0.170217
0.232317	0.307900
0.232317	0.241679
0.093235	0.170307
0.093235	0.169866
0.093235	0.179201
0.093235	0.165619
0.093235	0.170483
0.093235	0.177812
0.093235	0.162664
0.221671	0.237332
0.221671	0.232364
0.221671	0.244466
0.221671	0.238249
0.221671	0.292135
0.221671	0.217204
0.221671	0.224171
0.221671	0.306922
0.221671	0.251178
0.221671	0.285589
0.247713	0.210500
0.247713	0.207070
0.247713	0.289226
0.247713	0.220298
0.247713	0.195777
0.247713	0.214131
0.247713	0.234454
0.247713	0.313568
0.247713	0.279518
0.147953	0.317498
0.147953	0.254086
0.147953	0.260928
0.147953	0.238822
0.147953	0.229779
0.147953	0.253979
0.147953	0.326699
0.147953	0.262150
0.147953	0.277916
0.147953	0.395110
0.147953	0.347057
0.111683	0.225621
0.111683	0.222827
0.111683	0.243150
0.111683	0.220387
0.111683	0.216474
0.111683	0.248711
0.111683	0.260508
0.111683	0.215731
0.111683	0.379881
0.111683	0.259747
0.111683	0.258347
0.111683	0.338499
0.092560	0.185259
0.092560	0.182528
0.092560	0.196192
0.092560	0.197222
0.092560	0.194960
0.092560	0.208110
0.092560	0.198567
0.092560	0.194675
0.092560	0.194093
0.092560	0.200401
0.092560	0.205890
0.092560	0.186742
0.228996	0.193389
0.228996	0.198741
0.228996	0.211138
0.228996	0.187114
0.228996	0.248174
0.228996	0.240912
0.228996	0.181487
0.129937	0.192388
0.129937	0.199160
0.129937	0.200422
0.129937	0.192694
0.129937	0.222220
0.150050	0.193657
0.150050	0.207385
0.150050	0.200246
0.150050	0.559686
0.150050	0.582589
0.150050	0.194349
0.150050	0.616674
0.177638	0.302794
0.177638	0.644243
0.177638	0.290616
0.177638	0.629617
0.177638	0.687725
0.177638	0.632463
0.326727	0.310279
0.326727	0.653855
0.326727	0.331902
0.326727	0.694157
0.326727	0.273405
0.326727	0.318762
0.438572	0.207952
0.438572	0.244130
0.438572	0.302709
0.438572	0.285770
0.368810	0.260560
0.368810	0.262736
0.368810	0.306749
0.368810	0.304644
0.368810	0.263406
0.368810	0.238033
0.368810	0.214969
0.368810	0.325504
0.368810	0.208633
0.164526	0.231591
0.164526	0.197802
0.164526	0.204462
0.164526	0.291422
0.164526	0.193876
0.164526	0.219308
0.164526	0.294319
0.164526	0.219698
0.137742	0.209539
0.137742	0.205150
0.137742	0.199410
0.137742	0.197687
0.137742	0.179472
0.137742	0.167691
0.137742	0.163123
0.275773	0.237380
0.275773	0.230926
0.275773	0.237728
0.275773	0.214474
0.275773	0.253097
0.275773	0.223396
0.413639	0.259289
0.413639	0.258855
0.413639	0.210488
0.413639	0.245514
0.415362	0.278898
0.415362	0.298738
0.415362	0.271290
0.415362	0.318206
0.415362	0.291460
0.415362	0.346989
0.244120	0.258699
0.244120	0.243665
0.244120	0.274189
0.244120	0.229474
0.244120	0.258199
0.244120	0.237287
0.176957	0.346261
0.176957	0.251787
0.176957	0.324189
0.176957	0.301017
0.176957	0.250255
0.176957	0.242448
0.176957	0.264245
0.106952	0.316872
0.106952	0.280461
0.106952	0.298513
0.106952	0.327148
0.106952	0.273251
0.106952	0.314755
0.106952	0.300333
0.106952	0.335997
0.106952	0.255874
0.106952	0.293594
0.106952	0.210496
0.106952	0.267746
0.074747	0.246528
0.074747	0.224554
0.074747	0.256462
0.074747	0.307961
0.074747	0.259912
0.074747	0.261505
0.074747	0.247148
0.074747	0.235711
0.201426	0.275283
0.201426	0.291022
0.201426	0.285840
0.201426	0.316268
0.201426	0.282179
0.201426	0.326564
0.201426	0.389837
0.201426	0.302077
0.201426	0.282256
0.201426	0.270699
0.201426	0.289950
0.059804	0.248867
0.059804	0.237085
0.059804	0.242076
0.059804	0.236033
0.059804	0.237396
0.059804	0.282952
0.059804	0.281216
0.059804	0.272598
0.123210	0.179277
0.123210	0.184852
0.123210	0.197436
0.123210	0.180451
0.123210	0.190015
0.123210	0.246597
0.123210	0.298030
0.289972	0.279219
0.289972	0.280069
0.289972	0.288505
0.289972	0.268826
0.289972	0.355179
0.289972	0.278872
0.289972	0.288087
0.289972	0.246202
0.289972	0.212604
0.289972	0.254151
0.289972	0.263880
0.051847	0.153740
0.051847	0.150069
0.051847	0.160998
0.051847	0.156035
0.051847	0.131642
0.051847	0.180492
0.055343	0.136823
0.055343	0.132087
0.055343	0.147371
0.055343	0.130855
0.159908	0.163453
0.159908	0.165250
0.159908	0.181414
0.159908	0.162540
0.159908	0.149778
0.159908	0.162185
0.159908	0.146607
0.484573	0.236426
0.484573	0.238836
0.484573	0.247421
0.484573	0.256764
0.484573	0.313533
0.484573	0.246525
0.484573	0.216162
0.484573	0.262731
0.484573	0.209196
0.151462	0.150091
0.151462	0.145290
0.151462	0.154941
0.151462	0.148206
0.151462	0.144228
0.444100	0.235899
0.444100	0.235892
0.444100	0.261061
0.444100	0.249555
0.444100	0.262958
0.444100	0.225559
0.444100	0.172367
0.444100	0.288591
0.444100	0.219171
0.444100	0.197736
0.173759	0.143938
0.173759	0.140172
0.173759	0.154109
0.173759	0.137576
0.173759	0.167416
0.253030	0.346502
0.253030	0.339008
0.253030	0.357642
0.253030	0.334479
0.253030	0.326611
0.253030	0.564799
0.253030	0.563488
0.253030	0.518915
0.253030	0.529720
0.253030	0.507278
0.253030	0.596133
0.253030	0.540443
0.253030	0.588511
0.253030	0.509808
0.155909	0.286799
0.155909	0.306018
0.155909	0.306299
0.155909	0.285324
0.155909	0.287594
0.155909	0.321561
0.155909	0.315004
0.155909	0.335396
0.155909	0.305982
0.155909	0.328300
0.155909	0.309103
0.155909	0.290144
0.066517	0.314268
0.066517	0.282257
0.066517	0.300260
0.066517	0.346620
0.066517	0.552382
0.066517	0.353875
0.066517	0.501376
0.066517	0.507819
0.074661	0.245466
0.074661	0.258978
0.074661	0.258105
0.074661	0.247876
0.074661	0.253319
0.074661	0.264798
0.074661	0.267561
0.074661	0.300701
0.108049	0.277940
0.108049	0.262846
0.108049	0.272624
0.108049	0.262955
0.108049	0.628323
0.108049	0.268660
0.108049	0.264211
0.108049	0.599703
0.191243	0.280480
0.191243	0.273212
0.191243	0.284704
0.191243	0.296808
0.191243	0.313731
0.191243	0.293227
0.191243	0.521057
0.191243	0.513620
0.191243	0.608376
0.081586	0.347209
0.081586	0.345412
0.081586	0.361159
0.081586	0.353295
0.081586	0.355654
0.081586	0.332120
0.081586	0.330868
0.081586	0.658585
0.154921	0.324026
0.154921	0.314312
0.154921	0.321981
0.154921	0.330301
0.154921	0.724808
0.154921	0.663154
0.154921	0.624134
0.154921	0.712831
0.081810	0.438222
0.081810	0.458644
0.081810	0.448437
0.081810	0.449118
0.081810	0.482993
0.081810	0.426244
0.081810	0.752173
0.081810	0.732333
0.077095	0.733845
0.077095	0.724195
0.077095	0.691973
0.077095	0.732690
0.094000	0.687360
0.094000	0.399834
0.094000	0.396859
0.094000	0.374168
0.094000	0.704402
0.094000	0.661000
0.094000	0.711572
0.094000	0.711143
0.127591	0.456325
0.127591	0.459817
0.127591	0.478784
0.127591	0.457058
0.127591	0.477920
0.127591	0.485243
0.127591	0.420438
0.127591	0.487741
0.127591	0.675493
0.127591	0.655419
0.127591	0.466438
0.127591	0.680083
0.127591	0.389945
0.127591	0.370179
0.104894	0.308564
0.104894	0.307061
0.104894	0.315353
0.104894	0.316701
0.104894	0.309175
0.104894	0.382073
0.104894	0.360226
0.108613	0.321726
0.108613	0.324860
0.108613	0.333597
0.108613	0.305957
0.108613	0.346101
0.108613	0.325096
0.108613	0.589370
0.108613	0.635030
0.116621	0.273519
0.116621	0.269795
0.116621	0.278680
0.116621	0.286729
0.116621	0.616324
0.116621	0.613628
0.116621	0.468319
0.081538	0.285503
0.081538	0.269878
0.081538	0.287942
0.081538	0.272113
0.081538	0.529971
0.081538	0.594521
0.081538	0.268218
0.083480	0.245444
0.083480	0.460534
0.083480	0.535159
0.083480	0.505980
0.196391	0.676612
0.196391	0.252541
0.196391	0.262661
0.196391	0.624140
0.196391	0.238341
0.196391	0.249939
0.196391	0.236413
0.196391	0.255904
0.196391	0.248585
0.196391	0.271107
0.196391	0.253510
0.320064	0.185574
0.320064	0.184037
0.320064	0.193273
0.320064	0.190720
0.320064	0.222223
0.320064	0.148964
0.320064	0.133524
0.320064	0.191568
0.320064	0.152761
0.320064	0.159176
0.320064	0.135275
0.103839	0.209519
0.103839	0.203040
0.103839	0.220923
0.103839	0.207629
0.103839	0.222837
0.103839	0.206454
0.103839	0.223392
0.103839	0.213740
0.103839	0.206942
0.197736	0.240941
0.197736	0.231179
0.197736	0.248370
0.197736	0.251323
0.197736	0.305090
0.197736	0.264319
0.197736	0.245060
0.197736	0.263273
0.197736	0.259150
0.197736	0.219523
0.147449	0.152914
0.147449	0.159113
0.147449	0.168045
0.147449	0.155817
0.147449	0.154376
0.147449	0.161944
0.147449	0.151781
0.147449	0.150557
0.104251	0.235177
0.104251	0.230770
0.104251	0.244810
0.104251	0.242537
0.104251	0.302656
0.104251	0.323204
0.104251	0.221634
0.104251	0.275121
0.104251	0.274296
0.144741	0.156073
0.144741	0.152238
0.144741	0.165661
0.144741	0.154187
0.144741	0.164199
0.144741	0.163054
0.237483	0.204323
0.237483	0.206941
0.237483	0.212029
0.237483	0.195608
0.237483	0.210941
0.237483	0.230469
0.237483	0.214118
0.237483	0.276061
0.237483	0.227144
0.237483	0.296261
0.237483	0.180675
0.237483	0.241041
0.223555	0.215600
0.223555	0.208835
0.223555	0.229405
0.223555	0.237459
0.223555	0.218886
0.223555	0.247686
0.223555	0.279827
0.223555	0.332537
0.223555	0.402511
0.094872	0.245454
0.094872	0.241353
0.094872	0.258095
0.094872	0.251640
0.094872	0.265644
0.094872	0.284330
0.094872	0.244410
0.094872	0.294231
0.089358	0.254138
0.089358	0.244204
0.089358	0.255345
0.089358	0.250507
0.089358	0.279727
0.089358	0.248811
0.089358	0.250979
0.089358	0.370817
0.088631	0.258690
0.088631	0.198368
0.088631	0.265858
0.088631	0.228464
0.088631	0.290013
0.036931	0.299468
0.036931	0.194532
0.036931	0.312293
0.036931	0.234901
0.036931	0.328543
0.036931	0.300109
0.036931	0.307756
0.036931	0.331726
0.043142	0.305124
0.043142	0.220974
0.043142	0.332836
0.043142	0.241396
0.043142	0.230033
0.043142	0.306015
0.043142	0.276874
0.122216	0.305999
0.122216	0.261511
0.122216	0.347244
0.122216	0.241960
0.098932	0.285082
0.098932	0.196688
0.098932	0.305462
0.098932	0.289546
0.098932	0.223854
0.098932	0.371896
0.098932	0.300530
0.101943	0.248095
0.101943	0.330294
0.101943	0.345457
0.101943	0.274071
0.101943	0.289551
0.101943	0.235291
0.101943	0.350561
0.101943	0.275476
0.101943	0.297744
0.101943	0.247649
0.400059	0.286986
0.400059	0.250454
0.400059	0.292352
0.400059	0.276444
0.400059	0.285273
0.400059	0.354820
0.400059	0.331522
0.400059	0.395098
0.400059	0.388464
0.273140	0.252740
0.273140	0.265568
0.273140	0.287681
0.273140	0.262857
0.273140	0.247029
0.273140	0.229494
0.273140	0.223924
0.273140	0.230260
0.273140	0.252918
0.496763	0.174477
0.496763	0.167136
0.496763	0.190314
0.496763	0.173230
0.496763	0.171873
0.496763	0.160314
0.496763	0.165202
0.410858	0.198481
0.410858	0.191481
0.410858	0.206745
0.410858	0.192207
0.410858	0.213121
0.410858	0.198457
0.339879	0.222597
0.339879	0.225751
0.339879	0.229066
0.339879	0.219628
0.339879	0.239288
0.339879	0.242102
0.339879	0.223738
0.339879	0.224965
0.339879	0.240555
0.339879	0.233485
0.339879	0.223016
0.339879	0.222242
0.438841	0.224219
0.438841	0.211487
0.438841	0.225098
0.438841	0.275377
0.438841	0.194341
0.438841	0.233198
0.438841	0.239519
0.438841	0.219663
0.255954	0.145988
0.255954	0.149560
0.255954	0.150193
0.255954	0.144679
0.255954	0.160638
0.304844	0.205290
0.304844	0.194126
0.304844	0.193216
0.304844	0.207834
0.304844	0.210779
0.304844	0.222153
0.304844	0.167637
0.099740	0.264741
0.099740	0.251858
0.099740	0.277338
0.099740	0.270308
0.099740	0.256885
0.099740	0.254642
0.099740	0.242562
0.099740	0.255229
0.124707	0.277947
0.124707	0.580951
0.124707	0.279865
0.124707	0.314991
0.124707	0.516225
0.124707	0.539688
0.124707	0.320516
0.085871	0.225049
0.085871	0.227531
0.085871	0.234872
0.085871	0.524280
0.085871	0.223360
0.129483	0.289546
0.129483	0.284620
0.129483	0.298621
0.129483	0.298485
0.129483	0.579526
0.129483	0.309692
0.129483	0.458310
0.129483	0.563884
0.113389	0.237366
0.113389	0.231529
0.113389	0.243271
0.113389	0.239670
0.113389	0.248355
0.113389	0.241767
0.113389	0.254490
0.113389	0.334323
0.088282	0.287797
0.088282	0.296616
0.088282	0.299653
0.088282	0.287028
0.088282	0.530253
0.088282	0.507078
0.088282	0.593875
0.089619	0.295065
0.089619	0.297673
0.089619	0.314551
0.089619	0.292935
0.089619	0.308938
0.089619	0.313293
0.089619	0.295907
0.089619	0.310260
0.168325	0.410545
0.168325	0.407145
0.168325	0.422067
0.168325	0.408222
0.168325	0.418195
0.168325	0.426517
0.168325	0.393847
0.168325	0.628988
0.168325	0.644680
0.168325	0.349993
0.168325	0.621482
0.168325	0.388916
0.094856	0.357150
0.094856	0.358891
0.094856	0.370270
0.094856	0.396240
0.094856	0.526100
0.094856	0.714522
0.094856	0.739110
0.094856	0.736313
0.094856	0.544774
0.094856	0.740188
0.261276	0.454218
0.261276	0.467681
0.261276	0.457514
0.261276	0.710051
0.261276	0.450378
0.261276	0.651583
0.261276	0.733840
0.261276	0.701953
0.266694	0.436131
0.266694	0.686521
0.266694	0.464523
0.266694	0.460200
0.266694	0.696536
0.266694	0.461887
0.266694	0.700224
0.180259	0.695032
0.180259	0.735754
0.180259	0.375249
0.180259	0.751459
0.180259	0.673329
0.180259	0.685604
0.180259	0.679803
0.180259	0.626659
0.124137	0.343636
0.124137	0.357328
0.124137	0.351920
0.124137	0.337917
0.124137	0.657320
0.124137	0.648587
0.230457	0.443884
0.230457	0.442823
0.230457	0.453061
0.230457	0.429369
0.230457	0.429262
0.230457	0.461700
0.230457	0.430300
0.230457	0.452220
0.230457	0.445726
0.230457	0.464434
0.230457	0.665902
0.230457	0.413328
0.230457	0.390524
0.230457	0.678916
0.101943	0.272211
0.101943	0.270402
0.101943	0.282425
0.101943	0.265059
0.101943	0.282201
0.101943	0.280454
0.101943	0.288801
0.101943	0.282199
0.345952	0.337021
0.345952	0.338458
0.345952	0.357885
0.345952	0.327532
0.345952	0.682420
0.345952	0.349819
0.345952	0.623649
0.345952	0.624989
0.081896	0.347898
0.081896	0.354627
0.081896	0.360974
0.081896	0.337435
0.081896	0.318642
0.081896	0.359211
0.081896	0.334677
0.081896	0.366724
0.081896	0.348767
0.081896	0.353260
0.081896	0.348373
0.081896	0.415313
0.074488	0.234291
0.074488	0.228937
0.074488	0.240598
0.074488	0.231354
0.074488	0.648945
0.162115	0.245244
0.162115	0.629661
0.162115	0.247315
0.162115	0.231832
0.162115	0.220641
0.162115	0.241663
0.162115	0.268019
0.162115	0.234072
0.164174	0.265603
0.164174	0.270444
0.164174	0.278719
0.164174	0.262139
0.164174	0.448663
0.164174	0.529101
0.164174	0.532969
0.171796	0.242062
0.171796	0.237612
0.171796	0.253338
0.171796	0.244853
0.171796	0.250540
0.171796	0.234233
0.171796	0.247602
0.171796	0.251202
0.171796	0.291443
0.120889	0.216520
0.120889	0.196496
0.120889	0.208789
0.120889	0.206978
0.238300	0.163253
0.238300	0.162756
0.238300	0.171092
0.238300	0.167343
0.238300	0.137405
0.238300	0.177495
0.334944	0.140975
0.334944	0.141597
0.334944	0.148552
0.334944	0.140199
0.334944	0.151760
0.334944	0.154538
0.334944	0.159372
0.334944	0.139016
0.334944	0.142055
0.334944	0.159307
0.334944	0.143377
0.123691	0.109045
0.123691	0.125379
0.123691	0.116090
0.123691	0.103418
0.265102	0.128317
0.265102	0.136194
0.265102	0.137915
0.265102	0.147157
0.265102	0.129905
0.265102	0.136790
0.265102	0.122644
0.469424	0.107840
0.469424	0.107465
0.469424	0.118569
0.469424	0.158914
0.469424	0.122499
0.469424	0.092218
0.469424	0.094029
0.206551	0.168975
0.206551	0.160104
0.206551	0.165108
0.206551	0.149409
0.206551	0.164565
0.206551	0.183409
0.206551	0.182948
0.206551	0.251378
0.206551	0.280314
0.131407	0.152408
0.131407	0.149746
0.131407	0.160426
0.131407	0.150218
0.131407	0.163127
0.131407	0.166072
0.131407	0.153542
0.131407	0.163464
0.131407	0.147602
0.131407	0.155876
0.131407	0.156141
0.131407	0.149110
0.367597	0.126867
0.367597	0.153837
0.367597	0.135969
0.367597	0.216850
0.367597	0.276388
0.367597	0.227446
0.425461	0.165819
0.425461	0.176373
0.425461	0.178166
0.425461	0.161502
0.425461	0.164171
0.425461	0.212243
0.425461	0.187456
0.425461	0.200851
0.425461	0.339814
0.311461	0.139920
0.311461	0.146445
0.311461	0.146215
0.311461	0.133602
0.311461	0.145756
0.311461	0.146254
0.311461	0.134788
0.311461	0.125277
0.629488	0.169916
0.629488	0.229029
0.629488	0.154733
0.629488	0.140678
0.891836	0.243702
0.891836	0.235241
0.891836	0.227164
0.891836	0.208654
0.891836	0.275139
0.891836	0.221693
0.891836	0.251899
0.891836	0.196807
0.891836	0.207890
0.943821	0.148491
0.943821	0.154379
0.943821	0.154390
0.943821	0.146843
0.943821	0.131540
0.616909	0.197028
0.616909	0.225616
0.616909	0.208274
0.616909	0.150562
0.616909	0.212286
0.616909	0.229693
0.616909	0.221187
0.679322	0.308790
0.679322	0.234315
0.679322	0.325393
0.679322	0.243618
0.679322	0.218418
0.679322	0.250479
0.679322	0.235746
0.679322	0.334657
0.679322	0.276555
0.584254	0.235118
0.584254	0.175688
0.584254	0.264002
0.584254	0.234802
0.584254	0.256338
0.584254	0.236539
0.409136	0.242614
0.409136	0.221338
0.409136	0.182492
0.409136	0.204525
0.610732	0.265961
0.610732	0.197447
0.610732	0.273813
0.610732	0.283522
0.610732	0.251521
0.610732	0.203382
0.610732	0.221237
0.610732	0.237501
0.682759	0.150638
0.682759	0.176962
0.682759	0.181926
0.682759	0.190391
0.682759	0.184226
0.682759	0.167362
0.682759	0.201039
0.636990	0.235411
0.636990	0.236857
0.636990	0.237025
0.636990	0.217755
0.636990	0.249521
0.636990	0.213934
0.636990	0.267344
0.636990	0.230104
0.636990	0.207059
0.432062	0.160412
0.432062	0.156878
0.432062	0.154481
0.432062	0.149480
0.432062	0.158142
0.432062	0.150296
0.432062	0.164823
0.466237	0.223170
0.466237	0.217654
0.466237	0.229711
0.466237	0.218083
0.466237	0.201929
0.466237	0.205408
0.466237	0.236217
0.466237	0.244070
0.466237	0.281362
0.405617	0.236894
0.405617	0.242539
0.405617	0.252591
0.405617	0.224752
0.405617	0.254018
0.405617	0.271168
0.405617	0.267237
0.405617	0.289860
0.405617	0.286533
0.179383	0.170713
0.179383	0.169994
0.179383	0.178449
0.179383	0.157484
0.179383	0.147074
0.191775	0.318091
0.191775	0.307617
0.191775	0.337034
0.191775	0.349160
0.191775	0.327464
0.191775	0.286861
0.191775	0.276944
0.191775	0.261352
0.191775	0.354666
0.191775	0.320068
0.191775	0.319666
0.148074	0.252684
0.148074	0.250405
0.148074	0.273817
0.148074	0.245105
0.148074	0.279785
0.148074	0.256435
0.148074	0.269836
0.082050	0.350983
0.082050	0.347220
0.082050	0.357091
0.082050	0.337543
0.082050	0.344828
0.082050	0.586165
0.082050	0.585240
0.082050	0.540015
0.082050	0.594844
0.082050	0.536192
0.082050	0.603499
0.082050	0.581317
0.082050	0.605739
0.082050	0.540474
0.096494	0.250322
0.096494	0.246639
0.096494	0.258858
0.096494	0.256254
0.096494	0.248531
0.096494	0.255502
0.096494	0.259785
0.096494	0.252130
0.096494	0.265243
0.144991	0.322534
0.144991	0.314944
0.144991	0.332323
0.144991	0.321189
0.144991	0.313528
0.144991	0.605353
0.144991	0.624382
0.144991	0.574226
0.159350	0.236038
0.159350	0.584834
0.159350	0.247005
0.159350	0.243445
0.138480	0.311242
0.138480	0.300867
0.138480	0.305134
0.138480	0.307412
0.138480	0.576694
0.138480	0.295364
0.138480	0.492057
0.129578	0.278770
0.129578	0.270876
0.129578	0.282039
0.129578	0.275814
0.129578	0.296406
0.129578	0.276235
0.129578	0.305069
0.129578	0.290578
0.129578	0.288006
0.129578	0.283395
0.129578	0.772259
0.150729	0.390455
0.150729	0.376714
0.150729	0.391097
0.150729	0.380545
0.150729	0.458737
0.150729	0.402163
0.150729	0.363727
0.150729	0.423223
0.150729	0.443728
0.150729	0.410998
0.150729	0.628074
0.150729	0.641553
0.138371	0.281635
0.138371	0.273688
0.138371	0.285670
0.138371	0.657659
0.138371	0.660337
0.138371	0.652784
0.138371	0.313280
0.138371	0.717744
0.124047	0.327881
0.124047	0.675996
0.124047	0.665533
0.124047	0.678511
0.124047	0.678738
0.124047	0.346797
0.124047	0.323128
0.124047	0.699746
0.200333	0.602462
0.200333	0.631309
0.200333	0.609001
0.200333	0.681558
0.080049	0.327735
0.080049	0.339076
0.080049	0.338719
0.080049	0.332347
0.080049	0.683216
0.109065	0.375320
0.109065	0.371582
0.109065	0.386108
0.109065	0.366266
0.109065	0.397142
0.109065	0.381084
0.109065	0.654303
0.109065	0.728559
0.170328	0.300154
0.170328	0.300883
0.170328	0.310851
0.170328	0.292146
0.170328	0.646808
0.170328	0.675179
0.170328	0.609745
0.076505	0.233225
0.076505	0.234437
0.076505	0.245568
0.076505	0.239508
0.076505	0.634770
0.169701	0.269273
0.169701	0.274748
0.169701	0.651071
0.169701	0.597474
0.169701	0.277219
0.169701	0.274257
0.169701	0.264266
0.169701	0.298888
0.169701	0.339228
0.156733	0.641100
0.156733	0.569745
0.156733	0.240222
0.156733	0.222222
0.058071	0.308492
0.058071	0.306649
0.058071	0.331787
0.058071	0.327067
0.058071	0.644479
0.058071	0.605535
0.058071	0.591124
0.058071	0.533234
0.047889	0.307349
0.047889	0.302224
0.047889	0.321530
0.047889	0.618857
0.047889	0.282169
0.047889	0.322704
0.047889	0.293140
0.047889	0.316078
0.047889	0.298146
0.047889	0.301962
0.047889	0.296348
0.183410	0.288243
0.183410	0.282869
0.183410	0.294985
0.183410	0.282177
0.183410	0.322464
0.183410	0.289702
0.183410	0.595705
0.183410	0.576556
0.223138	0.246790
0.223138	0.253813
0.223138	0.263000
0.223138	0.247281
0.223138	0.252480
0.223138	0.243721
0.223138	0.247346
0.223138	0.292518
0.342777	0.254671
0.342777	0.257175
0.342777	0.265058
0.342777	0.263470
0.342777	0.263586
0.342777	0.288267
0.342777	0.302368
0.342777	0.280855
0.443449	0.207563
0.443449	0.201210
0.443449	0.219416
0.443449	0.215876
0.443449	0.217368
0.443449	0.226570
0.443449	0.197904
0.443449	0.235855
0.443449	0.207768
0.443449	0.225779
0.443449	0.223060
0.326928	0.236211
0.326928	0.242400
0.326928	0.246783
0.326928	0.227387
0.326928	0.274572
0.326928	0.208244
0.326928	0.236149
0.326928	0.301211
0.655706	0.276591
0.655706	0.226394
0.655706	0.239445
0.655706	0.231491
0.655706	0.248638
0.655706	0.231667
0.655706	0.240795
0.655706	0.238749
0.709190	0.213468
0.709190	0.209772
0.709190	0.223588
0.709190	0.209263
0.709190	0.216597
0.709190	0.213706
0.709190	0.229919
0.709190	0.304227
0.709190	0.302028
0.820718	0.157237
0.820718	0.169717
0.820718	0.169670
0.820718	0.172571
0.820718	0.155405
0.820718	0.174787
0.820718	0.160662
0.820718	0.181303
0.820718	0.165698
0.820718	0.171447
0.820718	0.169817
0.820718	0.160899
0.580910	0.165812
0.580910	0.178320
0.580910	0.160586
0.580910	0.167027
0.580910	0.235754
0.580910	0.258843
0.580910	0.291912
0.580910	0.461423
0.605186	0.185308
0.605186	0.176323
0.605186	0.187851
0.605186	0.272383
0.605186	0.175927
0.605186	0.170549
0.799001	0.257208
0.799001	0.255433
0.799001	0.270671
0.799001	0.244612
0.799001	0.239880
0.799001	0.272084
0.799001	0.428436
0.799001	0.274252
0.765789	0.320249
0.765789	0.309929
0.765789	0.327678
0.765789	0.398790
0.765789	0.373426
0.765789	0.387831
0.765789	0.327596
0.765789	0.318711
0.765789	0.317888
0.728926	0.266279
0.728926	0.309726
0.728926	0.269957
0.728926	0.401628
0.728926	0.305126
0.728926	0.307312
0.728926	0.299547
0.369252	0.337800
0.369252	0.328952
0.369252	0.339324
0.369252	0.385524
0.369252	0.425784
0.369252	0.315153
0.369252	0.351283
0.369252	0.284084
0.572791	0.293812
0.572791	0.273555
0.572791	0.267170
0.572791	0.300919
0.572791	0.345856
0.572791	0.289867
0.572791	0.261876
0.572791	0.335335
0.345382	0.268461
0.345382	0.288777
0.345382	0.284452
0.345382	0.248256
0.345382	0.246537
0.345382	0.221096
0.345382	0.273095
0.598619	0.235580
0.598619	0.205404
0.598619	0.203844
0.598619	0.184544
0.598619	0.147154
0.598619	0.118529
0.598619	0.204307
0.566325	0.295756
0.566325	0.300413
0.566325	0.299366
0.566325	0.340311
0.566325	0.258081
0.566325	0.268177
0.566325	0.316404
0.650830	0.224045
0.650830	0.324925
0.650830	0.229422
0.650830	0.217717
0.650830	0.324629
0.776878	0.296356
0.776878	0.311524
0.776878	0.322655
0.776878	0.335175
0.776878	0.319901
0.776878	0.322432
0.776878	0.306630
0.776878	0.352029
0.776878	0.343485
0.776878	0.291672
0.776878	0.341312
0.617454	0.164488
0.617454	0.147989
0.617454	0.178643
0.617454	0.170947
0.497457	0.272055
0.497457	0.268560
0.497457	0.276633
0.497457	0.257476
0.497457	0.310979
0.497457	0.281637
0.497457	0.322094
0.497457	0.367255
0.497457	0.326425
0.297398	0.226420
0.297398	0.224134
0.297398	0.239030
0.297398	0.232745
0.297398	0.214276
0.297398	0.257269
0.297398	0.243019
0.404077	0.361286
0.404077	0.358865
0.404077	0.375862
0.404077	0.370466
0.404077	0.384226
0.404077	0.369954
0.404077	0.313785
0.404077	0.385366
0.404077	0.277072
0.404077	0.307177
0.404077	0.338973
0.136012	0.292504
0.136012	0.293777
0.136012	0.301052
0.136012	0.284164
0.136012	0.296221
0.136012	0.301925
0.136012	0.294799
0.136012	0.325522
0.136012	0.296409
0.136012	0.309418
0.169291	0.262194
0.169291	0.251722
0.169291	0.264391
0.169291	0.259117
0.169291	0.312256
0.169291	0.324606
0.169291	0.304017
0.096456	0.568720
0.096456	0.576528
0.096456	0.332982
0.096456	0.330700
0.071690	0.327141
0.071690	0.318708
0.071690	0.332655
0.071690	0.325610
0.071690	0.602545
0.071690	0.346481
0.071690	0.602209
0.071690	0.619251
0.079062	0.242306
0.079062	0.238725
0.079062	0.253007
0.079062	0.258680
0.079062	0.269492
0.079062	0.234694
0.079062	0.243810
0.079062	0.259399
0.079062	0.238478
0.078285	0.277157
0.078285	0.288956
0.078285	0.284974
0.078285	0.263844
0.078285	0.538003
0.078285	0.554291
0.078285	0.597846
0.329099	0.249267
0.329099	0.259251
0.329099	0.258689
0.329099	0.252431
0.329099	0.249351
0.329099	0.272627
0.329099	0.294860
0.329099	0.293841
0.329099	0.732758
0.077883	0.235353
0.077883	0.232791
0.077883	0.243771
0.077883	0.235150
0.077883	0.639189
0.233347	0.367096
0.233347	0.355677
0.233347	0.369697
0.233347	0.365689
0.233347	0.406895
0.233347	0.379056
0.233347	0.715919
0.233347	0.702158
0.233347	0.381771
0.233347	0.399539
0.233347	0.720854
0.102860	0.417451
0.102860	0.414571
0.102860	0.424153
0.102860	0.405389
0.102860	0.681038
0.102860	0.678750
0.102860	0.669475
0.102860	0.674275
0.102860	0.568188
0.102860	0.673064
0.102860	0.676741
0.102860	0.676676
0.126235	0.405880
0.126235	0.399982
0.126235	0.395199
0.126235	0.384396
0.126235	0.711614
0.126235	0.689449
0.126235	0.412392
0.126235	0.718477
0.121584	0.463715
0.121584	0.463926
0.121584	0.472508
0.121584	0.461783
0.121584	0.453983
0.121584	0.472187
0.121584	0.739888
0.121584	0.738197
0.145154	0.435665
0.145154	0.442241
0.145154	0.724094
0.145154	0.733063
0.090244	0.518414
0.090244	0.758836
0.090244	0.530191
0.090244	0.758283
0.090244	0.764677
0.090244	0.513341
0.090244	0.760586
0.091555	0.614878
0.091555	0.797597
0.091555	0.636660
0.091555	0.814372
0.091555	0.805669
0.091555	0.619803
0.091555	0.816480
0.091555	0.818356
0.066475	0.632698
0.066475	0.649057
0.066475	0.635723
0.066475	0.620433
0.066475	0.810047
0.066475	0.810039
0.066475	0.802060
0.147890	0.625403
0.147890	0.605875
0.147890	0.618093
0.147890	0.801950
0.147890	0.809091
0.147890	0.810224
0.147890	0.808735
0.081111	0.628392
0.081111	0.808180
0.081111	0.626667
0.081111	0.741958
0.081111	0.800629
0.081111	0.814400
0.081111	0.818053
0.114914	0.536550
0.114914	0.540231
0.114914	0.547103
0.114914	0.530400
0.114914	0.529444
0.114914	0.761784
0.114914	0.774957
0.114914	0.788368
0.202889	0.472473
0.202889	0.470304
0.202889	0.470043
0.202889	0.479261
0.202889	0.775664
0.202889	0.753248
0.202889	0.757555
0.202889	0.752301
0.119094	0.725328
0.119094	0.737872
0.119094	0.426496
0.119094	0.427143
0.119094	0.396998
0.119094	0.421630
0.119094	0.737651
0.119094	0.734585
0.056750	0.398926
0.056750	0.398480
0.056750	0.416313
0.056750	0.397902
0.056750	0.391892
0.056750	0.698092
0.056750	0.694863
0.074076	0.346022
0.074076	0.343474
0.074076	0.357579
0.074076	0.342496
0.074076	0.636603
0.074076	0.653583
0.173603	0.348924
0.173603	0.354118
0.173603	0.369473
0.173603	0.354986
0.173603	0.361613
0.173603	0.645679
0.173603	0.660710
0.173603	0.690670
0.206130	0.342028
0.206130	0.375999
0.206130	0.369751
0.206130	0.359526
0.206130	0.353394
0.206130	0.370879
0.206130	0.415167
0.206130	0.357867
0.206130	0.390234
0.206130	0.363200
0.206130	0.356958
0.206130	0.415747
0.111143	0.297416
0.111143	0.288896
0.111143	0.305663
0.111143	0.302191
0.111143	0.671894
0.158233	0.290996
0.158233	0.288242
0.158233	0.307907
0.158233	0.295266
0.158233	0.315332
0.158233	0.313239
0.063661	0.333729
0.063661	0.328559
0.063661	0.339406
0.063661	0.321392
0.063661	0.564105
0.063661	0.547474
0.063661	0.539718
0.063661	0.562648
0.063661	0.553071
0.063661	0.563589
0.063661	0.539493
0.063661	0.536058
0.070143	0.287062
0.070143	0.284921
0.070143	0.291722
0.070143	0.294940
0.070143	0.271002
0.105369	0.298491
0.105369	0.289838
0.105369	0.305899
0.105369	0.289385
0.105369	0.333171
0.105369	0.318753
0.105369	0.285197
0.105369	0.393365
0.105369	0.316419
0.105369	0.376756
0.105369	0.335490
0.105369	0.400917
0.079857	0.216312
0.079857	0.219424
0.079857	0.227844
0.079857	0.232165
0.079857	0.237145
0.079857	0.217916
0.079857	0.226787
0.139641	0.317936
0.139641	0.319003
0.139641	0.327508
0.139641	0.334043
0.139641	0.397799
0.139641	0.348941
0.139641	0.348175
0.139641	0.330046
0.068823	0.238976
0.068823	0.221931
0.068823	0.230576
0.068823	0.213075
0.068823	0.196439
0.320721	0.330150
0.320721	0.324310
0.320721	0.336421
0.320721	0.318799
0.320721	0.353359
0.320721	0.366555
0.320721	0.385150
0.320721	0.288706
0.320721	0.316072
0.271599	0.240434
0.271599	0.241922
0.271599	0.249234
0.271599	0.250090
0.271599	0.242122
0.271599	0.232822
0.271599	0.223594
0.271599	0.224332
0.414583	0.409309
0.414583	0.410464
0.414583	0.423967
0.414583	0.474774
0.414583	0.445449
0.414583	0.431896
0.414583	0.474671
0.414583	0.451488
0.414583	0.325497
0.414583	0.381426
0.414583	0.382114
0.535234	0.358114
0.535234	0.378066
0.535234	0.366305
0.535234	0.362193
0.535234	0.353021
0.535234	0.398172
0.535234	0.360211
0.535234	0.353002
0.535234	0.385522
0.451696	0.458096
0.451696	0.438504
0.451696	0.457469
0.451696	0.442138
0.451696	0.388015
0.451696	0.404368
0.451696	0.372062
0.451696	0.411909
0.451696	0.365182
0.369235	0.290496
0.369235	0.307701
0.369235	0.281698
0.369235	0.300524
0.758623	0.451151
0.758623	0.370413
0.758623	0.380197
0.758623	0.434633
0.758623	0.413658
0.758623	0.373180
0.758623	0.355838
0.758623	0.411088
0.542725	0.292412
0.542725	0.309041
0.542725	0.311532
0.542725	0.282469
0.542725	0.276862
0.542725	0.302415
0.542725	0.267866
0.125803	0.387184
0.125803	0.369195
0.125803	0.370271
0.125803	0.387711
0.125803	0.323773
0.125803	0.389907
0.125803	0.356409
0.125803	0.359281
0.125803	0.393960
0.125803	0.369634
0.125803	0.389298
0.125803	0.416732
0.081343	0.331630
0.081343	0.367521
0.081343	0.276858
0.081343	0.359176
0.071264	0.348909
0.071264	0.335649
0.071264	0.372434
0.071264	0.352231
0.071264	0.330894
0.071264	0.364782
0.071264	0.358301
0.071264	0.336996
0.109421	0.266096
0.109421	0.251250
0.109421	0.254373
0.109421	0.259185
0.109421	0.340108
0.109421	0.251054
0.109421	0.264576
0.109421	0.315274
0.183225	0.190083
0.183225	0.194460
0.183225	0.198031
0.183225	0.205729
0.183225	0.194473
0.183225	0.269651
0.183225	0.162037
0.240567	0.222336
0.240567	0.216254
0.240567	0.210188
0.240567	0.231933
0.240567	0.198758
0.240567	0.350489
0.240567	0.210222
0.104232	0.210502
0.104232	0.205371
0.104232	0.216862
0.104232	0.263372
0.104232	0.203913
0.104232	0.229075
0.104232	0.244719
0.104232	0.252031
0.104232	0.277095
0.104232	0.245653
0.104232	0.242609
0.085545	0.208964
0.085545	0.207515
0.085545	0.208777
0.085545	0.231275
0.085545	0.203641
0.085545	0.223138
0.072035	0.249401
0.072035	0.230257
0.072035	0.236832
0.072035	0.262921
0.072035	0.236524
0.072035	0.254137
0.072035	0.253622
0.135835	0.331010
0.135835	0.317581
0.135835	0.333119
0.135835	0.308602
0.135835	0.331367
0.135835	0.365109
0.135835	0.342712
0.135835	0.400053
0.135835	0.364438
0.080076	0.325138
0.080076	0.326819
0.080076	0.345910
0.080076	0.319228
0.080076	0.313940
0.080076	0.286667
0.080076	0.339280
0.080076	0.303383
0.080076	0.295526
0.080076	0.299464
0.110637	0.295967
0.110637	0.289562
0.110637	0.307027
0.110637	0.299129
0.110637	0.340318
0.110637	0.330670
0.110637	0.331983
0.110637	0.296776
0.110637	0.318468
0.137944	0.283601
0.137944	0.290402
0.137944	0.282975
0.137944	0.280209
0.106212	0.289029
0.106212	0.296538
0.106212	0.307111
0.106212	0.293788
0.106212	0.326619
0.106212	0.360257
0.106212	0.323997
0.178739	0.308018
0.178739	0.308096
0.178739	0.321861
0.178739	0.303889
0.178739	0.603109
0.178739	0.308652
0.178739	0.652484
0.178739	0.639840
0.120573	0.310589
0.120573	0.296727
0.120573	0.309287
0.120573	0.289929
0.123099	0.319150
0.123099	0.315215
0.123099	0.324783
0.123099	0.327331
0.123099	0.361669
0.123099	0.649149
0.123099	0.653753
0.191810	0.344838
0.191810	0.340623
0.191810	0.355585
0.191810	0.349289
0.191810	0.388193
0.191810	0.346884
0.191810	0.360866
0.191810	0.358418
0.058732	0.424757
0.058732	0.411196
0.058732	0.421504
0.058732	0.408460
0.058732	0.610753
0.058732	0.434243
0.058732	0.390417
0.058732	0.701198
0.058732	0.418748
0.058732	0.691907
0.058732	0.434391
0.058732	0.699751
0.263270	0.385460
0.263270	0.382527
0.263270	0.395785
0.263270	0.679704
0.263270	0.695284
0.263270	0.402144
0.263270	0.653969
0.263270	0.434330
0.263270	0.694381
0.030176	0.448855
0.030176	0.448035
0.030176	0.445264
0.030176	0.430765
0.030176	0.718632
0.030176	0.712318
0.030176	0.409789
0.058710	0.728310
0.058710	0.734012
0.058710	0.728469
0.058710	0.750574
0.065990	0.730364
0.065990	0.453811
0.065990	0.444760
0.065990	0.443492
0.065990	0.418334
0.065990	0.442446
0.065990	0.742716
0.065990	0.736715
0.069124	0.470368
0.069124	0.468760
0.069124	0.483268
0.069124	0.486285
0.069124	0.450434
0.069124	0.490685
0.069124	0.562933
0.069124	0.481939
0.069124	0.724708
0.069124	0.708085
0.069124	0.466073
0.069124	0.731069
0.069124	0.727817
0.069124	0.735393
0.183548	0.348141
0.183548	0.347819
0.183548	0.352885
0.183548	0.352548
0.183548	0.661891
0.183548	0.696803
0.183548	0.663266
0.047789	0.370670
0.047789	0.374312
0.047789	0.398272
0.047789	0.385713
0.047789	0.697343
0.047789	0.406841
0.047789	0.378631
0.047789	0.649884
0.047789	0.395089
0.047789	0.640619
0.047789	0.663914
0.087579	0.338995
0.087579	0.329510
0.087579	0.348398
0.087579	0.354480
0.087579	0.348306
0.087579	0.333646
0.087579	0.337544
0.087579	0.334747
0.071383	0.316854
0.071383	0.310235
0.071383	0.327745
0.071383	0.316674
0.071383	0.664846
0.071383	0.342631
0.071383	0.646265
0.071383	0.671912
0.126009	0.308509
0.126009	0.308522
0.126009	0.317055
0.126009	0.311654
0.126009	0.323600
0.126009	0.307300
0.126009	0.701874
0.126009	0.346797
0.119016	0.300242
0.119016	0.300549
0.119016	0.320305
0.119016	0.288588
0.119016	0.281667
0.119016	0.365905
0.254307	0.296792
0.254307	0.286340
0.254307	0.295020
0.254307	0.296053
0.254307	0.683061
0.254307	0.610168
0.254307	0.370239
0.254307	0.666953
0.072470	0.178662
0.072470	0.183037
0.072470	0.191489
0.072470	0.188742
0.072470	0.216935
0.072470	0.152849
0.072470	0.188094
0.072470	0.165681
0.072470	0.166495
0.072470	0.216631
0.072470	0.189248
0.152664	0.308665
0.152664	0.301818
0.152664	0.284274
0.152664	0.278418
0.152664	0.295082
0.152664	0.308686
0.152664	0.305433
0.152664	0.517523
0.152664	0.467652
0.046845	0.255192
0.046845	0.290541
0.046845	0.252892
0.046845	0.273794
0.046845	0.297998
0.046845	0.273526
0.102380	0.280841
0.102380	0.237109
0.102380	0.251053
0.102380	0.280456
0.102380	0.283537
0.102380	0.321572
0.043912	0.286444
0.043912	0.315209
0.043912	0.303040
0.043912	0.284391
0.043912	0.282229
0.043912	0.292946
0.043912	0.305056
0.043912	0.351689
0.043912	0.330758
0.185117	0.251366
0.185117	0.242849
0.185117	0.248875
0.185117	0.235185
0.185117	0.240314
0.185117	0.252302
0.185117	0.244381
0.185117	0.240697
0.185117	0.363891
0.185117	0.246200
0.185117	0.341817
0.147558	0.214346
0.147558	0.196453
0.147558	0.199253
0.147558	0.209737
0.147558	0.195924
0.153125	0.259356
0.153125	0.277868
0.153125	0.260783
0.153125	0.255107
0.153125	0.267598
0.153125	0.259058
0.153125	0.251498
0.153125	0.297148
0.551312	0.311076
0.551312	0.276347
0.551312	0.274909
0.551312	0.266623
0.551312	0.293946
0.551312	0.291684
0.551312	0.288699
0.551312	0.427140
0.355349	0.276075
0.355349	0.279652
0.355349	0.268627
0.355349	0.303426
0.355349	0.362739
0.047975	0.304566
0.047975	0.307303
0.047975	0.321174
0.047975	0.113276
0.047975	0.113082
0.047975	0.323521
0.047975	0.317531
0.047975	0.110128
0.131430	0.286130
0.131430	0.144751
0.131430	0.290529
0.131430	0.300218
0.131430	0.283292
0.131430	0.160784
0.131430	0.170299
0.256039	0.165215
0.256039	0.293527
0.256039	0.296520
0.256039	0.175482
0.256039	0.166622
0.256039	0.183678
0.256039	0.164774
0.159731	0.421391
0.159731	0.143255
0.159731	0.422855
0.159731	0.139368
0.159731	0.171342
0.159731	0.158758
0.159731	0.150024
0.159731	0.141761
0.159731	0.116035
0.287769	0.219639
0.287769	0.243775
0.287769	0.258235
0.287769	0.252990
0.287769	0.241080
0.287769	0.240081
0.287769	0.248972
0.287769	0.245852
0.287769	0.248980
0.159052	0.171074
0.159052	0.162199
0.159052	0.174197
0.159052	0.160698
0.159052	0.176647
0.159052	0.161088
0.096256	0.170455
0.096256	0.173658
0.096256	0.179762
0.096256	0.187742
0.096256	0.199186
0.021623	0.201801
0.021623	0.151344
0.021623	0.183301
0.021623	0.205680
0.021623	0.222745
0.021623	0.149443
0.021623	0.167752
0.021623	0.160188
0.197188	0.116096
0.197188	0.113859
0.197188	0.122244
0.197188	0.112940
0.208982	0.114512
0.208982	0.119089
0.208982	0.126255
0.208982	0.120571
0.208982	0.087189
0.208982	0.161877
0.194901	0.138134
0.194901	0.141534
0.194901	0.146695
0.194901	0.140152
0.194901	0.132143
0.194901	0.147978
0.194901	0.174853
0.176484	0.234067
0.176484	0.210722
0.176484	0.238141
0.176484	0.226974
0.229819	0.372320
0.229819	0.380802
0.229819	0.374717
0.229819	0.114508
0.229819	0.101410
0.229819	0.380788
0.229819	0.103275
0.229819	0.090621
0.229819	0.090087
0.229819	0.099656
0.229819	0.095867
0.084202	0.143320
0.084202	0.145921
0.084202	0.152255
0.084202	0.142297
0.084202	0.143280
0.084202	0.142752
0.084202	0.162064
0.084202	0.133986
0.084469	0.284306
0.084469	0.114060
0.084469	0.268639
0.084469	0.329789
0.084469	0.128298
0.084469	0.135489
0.084469	0.276748
0.094743	0.269492
0.094743	0.253192
0.094743	0.261612
0.094743	0.292844
0.122176	0.146863
0.122176	0.169581
0.122176	0.203230
0.122176	0.157699
0.122176	0.208077
0.122176	0.215637
0.122176	0.193928
0.122176	0.213874
0.122176	0.221043
0.122176	0.225649
0.122176	0.309697
0.076503	0.207702
0.076503	0.175411
0.076503	0.173754
0.076503	0.154519
0.076503	0.212231
0.076503	0.161929
0.076503	0.276209
0.076503	0.134070
0.064765	0.238540
0.064765	0.216498
0.064765	0.241622
0.064765	0.203673
0.064765	0.233135
0.064765	0.235775
0.064765	0.216041
0.064765	0.239155
0.064765	0.214064
0.064765	0.247393
0.064765	0.258923
0.064765	0.200097
0.064765	0.203866
0.064765	0.169499
0.067345	0.147695
0.067345	0.151083
0.067345	0.143102
0.067345	0.135235
0.061118	0.314581
0.061118	0.311965
0.061118	0.326236
0.061118	0.310414
0.061118	0.632448
0.118850	0.371485
0.118850	0.367782
0.118850	0.369889
0.118850	0.371827
0.118850	0.358792
0.118850	0.351559
0.118850	0.342898
0.118850	0.363312
0.118850	0.365845
0.118850	0.664480
0.118850	0.661061
0.031742	0.329073
0.031742	0.335099
0.031742	0.347787
0.031742	0.657648
0.031742	0.631934
0.031742	0.579144
0.031742	0.669427
0.070209	0.343263
0.070209	0.346590
0.070209	0.353477
0.070209	0.333623
0.070209	0.683012
0.057123	0.448844
0.057123	0.443368
0.057123	0.456815
0.057123	0.444092
0.057123	0.602291
0.057123	0.460377
0.057123	0.431318
0.057123	0.441505
0.057123	0.693409
0.057123	0.668286
0.057123	0.682225
0.057123	0.707040
0.123326	0.402194
0.123326	0.392406
0.123326	0.400393
0.123326	0.404094
0.123326	0.724088
0.123326	0.401691
0.123326	0.400118
0.123326	0.724287
0.087440	0.527382
0.087440	0.532401
0.087440	0.543182
0.087440	0.541742
0.087440	0.613167
0.087440	0.550392
0.087440	0.529638
0.087440	0.600338
0.087440	0.540625
0.087440	0.575443
0.087440	0.650119
0.107654	0.603097
0.107654	0.621035
0.107654	0.472584
0.107654	0.475683
0.073583	0.458076
0.073583	0.445986
0.073583	0.447484
0.073583	0.744663
0.073583	0.738119
0.073583	0.732590
0.073583	0.714865
0.088317	0.505190
0.088317	0.649375
0.088317	0.685654
0.088317	0.634459
0.088317	0.680615
0.088317	0.672662
0.088317	0.653166
0.088317	0.630342
0.088317	0.688047
0.099280	0.583836
0.099280	0.574511
0.099280	0.417861
0.099280	0.416729
0.099280	0.624349
0.083120	0.386352
0.083120	0.369453
0.083120	0.374576
0.083120	0.375828
0.083120	0.643564
0.083120	0.653030
0.083120	0.652611
0.083120	0.703247
0.053381	0.457346
0.053381	0.440380
0.053381	0.447938
0.053381	0.438473
0.053381	0.623426
0.053381	0.442926
0.053381	0.458449
0.053381	0.557595
0.123877	0.318103
0.123877	0.314952
0.123877	0.328874
0.123877	0.323858
0.123877	0.688742
0.123877	0.584989
0.123877	0.615868
0.123877	0.623306
0.069351	0.397437
0.069351	0.388983
0.069351	0.412189
0.069351	0.399811
0.069351	0.609707
0.069351	0.390373
0.069351	0.406566
0.069351	0.419851
0.087063	0.289647
0.087063	0.485216
0.087063	0.297167
0.087063	0.470512
0.087063	0.277749
0.086759	0.386287
0.086759	0.377001
0.086759	0.387879
0.086759	0.390912
0.086759	0.482596
0.086759	0.356463
0.086759	0.379636
0.086759	0.449015
0.086759	0.393553
0.086759	0.432508
0.086759	0.378151
0.103509	0.146116
0.103509	0.138369
0.103509	0.157398
0.103509	0.148467
0.128337	0.146590
0.128337	0.147992
0.128337	0.154625
0.128337	0.151940
0.128337	0.177414
0.128337	0.175949
0.128337	0.135050
0.084090	0.185726
0.084090	0.204834
0.084090	0.200735
0.084090	0.181047
0.084090	0.249845
0.084090	0.235554
0.084090	0.250425
0.084090	0.188437
0.084090	0.193068
0.062465	0.234918
0.062465	0.195891
0.062465	0.195986
0.062465	0.175777
0.062465	0.203597
0.062465	0.186919
0.062465	0.198332
0.062465	0.183724
0.067119	0.182550
0.067119	0.184763
0.067119	0.186299
0.067119	0.233007
0.067119	0.187071
0.067119	0.170567
0.067119	0.218508
0.067119	0.202142
0.064070	0.253476
0.064070	0.201991
0.064070	0.271226
0.064070	0.203820
0.064070	0.235950
0.064070	0.184181
0.064070	0.223750
0.064070	0.206615
0.064070	0.243688
0.064070	0.183230
0.064070	0.212743
0.157266	0.229578
0.157266	0.228279
0.157266	0.244357
0.157266	0.169310
0.157266	0.177823
0.157266	0.249798
0.157266	0.251545
0.157266	0.204028
0.072891	0.243336
0.072891	0.186056
0.072891	0.256151
0.072891	0.258491
0.072891	0.179832
0.072891	0.196773
0.072891	0.168715
0.072891	0.318954
0.072891	0.192688
0.219424	0.160706
0.219424	0.236387
0.219424	0.229287
0.219424	0.212722
0.219424	0.207331
0.219424	0.150387
0.219424	0.287641
0.219424	0.171157
0.078968	0.191982
0.078968	0.224043
0.078968	0.180507
0.078968	0.186510
0.078968	0.190479
0.078968	0.188522
0.078968	0.181128
0.078968	0.173378
0.078968	0.196632
0.078968	0.166371
0.078968	0.175499
0.078968	0.199801
0.070871	0.143804
0.070871	0.138101
0.070871	0.141790
0.070871	0.158449
0.070871	0.124779
0.070871	0.150617
0.070871	0.133366
0.070871	0.187248
0.070871	0.137471
0.070871	0.205481
0.070871	0.147140
0.075131	0.120604
0.075131	0.123740
0.075131	0.126448
0.075131	0.119764
0.075131	0.139056
0.075131	0.124759
0.075131	0.216695
0.075131	0.097288
0.129538	0.188578
0.129538	0.188726
0.129538	0.205446
0.129538	0.204171
0.129538	0.188882
0.129538	0.170698
0.129538	0.174545
0.129538	0.202893
0.129538	0.192026
0.129538	0.166438
0.129538	0.207264
0.048326	0.107275
0.048326	0.114793
0.048326	0.114004
0.048326	0.082909
0.048326	0.120212
0.048326	0.121124
0.248254	0.139705
0.248254	0.126835
0.248254	0.136993
0.248254	0.169681
0.248254	0.136521
0.248254	0.143761
0.248254	0.127336
0.248254	0.139885
0.248254	0.156873
0.248254	0.226930
0.248254	0.122227
0.248254	0.230117
0.473016	0.149568
0.473016	0.161915
0.473016	0.162777
0.473016	0.199606
0.473016	0.168222
0.473016	0.156418
0.473016	0.171954
0.473016	0.349096
0.330479	0.152801
0.330479	0.177401
0.330479	0.152295
0.330479	0.155181
0.330479	0.153840
0.330479	0.141938
0.330479	0.193528
0.330479	0.148309
0.329262	0.178125
0.329262	0.177566
0.329262	0.154215
0.329262	0.226667
0.329262	0.157262
0.329262	0.145054
0.329262	0.220885
0.329262	0.177200
0.069049	0.141523
0.069049	0.141785
0.069049	0.146222
0.069049	0.143012
0.069049	0.139207
0.069049	0.155164
0.069049	0.141786
0.069049	0.150030
0.133728	0.152217
0.133728	0.154195
0.133728	0.156817
0.133728	0.179573
0.133728	0.139160
0.133728	0.180675
0.133728	0.196133
0.133728	0.196816
0.133728	0.174998
0.070679	0.094797
0.070679	0.064507
0.070679	0.098352
0.070679	0.105066
0.212243	0.106496
0.212243	0.116217
0.212243	0.122175
0.212243	0.119986
0.212243	0.117703
0.212243	0.103619
0.212243	0.077470
0.212243	0.130484
0.071478	0.125447
0.071478	0.125520
0.071478	0.131556
0.071478	0.123288
0.071478	0.147422
0.071478	0.140385
0.071478	0.142705
0.071478	0.124889
0.071478	0.141397
0.071478	0.125331
0.071478	0.132963
0.071478	0.156661
0.136452	0.124884
0.136452	0.118573
0.136452	0.122018
0.136452	0.116789
0.136452	0.097142
0.100862	0.116787
0.100862	0.093379
0.100862	0.121297
0.100862	0.132881
0.055531	0.162763
0.055531	0.162560
0.055531	0.176429
0.055531	0.175414
0.055531	0.162067
0.055531	0.168173
0.055531	0.184459
0.055531	0.314215
0.055531	0.232926
0.247608	0.161392
0.247608	0.165063
0.247608	0.154657
0.247608	0.148859
0.247608	0.145804
0.247608	0.157147
0.247608	0.133204
0.104246	0.250563
0.104246	0.239982
0.104246	0.253027
0.104246	0.263632
0.104246	0.263017
0.104246	0.252288
0.104246	0.317731
0.104246	0.268425
0.104246	0.168197
0.104246	0.197577
0.104246	0.239365
0.052020	0.146569
0.052020	0.149785
0.052020	0.157331
0.052020	0.143443
0.052020	0.143073
0.052020	0.146506
0.052020	0.162279
0.097194	0.157491
0.097194	0.157762
0.097194	0.179905
0.097194	0.178921
0.097194	0.223253
0.097194	0.176835
0.097194	0.207426
0.097194	0.200405
0.143424	0.192175
0.143424	0.208928
0.143424	0.229369
0.143424	0.186925
0.143424	0.177646
0.143424	0.210427
0.143424	0.194690
0.143424	0.199359
0.143424	0.185849
0.143424	0.183869
0.143424	0.192182
0.143424	0.210543
0.145063	0.516593
0.145063	0.303173
0.145063	0.478396
0.145063	0.469001
0.145063	0.346890
0.145063	0.293227
0.145063	0.299901
0.145063	0.305191
0.145063	0.381971
0.055015	0.298598
0.055015	0.479580
0.055015	0.305880
0.055015	0.297199
0.218267	0.351528
0.218267	0.341086
0.218267	0.350244
0.218267	0.337309
0.218267	0.656172
0.218267	0.411106
0.072529	0.414635
0.072529	0.421663
0.072529	0.434615
0.072529	0.413570
0.072529	0.437903
0.072529	0.417975
0.072529	0.574872
0.072529	0.510924
0.109274	0.400484
0.109274	0.386523
0.109274	0.397183
0.109274	0.641767
0.109274	0.395771
0.109274	0.643219
0.109274	0.653644
0.109274	0.721738
0.109274	0.603713
0.042895	0.517466
0.042895	0.644083
0.042895	0.687368
0.042895	0.675654
0.042895	0.605508
0.042895	0.529882
0.042895	0.582352
0.042895	0.577206
0.042895	0.597753
0.042895	0.546614
0.042895	0.562865
