Ground Truth	Predictions
0.111925	0.212686
0.111925	0.208547
0.111925	0.227689
0.111925	0.244695
0.171172	0.179083
0.171172	0.105018
0.171172	0.100622
0.171172	0.084045
0.171172	0.172746
0.171172	0.203038
0.171172	0.178282
0.127330	0.195768
0.127330	0.287980
0.127330	0.179817
0.127330	0.150743
0.127330	0.208600
0.127330	0.171641
0.127330	0.158449
0.087454	0.163864
0.087454	0.186241
0.087454	0.173371
0.087454	0.172057
0.120803	0.171381
0.120803	0.184574
0.120803	0.174159
0.120803	0.144374
0.120803	0.149142
0.120803	0.207050
0.120803	0.191158
0.120803	0.212155
0.120803	0.299219
0.069751	0.057501
0.069751	0.065370
0.069751	0.064346
0.069751	0.053164
0.069751	0.072748
0.069751	0.163835
0.069751	0.165038
0.086476	0.174444
0.086476	0.200481
0.086476	0.193707
0.086476	0.236201
0.086476	0.205950
0.086476	0.157693
0.086476	0.216390
0.086476	0.194862
0.177570	0.129638
0.177570	0.120382
0.177570	0.138767
0.177570	0.123888
0.177570	0.196178
0.177570	0.186855
0.177570	0.168387
0.177570	0.198837
0.177570	0.187328
0.177570	0.207527
0.177570	0.202129
0.071975	0.097271
0.071975	0.111773
0.071975	0.116571
0.071975	0.108991
0.071975	0.089515
0.071975	0.126798
0.071975	0.108542
0.071975	0.131317
0.071975	0.192070
0.071975	0.153473
0.071975	0.118418
0.071975	0.167007
0.030892	0.092102
0.030892	0.092038
0.030892	0.116594
0.030892	0.152073
0.030892	0.104194
0.183667	0.228146
0.183667	0.353273
0.183667	0.232488
0.183667	0.369561
0.183667	0.309104
0.183667	0.220790
0.183667	0.305021
0.183667	0.229856
0.183667	0.240016
0.183667	0.268622
0.183667	0.324136
0.150314	0.167740
0.150314	0.197079
0.150314	0.214188
0.150314	0.201990
0.150314	0.177285
0.150314	0.223429
0.150314	0.210443
0.150314	0.240364
0.150314	0.244683
0.150314	0.202711
0.150314	0.250183
0.049333	0.213056
0.049333	0.193348
0.049333	0.202822
0.049333	0.268641
0.049333	0.212197
0.049333	0.180402
0.042667	0.195953
0.042667	0.167547
0.042667	0.183416
0.042667	0.182151
0.042667	0.158439
0.042667	0.158848
0.042667	0.123605
0.081816	0.200374
0.081816	0.161295
0.081816	0.208288
0.081816	0.256645
0.081816	0.127041
0.081816	0.133888
0.162850	0.264934
0.162850	0.231848
0.162850	0.259494
0.162850	0.173047
0.162850	0.236363
0.162850	0.168548
0.162850	0.158002
0.294662	0.163290
0.294662	0.165714
0.294662	0.196072
0.294662	0.163547
0.294662	0.154083
0.294662	0.198028
0.294662	0.294575
0.294662	0.321102
0.121942	0.231314
0.121942	0.209753
0.121942	0.230069
0.121942	0.189544
0.121942	0.257526
0.121942	0.234196
0.098798	0.224683
0.098798	0.217847
0.098798	0.228012
0.098798	0.203348
0.098798	0.190319
0.098798	0.214335
0.098798	0.172328
0.098798	0.236389
0.119527	0.239193
0.119527	0.253797
0.119527	0.245737
0.119527	0.233923
0.119527	0.245028
0.119527	0.280831
0.119527	0.298190
0.119527	0.290432
0.119527	0.231812
0.424660	0.227342
0.424660	0.243962
0.424660	0.238429
0.424660	0.256470
0.424660	0.313246
0.424660	0.299723
0.424660	0.205637
0.424660	0.270856
0.424660	0.245430
0.221572	0.169940
0.221572	0.210254
0.221572	0.199196
0.221572	0.198158
0.221572	0.142373
0.221572	0.218425
0.221572	0.188218
0.221572	0.229205
0.221572	0.188912
0.221572	0.227082
0.221572	0.182037
0.387648	0.189443
0.387648	0.208667
0.387648	0.211256
0.387648	0.173589
0.387648	0.215884
0.387648	0.236319
0.387648	0.216945
0.387648	0.264150
0.211845	0.242151
0.211845	0.239976
0.211845	0.227096
0.211845	0.259613
0.211845	0.266509
0.211845	0.234780
0.211845	0.287710
0.211845	0.262895
0.441487	0.220738
0.441487	0.230534
0.441487	0.222657
0.441487	0.286760
0.441487	0.273334
0.441487	0.244970
0.441487	0.280582
0.441487	0.246034
0.441487	0.238805
0.441487	0.273564
0.441487	0.210184
0.480052	0.201092
0.480052	0.195253
0.480052	0.226226
0.480052	0.227080
0.554193	0.254508
0.554193	0.230219
0.554193	0.253082
0.554193	0.266188
0.554193	0.247488
0.554193	0.266476
0.425747	0.291467
0.425747	0.207615
0.425747	0.189037
0.425747	0.173508
0.425747	0.222920
0.425747	0.230510
0.174335	0.193267
0.174335	0.199118
0.174335	0.205370
0.174335	0.199207
0.174335	0.212766
0.174335	0.194526
0.174335	0.215704
0.174335	0.253967
0.174335	0.225544
0.249570	0.205984
0.249570	0.195462
0.249570	0.197332
0.249570	0.188744
0.249570	0.225959
0.249570	0.201819
0.249570	0.218283
0.249570	0.272397
0.249570	0.185482
0.244116	0.144058
0.244116	0.140903
0.244116	0.155928
0.244116	0.167485
0.244116	0.128525
0.244116	0.170779
0.244116	0.222874
0.156196	0.091353
0.156196	0.135955
0.156196	0.103575
0.156196	0.085934
0.156196	0.076103
0.156196	0.141584
0.254779	0.078624
0.254779	0.078676
0.254779	0.090639
0.254779	0.073702
0.254779	0.106038
0.254779	0.100153
0.254779	0.071814
0.254779	0.081609
0.254779	0.080984
0.254779	0.075686
0.254779	0.069997
0.240615	0.093740
0.240615	0.163306
0.240615	0.159783
0.240615	0.181712
0.240615	0.160073
0.240615	0.157931
0.240615	0.160846
0.240615	0.159554
0.148808	0.103238
0.148808	0.170685
0.148808	0.103810
0.148808	0.111847
0.148808	0.187668
0.148808	0.129755
0.148808	0.200796
0.148808	0.168719
0.148808	0.187111
0.148808	0.100817
0.148808	0.110156
0.091609	0.055570
0.091609	0.060016
0.091609	0.066122
0.091609	0.056662
0.091609	0.052469
0.091609	0.067512
0.091609	0.070576
0.091609	0.065479
0.528559	0.137085
0.528559	0.168149
0.528559	0.150860
0.528559	0.194569
0.528559	0.248492
0.528559	0.126498
0.528559	0.231262
0.528559	0.147100
0.528559	0.155340
0.528559	0.217340
0.528559	0.138305
0.211004	0.125856
0.211004	0.130755
0.211004	0.133711
0.211004	0.116575
0.211004	0.209493
0.211004	0.172451
0.211004	0.161076
0.211004	0.193547
0.211004	0.182800
0.044904	0.133687
0.044904	0.145510
0.044904	0.144224
0.044904	0.119810
0.044904	0.134368
0.044904	0.126961
0.044904	0.148864
0.044904	0.252199
0.044904	0.159487
0.063559	0.057631
0.063559	0.067915
0.063559	0.064219
0.063559	0.054012
0.063559	0.053691
0.063559	0.059499
0.063559	0.073940
0.063559	0.094442
0.061609	0.079896
0.061609	0.071226
0.061609	0.074110
0.061609	0.064286
0.061609	0.059084
0.061609	0.078174
0.061609	0.052686
0.050902	0.050916
0.050902	0.057203
0.050902	0.058086
0.050902	0.050206
0.050902	0.056678
0.050902	0.044772
0.050902	0.170647
0.115075	0.171074
0.115075	0.201690
0.115075	0.201979
0.115075	0.193309
0.115075	0.204803
0.115075	0.206530
0.115075	0.163561
0.115075	0.211073
0.115075	0.204288
0.115075	0.166912
0.115075	0.149582
0.128178	0.064141
0.128178	0.069055
0.128178	0.073098
0.128178	0.056676
0.128178	0.072933
0.128178	0.080851
0.128178	0.067629
0.128178	0.092875
0.033898	0.069663
0.033898	0.076658
0.033898	0.075060
0.033898	0.066452
0.033898	0.053376
0.053964	0.141162
0.053964	0.147167
0.053964	0.167048
0.053964	0.159234
0.053964	0.191227
0.053964	0.158850
0.053964	0.144146
0.053964	0.138134
0.176907	0.090152
0.176907	0.122339
0.176907	0.101858
0.176907	0.094019
0.176907	0.142171
0.176907	0.083740
0.176907	0.131967
0.176907	0.107179
0.057086	0.094844
0.057086	0.103452
0.057086	0.117786
0.057086	0.158357
0.057086	0.131759
0.057086	0.105642
0.057086	0.083614
0.057086	0.159604
0.034193	0.182342
0.034193	0.212732
0.034193	0.203685
0.034193	0.192770
0.034193	0.154460
0.034193	0.153123
0.034193	0.232448
0.034193	0.209847
0.034193	0.341266
0.101695	0.219841
0.101695	0.221426
0.101695	0.223705
0.101695	0.223097
0.101695	0.216112
0.101695	0.222263
0.101695	0.239565
0.101695	0.242604
0.101695	0.234277
0.058097	0.095899
0.058097	0.103917
0.058097	0.120482
0.058097	0.090063
0.058097	0.125702
0.058097	0.128690
0.058097	0.104086
0.058097	0.144677
0.036270	0.155547
0.036270	0.191963
0.036270	0.177011
0.036270	0.271951
0.036270	0.358631
0.036270	0.204420
0.027764	0.196541
0.027764	0.258189
0.027764	0.235388
0.027764	0.354876
0.027764	0.219700
0.027764	0.211389
0.027764	0.206823
0.027764	0.372628
0.046272	0.212010
0.046272	0.216139
0.046272	0.227972
0.046272	0.306504
0.046272	0.199480
0.046272	0.187689
0.046272	0.192203
0.046272	0.209999
0.038811	0.269811
0.038811	0.388282
0.038811	0.259686
0.038811	0.246529
0.038811	0.385777
0.038811	0.270491
0.038811	0.279457
0.037467	0.395469
0.037467	0.288820
0.037467	0.283716
0.037467	0.281559
0.037467	0.366571
0.037467	0.335779
0.037467	0.409941
0.037467	0.299704
0.067317	0.297549
0.067317	0.287348
0.067317	0.292127
0.067317	0.288482
0.067317	0.287768
0.067317	0.297672
0.067317	0.309056
0.067317	0.400350
0.032092	0.232332
0.032092	0.231473
0.032092	0.242365
0.032092	0.220301
0.032092	0.236347
0.032092	0.240573
0.032092	0.231563
0.032092	0.268357
0.050540	0.217771
0.050540	0.220885
0.050540	0.232008
0.050540	0.239035
0.050540	0.234788
0.050540	0.241669
0.050540	0.210489
0.050540	0.356148
0.044682	0.283003
0.044682	0.371115
0.044682	0.285086
0.044682	0.392102
0.044682	0.398747
0.044682	0.370787
0.044682	0.366737
0.044682	0.285938
0.044682	0.343792
0.044682	0.369765
0.044682	0.387736
0.052583	0.262415
0.052583	0.286146
0.052583	0.269473
0.052583	0.256546
0.052583	0.252406
0.052583	0.259073
0.052583	0.278061
0.150635	0.301404
0.150635	0.170497
0.150635	0.299675
0.150635	0.254790
0.150635	0.218480
0.150635	0.195901
0.150635	0.200160
0.118298	0.260314
0.118298	0.277969
0.118298	0.264731
0.118298	0.248861
0.118298	0.228854
0.118298	0.205087
0.034986	0.161846
0.034986	0.198248
0.034986	0.180044
0.034986	0.158556
0.034986	0.157336
0.034986	0.194308
0.034986	0.149285
0.069185	0.267211
0.069185	0.279636
0.069185	0.276290
0.069185	0.276865
0.069185	0.373083
0.069185	0.334626
0.069185	0.231548
0.069185	0.290689
0.069185	0.305624
0.196456	0.242745
0.196456	0.212608
0.196456	0.246561
0.196456	0.237681
0.196456	0.216468
0.196456	0.241647
0.196456	0.199037
0.196456	0.226909
0.036524	0.137037
0.036524	0.152591
0.036524	0.153188
0.036524	0.126904
0.036524	0.170183
0.036524	0.156088
0.036524	0.117605
0.050496	0.243156
0.050496	0.255039
0.050496	0.249802
0.050496	0.233392
0.050496	0.250260
0.050496	0.274475
0.050496	0.246378
0.050496	0.358064
0.050496	0.433444
0.048389	0.173436
0.048389	0.217819
0.048389	0.205903
0.048389	0.177534
0.048389	0.271277
0.048389	0.206033
0.389792	0.210903
0.389792	0.235373
0.389792	0.242977
0.389792	0.210629
0.389792	0.214513
0.389792	0.250597
0.389792	0.274424
0.389792	0.247050
0.389792	0.238657
0.389792	0.250790
0.389792	0.251390
0.389792	0.240886
0.389792	0.243350
0.389792	0.242390
0.258773	0.117103
0.258773	0.123184
0.258773	0.136101
0.258773	0.119207
0.258773	0.122117
0.258773	0.161388
0.258773	0.122380
0.258773	0.129149
0.258773	0.212873
0.258773	0.109199
0.258773	0.137266
0.258773	0.139600
0.102455	0.081012
0.102455	0.096493
0.102455	0.092376
0.102455	0.081803
0.102455	0.096206
0.102455	0.085872
0.102455	0.165493
0.102455	0.232275
0.188994	0.192353
0.188994	0.210099
0.188994	0.206146
0.188994	0.201895
0.188994	0.205651
0.188994	0.262211
0.188994	0.192342
0.188994	0.205478
0.188994	0.192504
0.206496	0.089555
0.206496	0.094621
0.206496	0.095577
0.206496	0.079484
0.206496	0.076008
0.206496	0.083606
0.083967	0.054158
0.083967	0.059923
0.083967	0.062016
0.083967	0.051818
0.083967	0.059321
0.083967	0.060656
0.083967	0.059120
0.083967	0.071514
0.120528	0.136941
0.120528	0.164902
0.120528	0.159288
0.120528	0.167462
0.120528	0.199905
0.120528	0.197702
0.120528	0.162602
0.120528	0.159226
0.120528	0.163243
0.149781	0.148357
0.149781	0.183151
0.149781	0.165135
0.149781	0.159433
0.149781	0.173330
0.149781	0.219611
0.149781	0.201695
0.149781	0.193560
0.149781	0.179859
0.094498	0.049941
0.094498	0.058444
0.094498	0.058933
0.094498	0.077512
0.094498	0.056877
0.094498	0.049044
0.094498	0.047679
0.094498	0.075528
0.117810	0.052167
0.117810	0.065867
0.117810	0.064519
0.117810	0.186369
0.117810	0.163003
0.117810	0.053239
0.117810	0.048509
0.117810	0.052998
0.195300	0.132864
0.195300	0.156630
0.195300	0.158795
0.195300	0.178986
0.195300	0.154531
0.195300	0.158125
0.195300	0.164968
0.195300	0.168548
0.216954	0.070025
0.216954	0.069634
0.216954	0.087364
0.216954	0.089227
0.216954	0.068418
0.216954	0.092700
0.216954	0.077095
0.216954	0.066209
0.216954	0.188734
0.216954	0.065533
0.216954	0.175623
0.264697	0.150307
0.264697	0.166943
0.264697	0.136361
0.264697	0.200488
0.264697	0.184016
0.264697	0.171239
0.264697	0.198137
0.264697	0.170922
0.264697	0.152351
0.232472	0.183686
0.232472	0.172985
0.232472	0.187798
0.232472	0.198227
0.232472	0.212383
0.232472	0.170916
0.232472	0.200352
0.232472	0.208599
0.266341	0.169922
0.266341	0.211666
0.266341	0.173814
0.266341	0.253715
0.266341	0.152332
0.266341	0.231075
0.266341	0.151590
0.266341	0.236066
0.266341	0.244594
0.101791	0.208795
0.101791	0.179686
0.101791	0.177486
0.101791	0.172511
0.101791	0.200130
0.101791	0.185017
0.306916	0.203165
0.306916	0.190971
0.306916	0.146945
0.306916	0.143276
0.306916	0.239547
0.065228	0.205959
0.065228	0.222776
0.065228	0.274664
0.065228	0.355168
0.065228	0.307279
0.065228	0.328482
0.065228	0.282985
0.065228	0.321963
0.065228	0.306423
0.078786	0.212847
0.078786	0.276464
0.078786	0.213201
0.078786	0.205892
0.078786	0.283764
0.078786	0.273217
0.078786	0.282569
0.078786	0.363127
0.120447	0.239977
0.120447	0.202521
0.120447	0.203904
0.120447	0.311245
0.120447	0.314975
0.215504	0.232976
0.215504	0.295893
0.215504	0.216876
0.215504	0.204566
0.215504	0.292097
0.215504	0.275834
0.215504	0.360011
0.215504	0.364140
0.215504	0.255198
0.308372	0.141112
0.308372	0.179871
0.308372	0.122236
0.308372	0.102421
0.308372	0.130831
0.271542	0.092029
0.271542	0.098448
0.271542	0.104299
0.271542	0.087536
0.271542	0.100876
0.271542	0.133742
0.271542	0.191634
0.271542	0.214096
0.251195	0.208426
0.251195	0.232050
0.251195	0.213710
0.251195	0.205724
0.251195	0.270823
0.251195	0.220525
0.251195	0.253911
0.251195	0.213353
0.251195	0.266109
0.251195	0.224171
0.251195	0.203496
0.251195	0.215129
0.186895	0.185375
0.186895	0.192341
0.186895	0.191700
0.186895	0.187482
0.186895	0.242578
0.186895	0.227021
0.186895	0.253395
0.186895	0.265841
0.216029	0.082612
0.216029	0.090677
0.216029	0.096142
0.216029	0.079523
0.216029	0.069628
0.216029	0.109068
0.216029	0.115548
0.216029	0.091542
0.216029	0.108657
0.216029	0.086279
0.216029	0.087270
0.332818	0.114738
0.332818	0.125191
0.332818	0.133768
0.332818	0.116064
0.332818	0.141882
0.332818	0.122091
0.332818	0.246155
0.065018	0.215008
0.065018	0.223409
0.065018	0.218402
0.065018	0.217555
0.065018	0.223823
0.065018	0.223135
0.065018	0.309322
0.065018	0.199813
0.108303	0.114318
0.108303	0.123315
0.108303	0.133015
0.108303	0.110631
0.108303	0.118082
0.108303	0.144794
0.108303	0.132323
0.088416	0.076326
0.088416	0.091752
0.088416	0.084759
0.088416	0.074334
0.088416	0.080013
0.088416	0.064970
0.088416	0.079190
0.171979	0.184235
0.171979	0.212592
0.171979	0.206175
0.171979	0.182540
0.171979	0.220143
0.171979	0.251406
0.171979	0.165429
0.171979	0.248630
0.197679	0.241644
0.197679	0.268462
0.197679	0.247461
0.197679	0.292028
0.197679	0.256051
0.197679	0.278222
0.197679	0.273057
0.197679	0.242698
0.197679	0.216805
0.197679	0.267869
0.197679	0.314099
0.223206	0.124603
0.223206	0.134423
0.223206	0.140778
0.223206	0.110806
0.223206	0.134759
0.223206	0.118425
0.223206	0.141567
0.223206	0.120619
0.282069	0.240958
0.282069	0.249210
0.282069	0.247888
0.282069	0.248628
0.282069	0.239234
0.282069	0.304678
0.282069	0.262787
0.282069	0.263415
0.282069	0.267958
0.282069	0.347933
0.282069	0.332241
0.378726	0.266956
0.378726	0.264390
0.378726	0.238020
0.378726	0.259742
0.378726	0.265490
0.378726	0.231837
0.378726	0.267243
0.378726	0.289832
0.533765	0.269203
0.533765	0.285104
0.533765	0.271041
0.533765	0.288654
0.533765	0.261501
0.533765	0.277674
0.533765	0.272594
0.533765	0.280639
0.533765	0.277700
0.533765	0.272820
0.533765	0.327385
0.574817	0.268095
0.574817	0.273582
0.574817	0.282215
0.574817	0.266303
0.574817	0.276634
0.574817	0.292384
0.574817	0.288362
0.574817	0.282250
0.574817	0.271057
0.574817	0.285500
0.326635	0.249107
0.326635	0.271895
0.326635	0.260178
0.326635	0.368966
0.326635	0.300163
0.326635	0.218917
0.326635	0.302993
0.326635	0.247298
0.224695	0.271001
0.224695	0.278567
0.224695	0.276639
0.224695	0.258240
0.224695	0.328869
0.224695	0.242898
0.224695	0.282310
0.224695	0.286831
0.157421	0.254445
0.157421	0.253469
0.157421	0.250420
0.157421	0.219354
0.157421	0.249294
0.157421	0.192643
0.157421	0.196044
0.155233	0.313984
0.155233	0.320857
0.155233	0.308839
0.155233	0.299254
0.155233	0.330262
0.155233	0.344642
0.155233	0.283677
0.155233	0.395058
0.139295	0.360074
0.139295	0.355911
0.139295	0.350413
0.139295	0.324037
0.139295	0.436141
0.139295	0.368084
0.139295	0.329613
0.172858	0.289309
0.172858	0.341650
0.172858	0.300267
0.172858	0.278358
0.172858	0.275117
0.172858	0.266881
0.172858	0.206325
0.047085	0.236362
0.047085	0.256368
0.047085	0.250786
0.047085	0.245145
0.047085	0.242970
0.047085	0.217301
0.047085	0.273760
0.047085	0.259299
0.086373	0.225546
0.086373	0.238114
0.086373	0.237033
0.086373	0.234163
0.086373	0.223208
0.152572	0.281693
0.152572	0.283665
0.152572	0.287421
0.152572	0.279092
0.152572	0.291036
0.152572	0.223156
0.152572	0.195414
0.152572	0.298596
0.152572	0.287340
0.033231	0.208831
0.033231	0.187096
0.033231	0.231361
0.033231	0.199147
0.081918	0.199353
0.081918	0.213182
0.081918	0.218192
0.081918	0.192818
0.081918	0.202905
0.081918	0.195560
0.081918	0.262297
0.267668	0.250589
0.267668	0.265782
0.267668	0.260971
0.267668	0.254984
0.267668	0.253371
0.267668	0.263179
0.267668	0.340218
0.267668	0.244753
0.055085	0.285879
0.055085	0.297135
0.055085	0.291957
0.055085	0.294399
0.055085	0.274654
0.055085	0.281231
0.055085	0.291651
0.055085	0.281790
0.055085	0.304869
0.049904	0.281598
0.049904	0.293177
0.049904	0.292837
0.049904	0.287502
0.049904	0.272316
0.049904	0.302170
0.049904	0.275646
0.049904	0.316363
0.049904	0.296716
0.049904	0.371197
0.049904	0.309630
0.049904	0.374065
0.156959	0.289151
0.156959	0.309254
0.156959	0.293880
0.156959	0.255687
0.156959	0.298446
0.156959	0.296483
0.156959	0.318586
0.156959	0.246305
0.156959	0.284367
0.205058	0.321269
0.205058	0.294359
0.205058	0.324581
0.205058	0.261793
0.205058	0.331555
0.205058	0.312161
0.205058	0.286232
0.205058	0.400253
0.205058	0.200145
0.053134	0.338672
0.053134	0.229237
0.053134	0.216915
0.053134	0.229611
0.053134	0.302663
0.053134	0.355483
0.047242	0.353666
0.047242	0.274664
0.047242	0.334494
0.047242	0.366916
0.047242	0.313809
0.047242	0.358770
0.047242	0.334058
0.047242	0.268664
0.047242	0.362601
0.047242	0.312013
0.047242	0.302929
0.062118	0.457206
0.062118	0.329567
0.062118	0.367794
0.062118	0.382399
0.062118	0.386755
0.062118	0.327149
0.062118	0.314320
0.062118	0.393057
0.044825	0.274470
0.044825	0.257490
0.044825	0.274282
0.044825	0.316723
0.044825	0.232932
0.044825	0.229050
0.044825	0.237359
0.113438	0.311552
0.113438	0.305286
0.113438	0.316448
0.113438	0.337982
0.113438	0.207903
0.113438	0.414669
0.113438	0.329091
0.057594	0.272563
0.057594	0.281263
0.057594	0.283042
0.057594	0.267028
0.057594	0.268382
0.057594	0.299045
0.057594	0.311751
0.104441	0.203572
0.104441	0.215884
0.104441	0.212460
0.104441	0.210333
0.104441	0.283458
0.104441	0.263221
0.124834	0.225292
0.124834	0.251435
0.124834	0.235022
0.124834	0.246730
0.124834	0.305754
0.124834	0.339002
0.124834	0.275776
0.124834	0.336956
0.124834	0.289486
0.051363	0.275318
0.051363	0.283114
0.051363	0.282107
0.051363	0.275664
0.051363	0.283967
0.051363	0.284657
0.051363	0.339452
0.051363	0.488128
0.043579	0.180137
0.043579	0.246198
0.043579	0.206971
0.043579	0.171766
0.043579	0.196524
0.043579	0.214402
0.043579	0.260857
0.186733	0.200805
0.186733	0.208813
0.186733	0.212924
0.186733	0.210022
0.186733	0.290488
0.186733	0.271845
0.186733	0.200017
0.186733	0.292161
0.186733	0.199690
0.026418	0.305890
0.026418	0.225601
0.026418	0.310083
0.026418	0.308532
0.026418	0.234122
0.026418	0.325722
0.026418	0.280652
0.026418	0.322485
0.026418	0.257061
0.026418	0.308778
0.026418	0.301903
0.026418	0.345463
0.070299	0.231246
0.070299	0.248061
0.070299	0.245179
0.070299	0.213785
0.070299	0.216441
0.070299	0.257092
0.070299	0.238830
0.070299	0.241727
0.070299	0.258233
0.070299	0.220568
0.070299	0.240558
0.030225	0.195176
0.030225	0.209175
0.030225	0.226807
0.030225	0.183111
0.030225	0.169644
0.030225	0.227952
0.030225	0.173470
0.030225	0.185379
0.118459	0.201767
0.118459	0.202322
0.118459	0.210548
0.118459	0.202055
0.118459	0.316985
0.118459	0.208429
0.118459	0.217865
0.118459	0.320208
0.071872	0.266431
0.071872	0.297997
0.071872	0.296609
0.071872	0.258396
0.071872	0.288344
0.071872	0.398091
0.071872	0.255772
0.071872	0.284558
0.071872	0.269637
0.071872	0.343447
0.071872	0.266788
0.129785	0.231312
0.129785	0.279684
0.129785	0.234572
0.129785	0.211946
0.129785	0.172268
0.129785	0.282058
0.129785	0.282978
0.129785	0.228882
0.129785	0.242370
0.129785	0.271137
0.129785	0.201539
0.053641	0.327525
0.053641	0.350178
0.053641	0.353487
0.053641	0.325206
0.053641	0.329980
0.053641	0.374654
0.053641	0.301174
0.053641	0.362935
0.053641	0.315004
0.053641	0.345075
0.053641	0.362381
0.053641	0.344269
0.059053	0.270324
0.059053	0.300917
0.059053	0.310039
0.059053	0.271022
0.059053	0.266544
0.059053	0.302183
0.059053	0.491779
0.059053	0.521028
0.162563	0.108979
0.162563	0.105315
0.162563	0.124454
0.162563	0.093115
0.162563	0.100563
0.162563	0.112327
0.172688	0.255655
0.172688	0.269373
0.172688	0.269176
0.172688	0.242747
0.172688	0.295388
0.172688	0.277769
0.172688	0.287999
0.172688	0.277965
0.172688	0.287634
0.172688	0.264097
0.172688	0.330445
0.124838	0.235704
0.124838	0.250516
0.124838	0.267823
0.124838	0.227443
0.124838	0.254798
0.124838	0.282544
0.124838	0.200946
0.124838	0.237188
0.119758	0.107367
0.119758	0.107561
0.119758	0.134659
0.119758	0.114276
0.119758	0.112379
0.119758	0.106179
0.166071	0.102430
0.166071	0.132174
0.166071	0.118226
0.166071	0.098229
0.166071	0.115125
0.166071	0.131668
0.166071	0.205447
0.166071	0.126892
0.190431	0.249817
0.190431	0.273480
0.190431	0.269487
0.190431	0.246472
0.190431	0.235030
0.190431	0.315091
0.190431	0.410638
0.190431	0.314639
0.190431	0.296604
0.190431	0.296246
0.190431	0.278215
0.170487	0.172190
0.170487	0.195338
0.170487	0.196494
0.170487	0.205813
0.170487	0.200765
0.170487	0.140240
0.170487	0.209651
0.170487	0.277961
0.103620	0.101121
0.103620	0.121602
0.103620	0.122856
0.103620	0.124884
0.103620	0.107290
0.103620	0.120835
0.103620	0.184592
0.103620	0.137307
0.145877	0.108917
0.145877	0.121883
0.145877	0.125555
0.145877	0.105044
0.145877	0.128049
0.145877	0.116248
0.145877	0.153061
0.145877	0.123085
0.132633	0.234989
0.132633	0.241897
0.132633	0.241051
0.132633	0.230283
0.132633	0.245939
0.132633	0.209619
0.132633	0.294915
0.132633	0.323746
0.358641	0.230211
0.358641	0.239129
0.358641	0.231641
0.358641	0.223101
0.358641	0.249856
0.358641	0.241554
0.358641	0.238693
0.358641	0.308133
0.358641	0.242597
0.148359	0.223476
0.148359	0.234471
0.148359	0.224799
0.148359	0.220217
0.148359	0.223707
0.148359	0.223538
0.148359	0.218968
0.148359	0.225317
0.148359	0.227326
0.148359	0.216734
0.154310	0.182922
0.154310	0.239662
0.154310	0.219258
0.154310	0.206001
0.154310	0.264936
0.154310	0.209832
0.163386	0.249581
0.163386	0.276070
0.163386	0.265905
0.163386	0.220388
0.163386	0.187005
0.163386	0.272520
0.163386	0.238303
0.163386	0.290139
0.096359	0.226427
0.096359	0.148698
0.096359	0.247468
0.096359	0.166660
0.096359	0.246709
0.096359	0.236872
0.096359	0.246907
0.096359	0.240272
0.092635	0.236830
0.092635	0.196304
0.092635	0.191966
0.092635	0.268762
0.092635	0.243142
0.092635	0.252769
0.092635	0.235537
0.092635	0.199763
0.092635	0.245725
0.092635	0.233146
0.092635	0.252031
0.214430	0.248430
0.214430	0.224838
0.214430	0.232933
0.214430	0.202262
0.113241	0.298706
0.113241	0.280509
0.113241	0.281490
0.113241	0.280104
0.113241	0.278108
0.113241	0.249291
0.113241	0.275184
0.113241	0.263016
0.113241	0.291304
0.113241	0.253160
0.465529	0.250847
0.465529	0.260507
0.465529	0.260461
0.465529	0.272584
0.465529	0.257301
0.465529	0.263383
0.465529	0.250754
0.465529	0.223729
0.060641	0.262426
0.060641	0.199608
0.060641	0.231188
0.060641	0.234712
0.148339	0.262529
0.148339	0.177940
0.148339	0.260331
0.148339	0.269809
0.148339	0.259254
0.148339	0.293431
0.218805	0.234249
0.218805	0.243908
0.218805	0.273143
0.218805	0.234125
0.218805	0.249034
0.218805	0.277897
0.218805	0.210552
0.218805	0.287899
0.040340	0.252723
0.040340	0.253082
0.040340	0.256731
0.040340	0.251440
0.040340	0.246472
0.040340	0.255459
0.040340	0.271876
0.040340	0.342669
0.171806	0.265057
0.171806	0.257891
0.171806	0.259536
0.171806	0.253066
0.171806	0.254365
0.171806	0.284622
0.171806	0.263399
0.016208	0.251398
0.016208	0.257254
0.016208	0.257052
0.016208	0.268126
0.016208	0.238597
0.016208	0.222275
0.016208	0.270729
0.016208	0.248920
0.024960	0.217997
0.024960	0.222817
0.024960	0.238003
0.024960	0.216210
0.024960	0.212765
0.024960	0.254698
0.020365	0.260410
0.020365	0.245327
0.020365	0.245329
0.020365	0.240465
0.020365	0.269452
0.020365	0.252244
0.020365	0.267684
0.020365	0.309447
0.021766	0.087478
0.021766	0.095363
0.021766	0.091841
0.021766	0.072799
0.021766	0.098834
0.021766	0.087355
0.021766	0.080055
0.028249	0.112190
0.028249	0.102535
0.028249	0.119407
0.028249	0.092431
0.028249	0.192171
0.028249	0.157676
0.028249	0.246415
0.028249	0.076229
0.012455	0.247581
0.012455	0.262130
0.012455	0.244712
0.012455	0.242360
0.012455	0.222736
0.012455	0.237791
0.012455	0.229477
0.012455	0.233461
0.012455	0.210621
0.039658	0.148661
0.039658	0.190842
0.039658	0.166911
0.039658	0.159249
0.039658	0.158069
0.039658	0.159593
0.039658	0.263162
0.025681	0.074033
0.025681	0.088293
0.025681	0.083632
0.025681	0.067626
0.025681	0.078217
0.025681	0.099736
0.025681	0.076857
0.025681	0.052836
0.031820	0.163668
0.031820	0.173046
0.031820	0.172308
0.031820	0.164915
0.031820	0.208709
0.031820	0.218573
0.031820	0.279267
0.031820	0.159275
0.031820	0.164222
0.054708	0.243541
0.054708	0.254726
0.054708	0.247393
0.054708	0.242670
0.054708	0.228943
0.054708	0.214360
0.054708	0.301649
0.054708	0.297396
0.048602	0.082224
0.048602	0.088599
0.048602	0.094116
0.048602	0.081097
0.031932	0.098795
0.031932	0.119447
0.031932	0.119638
0.031932	0.107346
0.031932	0.093790
0.031932	0.135440
0.031932	0.146006
0.031932	0.177098
0.031932	0.175387
0.031932	0.214900
0.031932	0.123901
0.031932	0.103850
0.022425	0.175181
0.022425	0.189959
0.022425	0.187935
0.022425	0.222372
0.022425	0.223734
0.022425	0.199923
0.022425	0.161820
0.022425	0.187469
0.022425	0.190709
0.057249	0.248173
0.057249	0.259221
0.057249	0.250173
0.057249	0.254669
0.057249	0.255258
0.057249	0.262634
0.057249	0.302405
0.057249	0.280478
0.042975	0.082658
0.042975	0.099342
0.042975	0.093457
0.042975	0.085986
0.042975	0.065877
0.038781	0.155789
0.038781	0.155619
0.038781	0.161604
0.038781	0.151260
0.038781	0.166005
0.038781	0.164490
0.038781	0.212412
0.038781	0.154961
0.038781	0.166232
0.038781	0.151227
0.038781	0.193795
0.044496	0.204201
0.044496	0.256440
0.044496	0.206951
0.044496	0.201073
0.044496	0.227650
0.044496	0.229832
0.044496	0.230819
0.044496	0.227291
0.044496	0.215167
0.044496	0.237763
0.044496	0.294081
0.043746	0.162609
0.043746	0.166622
0.043746	0.169352
0.043746	0.173743
0.043746	0.167651
0.043746	0.173754
0.043746	0.241799
0.043746	0.276004
0.042910	0.072109
0.042910	0.081168
0.042910	0.082045
0.042910	0.071426
0.042910	0.063089
0.042910	0.049392
0.034466	0.169327
0.034466	0.173000
0.034466	0.180280
0.034466	0.241100
0.034466	0.192844
0.034466	0.158056
0.034466	0.168308
0.034466	0.190683
0.015744	0.193931
0.015744	0.209501
0.015744	0.202965
0.015744	0.264219
0.015744	0.217527
0.015744	0.206875
0.015744	0.264429
0.015744	0.251631
0.055097	0.193605
0.055097	0.204319
0.055097	0.209275
0.055097	0.269240
0.055097	0.209034
0.055097	0.220077
0.055097	0.221027
0.055097	0.189245
0.055097	0.242015
0.055097	0.227694
0.055097	0.218915
0.055097	0.253896
0.038790	0.162053
0.038790	0.184258
0.038790	0.180399
0.038790	0.264345
0.038790	0.156102
0.038790	0.180216
0.038790	0.166177
0.038790	0.225571
0.038790	0.177039
0.038790	0.205190
0.038790	0.174457
0.038790	0.180088
0.023928	0.177433
0.023928	0.178887
0.023928	0.170186
0.023928	0.169736
0.023928	0.146516
0.023928	0.190052
0.023928	0.169039
0.023928	0.173510
0.021653	0.157484
0.021653	0.171130
0.021653	0.158918
0.021653	0.152449
0.021653	0.162908
0.021653	0.143293
0.021653	0.183756
0.021653	0.208095
0.035742	0.073970
0.035742	0.060259
0.035742	0.075473
0.035742	0.210232
0.035742	0.047326
0.035742	0.064997
0.048643	0.066796
0.048643	0.065039
0.048643	0.058333
0.048643	0.059530
0.048643	0.053207
0.048643	0.054387
0.048643	0.053769
0.080834	0.141997
0.080834	0.119188
0.080834	0.133436
0.080834	0.124212
0.080834	0.158734
0.080834	0.165356
0.080834	0.127090
0.080834	0.156691
0.080834	0.135605
0.035005	0.064059
0.035005	0.052983
0.035005	0.062380
0.035005	0.086243
0.035005	0.103779
0.035005	0.061688
0.035005	0.046862
0.035005	0.130489
0.058621	0.128526
0.058621	0.130303
0.058621	0.136903
0.058621	0.116564
0.058621	0.129434
0.058621	0.142299
0.058621	0.126310
0.058621	0.140616
0.058621	0.134734
0.043650	0.080850
0.043650	0.066029
0.043650	0.082557
0.043650	0.092150
0.043650	0.138211
0.043650	0.096979
0.043650	0.053917
0.043650	0.119748
0.028122	0.148610
0.028122	0.141441
0.028122	0.158351
0.028122	0.150486
0.028122	0.143725
0.028122	0.154186
0.028122	0.157233
0.028122	0.167194
0.028122	0.128768
0.055545	0.175330
0.055545	0.159453
0.055545	0.168367
0.055545	0.249201
0.055545	0.158380
0.055545	0.236403
0.055545	0.181949
0.055545	0.196866
0.055545	0.182520
0.039538	0.166831
0.039538	0.177461
0.039538	0.171729
0.039538	0.162244
0.039538	0.195985
0.039538	0.169922
0.039538	0.240248
0.039538	0.210361
0.060216	0.225176
0.060216	0.197787
0.060216	0.201066
0.060216	0.193960
0.060216	0.202138
0.060216	0.197539
0.060216	0.195295
0.060216	0.279088
0.048083	0.220703
0.048083	0.192188
0.048083	0.238045
0.048083	0.214093
0.048083	0.251133
0.051030	0.279766
0.051030	0.306673
0.051030	0.275303
0.051030	0.281323
0.051030	0.273102
0.051030	0.295241
0.051030	0.321655
0.051030	0.316355
0.051030	0.374670
0.060028	0.272485
0.060028	0.208475
0.060028	0.278262
0.060028	0.267237
0.060028	0.279330
0.060028	0.243688
0.079568	0.285661
0.079568	0.275414
0.079568	0.281192
0.079568	0.251355
0.079568	0.255975
0.079568	0.246267
0.079568	0.243820
0.040908	0.230776
0.040908	0.248129
0.040908	0.263283
0.040908	0.244805
0.022409	0.265195
0.022409	0.263126
0.022409	0.276527
0.022409	0.278964
0.022409	0.300646
0.022409	0.238805
0.022409	0.225735
0.022409	0.232372
0.022409	0.264900
0.025470	0.233098
0.025470	0.261006
0.025470	0.222427
0.025470	0.265638
0.025470	0.257860
0.025470	0.229621
0.025470	0.233291
0.038900	0.185370
0.038900	0.166059
0.038900	0.166209
0.038900	0.181924
0.038900	0.178430
0.038900	0.161749
0.038900	0.130527
0.038900	0.138302
0.022615	0.255082
0.022615	0.240858
0.022615	0.250247
0.022615	0.345424
0.022615	0.281329
0.022615	0.254086
0.022615	0.256977
0.022615	0.282214
0.022615	0.282870
0.028641	0.181027
0.028641	0.212008
0.028641	0.198183
0.028641	0.158724
0.028641	0.243330
0.028641	0.206373
0.028641	0.212133
0.079866	0.237013
0.079866	0.175844
0.079866	0.195550
0.079866	0.291462
0.079866	0.222073
0.079866	0.157803
0.079866	0.224985
0.039101	0.262402
0.039101	0.263412
0.039101	0.267931
0.039101	0.247783
0.039101	0.253486
0.039101	0.272820
0.039101	0.285648
0.039101	0.263415
0.039101	0.287049
0.039101	0.233996
0.039101	0.268598
0.039101	0.271507
0.069475	0.161322
0.069475	0.155793
0.069475	0.165962
0.069475	0.124219
0.069475	0.161044
0.069475	0.153152
0.069475	0.115591
0.039100	0.236547
0.039100	0.228072
0.039100	0.231932
0.039100	0.222042
0.039100	0.222299
0.039100	0.176233
0.039100	0.149848
0.089944	0.265039
0.089944	0.381768
0.089944	0.259489
0.089944	0.273113
0.089944	0.285111
0.089944	0.426480
0.154615	0.232268
0.154615	0.241101
0.154615	0.242095
0.154615	0.231695
0.154615	0.215014
0.154615	0.239137
0.154615	0.259702
0.154615	0.252296
0.154615	0.231806
0.154615	0.275392
0.041493	0.136546
0.041493	0.143811
0.041493	0.161277
0.041493	0.134858
0.041493	0.143194
0.041493	0.163162
0.041493	0.191114
0.041493	0.201054
0.061253	0.236135
0.061253	0.256088
0.061253	0.262571
0.061253	0.233655
0.061253	0.153600
0.061253	0.156892
0.061253	0.157395
0.061253	0.222355
0.061253	0.145719
0.061253	0.205533
0.061253	0.162269
0.061253	0.169168
0.047280	0.225797
0.047280	0.247120
0.047280	0.233618
0.047280	0.221604
0.047280	0.240858
0.047280	0.240254
0.047280	0.277194
0.047280	0.221926
0.047280	0.298797
0.047280	0.230884
0.062128	0.129281
0.062128	0.136049
0.062128	0.146935
0.062128	0.125135
0.062128	0.118264
0.062128	0.107194
0.062128	0.081841
0.062128	0.124987
0.038171	0.055159
0.038171	0.065250
0.038171	0.063657
0.038171	0.052060
0.038171	0.077975
0.038171	0.051024
0.038171	0.071688
0.047611	0.129422
0.047611	0.136374
0.047611	0.142181
0.047611	0.119389
0.047611	0.126167
0.047611	0.169811
0.047611	0.124828
0.047611	0.164007
0.047611	0.126829
0.047611	0.169202
0.047611	0.157181
0.051029	0.160105
0.051029	0.164925
0.051029	0.166663
0.051029	0.176558
0.051029	0.163821
0.051029	0.155432
0.051029	0.165192
0.051029	0.236606
0.051029	0.297004
0.052453	0.055613
0.052453	0.061346
0.052453	0.064066
0.052453	0.068576
0.052453	0.062814
0.052453	0.063419
0.052453	0.055334
0.052453	0.072646
0.018562	0.052289
0.018562	0.060821
0.018562	0.062382
0.018562	0.048569
0.018562	0.052624
0.018562	0.070188
0.018562	0.049220
0.018562	0.069402
0.018562	0.056194
0.018562	0.058778
0.018562	0.060343
0.050029	0.104005
0.050029	0.128363
0.050029	0.129188
0.050029	0.105091
0.050029	0.125831
0.050029	0.111691
0.050029	0.107582
0.050029	0.116780
0.050029	0.368713
0.064012	0.086800
0.064012	0.131602
0.064012	0.094630
0.064012	0.110787
0.064012	0.106448
0.064012	0.096013
0.064012	0.237388
0.064012	0.226177
0.029118	0.038262
0.029118	0.045366
0.029118	0.041635
0.029118	0.038029
0.029118	0.052133
0.047473	0.040346
0.047473	0.045602
0.047473	0.048096
0.047473	0.039795
0.047473	0.039911
0.047473	0.034706
0.047473	0.048474
0.047473	0.035042
0.061783	0.121645
0.061783	0.130542
0.061783	0.130795
0.061783	0.119195
0.061783	0.131161
0.061783	0.132326
0.061783	0.218872
0.061783	0.220674
0.061783	0.129115
0.061783	0.146788
0.061783	0.201084
0.114133	0.044235
0.114133	0.080667
0.114133	0.043884
0.114133	0.042699
0.114133	0.190847
0.037565	0.037041
0.037565	0.041102
0.037565	0.041787
0.037565	0.037225
0.037565	0.038785
0.037565	0.052854
0.037565	0.042355
0.023433	0.051484
0.023433	0.050638
0.023433	0.062548
0.023433	0.068010
0.023433	0.047536
0.023433	0.047238
0.023433	0.042192
0.023433	0.047797
0.045632	0.131256
0.045632	0.169543
0.045632	0.141394
0.045632	0.213400
0.045632	0.184175
0.045632	0.166140
0.045632	0.163060
0.045632	0.174632
0.045632	0.186250
0.045735	0.128211
0.045735	0.197846
0.045735	0.138265
0.045735	0.321766
0.045735	0.126912
0.045735	0.133546
0.045735	0.198977
0.045735	0.144267
0.045735	0.215811
0.045735	0.240240
0.037540	0.134289
0.037540	0.152151
0.037540	0.146262
0.037540	0.134193
0.037540	0.134554
0.037540	0.140650
0.037540	0.159349
0.037540	0.137883
0.037540	0.287586
0.037540	0.134991
0.051464	0.117050
0.051464	0.117599
0.051464	0.127732
0.051464	0.186694
0.051464	0.284477
0.046932	0.207929
0.046932	0.268060
0.046932	0.253265
0.046932	0.296833
0.046932	0.339614
0.046932	0.280605
0.046932	0.297481
0.046932	0.320556
0.024375	0.208465
0.024375	0.317424
0.024375	0.213759
0.024375	0.349185
0.024375	0.292685
0.024375	0.375453
0.024375	0.355656
0.024375	0.323417
0.024375	0.313884
0.024375	0.375053
0.024375	0.438629
0.044404	0.137413
0.044404	0.214079
0.044404	0.143513
0.044404	0.226080
0.041016	0.099561
0.041016	0.227852
0.041016	0.107478
0.041016	0.126396
0.041016	0.126192
0.041016	0.256050
0.041016	0.219373
0.041783	0.198872
0.041783	0.075043
0.041783	0.098920
0.041783	0.242851
0.041783	0.114428
0.041783	0.097456
0.041783	0.128104
0.041783	0.074705
0.041783	0.118567
0.041783	0.073821
0.041783	0.085969
0.041783	0.287275
0.022564	0.072365
0.022564	0.163120
0.022564	0.062114
0.022564	0.062881
0.022564	0.076260
0.022564	0.093550
0.022564	0.051477
0.068602	0.063473
0.068602	0.052453
0.068602	0.058206
0.068602	0.121952
0.068602	0.069781
0.068602	0.156833
0.068602	0.172545
0.036654	0.031560
0.036654	0.034138
0.036654	0.037317
0.036654	0.031924
0.036654	0.039961
0.036654	0.040227
0.036654	0.037218
0.036654	0.030530
0.047222	0.088713
0.047222	0.080872
0.047222	0.093710
0.047222	0.094457
0.047222	0.149848
0.047222	0.147067
0.047222	0.118892
0.047222	0.128263
0.047222	0.118472
0.030438	0.035822
0.030438	0.036739
0.030438	0.043276
0.030438	0.034508
0.030438	0.038504
0.030438	0.031741
0.030438	0.028263
0.037761	0.148287
0.037761	0.132388
0.037761	0.150657
0.037761	0.152661
0.037761	0.192042
0.037761	0.141240
0.037761	0.143252
0.037761	0.165073
0.037761	0.160805
0.037761	0.145192
0.027276	0.060064
0.027276	0.060199
0.027276	0.068097
0.027276	0.058973
0.027276	0.063532
0.027276	0.055649
0.027276	0.044017
0.032676	0.139833
0.032676	0.136550
0.032676	0.155348
0.032676	0.131799
0.032676	0.200306
0.032676	0.196120
0.032676	0.209233
0.032876	0.162988
0.032876	0.159430
0.032876	0.169566
0.032876	0.160679
0.032876	0.158644
0.032876	0.165003
0.032876	0.172342
0.032876	0.249266
0.019874	0.201552
0.019874	0.246467
0.019874	0.210659
0.019874	0.219223
0.037362	0.290816
0.037362	0.295112
0.037362	0.276753
0.037362	0.357441
0.037362	0.312143
0.037362	0.234747
0.037362	0.309585
0.037362	0.214392
0.022041	0.306664
0.022041	0.293952
0.022041	0.293343
0.022041	0.313544
0.022041	0.376771
0.022041	0.296652
0.022041	0.273218
0.022041	0.333051
0.022041	0.309933
0.025028	0.216656
0.025028	0.203213
0.025028	0.211499
0.025028	0.219171
0.025028	0.261282
0.025028	0.223759
0.025028	0.373069
0.025028	0.261709
0.035904	0.132801
0.035904	0.127107
0.035904	0.153394
0.035904	0.151023
0.035904	0.148769
0.035904	0.170079
0.035904	0.092314
0.035904	0.133353
0.042782	0.121164
0.042782	0.121700
0.042782	0.136141
0.042782	0.122831
0.042782	0.182759
0.042782	0.173514
0.042782	0.095896
0.034590	0.054337
0.034590	0.057683
0.034590	0.061454
0.034590	0.060145
0.034590	0.060987
0.034590	0.062978
0.034590	0.095684
0.049904	0.124859
0.049904	0.117556
0.049904	0.145971
0.049904	0.128461
0.049904	0.165670
0.049904	0.113990
0.049904	0.176110
0.049904	0.178420
0.049904	0.135754
0.038125	0.049274
0.038125	0.050527
0.038125	0.064355
0.038125	0.060148
0.038125	0.076535
0.038125	0.049741
0.038125	0.046200
0.038125	0.045604
0.038432	0.046720
0.038432	0.042923
0.038432	0.053288
0.038432	0.052663
0.038432	0.124997
0.038432	0.151536
0.037262	0.062298
0.037262	0.077903
0.037262	0.070665
0.037262	0.078399
0.037262	0.064944
0.037262	0.067777
0.037262	0.066472
0.037262	0.121888
0.047176	0.130469
0.047176	0.110836
0.047176	0.124694
0.047176	0.119809
0.047176	0.126508
0.047176	0.284936
0.047176	0.259842
0.047176	0.136417
0.047176	0.124876
0.047176	0.164673
0.047176	0.223836
0.048144	0.036877
0.048144	0.029943
0.048144	0.040629
0.048144	0.149145
0.028072	0.053955
0.028072	0.060083
0.028072	0.066905
0.028072	0.141279
0.110654	0.078195
0.110654	0.057834
0.110654	0.080410
0.110654	0.150347
0.149484	0.091336
0.149484	0.114260
0.149484	0.100817
0.149484	0.128015
0.149484	0.239311
0.149484	0.102359
0.149484	0.232687
0.038073	0.214579
0.038073	0.215884
0.038073	0.206056
0.038073	0.189677
0.038073	0.217822
0.038073	0.207203
0.038073	0.232608
0.103485	0.212483
0.103485	0.218739
0.103485	0.216050
0.103485	0.266339
0.103485	0.260162
0.103485	0.244014
0.103485	0.207880
0.103485	0.277257
0.037364	0.313082
0.037364	0.328200
0.037364	0.276722
0.037364	0.432502
0.037364	0.335661
0.037364	0.263629
0.037364	0.361960
0.037364	0.274318
0.037364	0.267973
0.037364	0.229955
0.037364	0.324034
0.071032	0.207048
0.071032	0.218103
0.071032	0.222265
0.071032	0.221268
0.071032	0.219033
0.071032	0.210233
0.071032	0.320960
0.071032	0.218520
0.071032	0.244992
0.169013	0.160486
0.169013	0.174651
0.169013	0.170789
0.169013	0.172964
0.169013	0.170183
0.169013	0.180118
0.169013	0.233094
0.169013	0.171135
0.128968	0.205240
0.128968	0.205715
0.128968	0.208476
0.128968	0.254557
0.128968	0.349355
0.128968	0.239216
0.128968	0.299002
0.128968	0.237137
0.058729	0.210407
0.058729	0.213181
0.058729	0.209107
0.058729	0.207583
0.058729	0.209069
0.058729	0.408795
0.058729	0.202661
0.058729	0.302816
0.058729	0.205672
0.058729	0.254264
0.058729	0.263088
0.089889	0.142203
0.089889	0.178249
0.089889	0.163473
0.089889	0.176077
0.089889	0.151665
0.089889	0.194641
0.089889	0.255044
0.089889	0.466345
0.113260	0.258808
0.113260	0.256203
0.113260	0.284265
0.113260	0.290716
0.113260	0.311252
0.113260	0.286541
0.113260	0.317401
0.113260	0.262573
0.113260	0.363898
0.113260	0.289617
0.113260	0.267758
0.116133	0.198548
0.116133	0.236239
0.116133	0.202916
0.116133	0.192855
0.116133	0.267959
0.116133	0.209700
0.116133	0.195381
0.116133	0.446597
0.080600	0.251589
0.080600	0.255112
0.080600	0.264643
0.080600	0.236700
0.080600	0.243904
0.080600	0.275649
0.080600	0.259468
0.080600	0.242993
0.080600	0.254282
0.080600	0.256692
0.080600	0.258550
0.080600	0.255440
0.173127	0.192428
0.173127	0.198483
0.173127	0.221366
0.173127	0.216168
0.173127	0.273436
0.173127	0.207237
0.173127	0.196534
0.173127	0.354243
0.113308	0.243952
0.113308	0.266756
0.113308	0.243027
0.113308	0.280014
0.113308	0.260382
0.113308	0.253547
0.113308	0.246682
0.113308	0.241649
0.113308	0.227998
0.113308	0.348775
0.113308	0.196651
0.113308	0.260562
0.128356	0.157319
0.128356	0.225134
0.128356	0.191282
0.128356	0.231887
0.128356	0.421139
0.128356	0.186393
0.166878	0.196919
0.166878	0.211611
0.166878	0.209950
0.166878	0.259025
0.166878	0.187174
0.166878	0.188494
0.166878	0.191496
0.082567	0.209566
0.082567	0.194292
0.082567	0.194512
0.082567	0.184588
0.082567	0.266006
0.322115	0.256444
0.322115	0.247171
0.322115	0.245798
0.322115	0.280685
0.322115	0.283223
0.322115	0.295389
0.322115	0.286763
0.207239	0.285214
0.207239	0.265587
0.207239	0.274843
0.207239	0.399961
0.207239	0.344975
0.207239	0.376713
0.207239	0.441622
0.207239	0.284244
0.207239	0.340368
0.207239	0.431309
0.207239	0.413701
0.166195	0.293080
0.166195	0.274262
0.166195	0.284798
0.166195	0.340100
0.166195	0.384102
0.166195	0.335367
0.166195	0.341936
0.089940	0.452662
0.089940	0.392949
0.089940	0.345192
0.089940	0.374935
0.089940	0.442571
0.089940	0.381743
0.089940	0.401352
0.089940	0.350869
0.089940	0.326532
0.089940	0.325390
0.089940	0.405074
0.133874	0.472561
0.133874	0.399724
0.133874	0.472193
0.133874	0.400068
0.133874	0.378428
0.133874	0.399825
0.133874	0.477258
0.077489	0.392414
0.077489	0.374406
0.077489	0.382857
0.077489	0.382545
0.077489	0.354091
0.077489	0.435901
0.077489	0.400040
0.077489	0.416592
0.077489	0.351227
0.061605	0.299481
0.061605	0.314226
0.061605	0.313156
0.061605	0.366133
0.061605	0.318711
0.061605	0.310148
0.061605	0.448989
0.007219	0.291168
0.007219	0.271871
0.007219	0.293670
0.007219	0.381716
0.007219	0.272783
0.007219	0.281002
0.089167	0.334733
0.089167	0.380168
0.089167	0.335956
0.089167	0.428358
0.089167	0.401145
0.089167	0.329405
0.089167	0.315569
0.089167	0.290298
0.089167	0.324569
0.089167	0.283830
0.089167	0.452151
0.032154	0.277475
0.032154	0.286325
0.032154	0.238885
0.032154	0.325826
0.032154	0.321309
0.082515	0.237751
0.082515	0.218397
0.082515	0.212266
0.082515	0.259757
0.082515	0.235977
0.082515	0.308941
0.082515	0.337910
0.095373	0.194228
0.095373	0.176535
0.095373	0.186993
0.095373	0.233456
0.095373	0.221528
0.095373	0.269913
0.095373	0.215066
0.067674	0.124244
0.067674	0.100849
0.067674	0.129894
0.067674	0.182603
0.067674	0.106645
0.067674	0.125868
0.067674	0.077499
0.067674	0.106891
0.080657	0.108273
0.080657	0.172975
0.080657	0.158526
0.080657	0.191043
0.080657	0.400887
0.097228	0.235695
0.097228	0.346567
0.097228	0.177084
0.097228	0.268657
0.132854	0.334955
0.132854	0.291992
0.132854	0.283241
0.132854	0.436345
0.132854	0.290366
0.132854	0.295696
0.132854	0.287604
0.132854	0.297298
0.132854	0.283116
0.132854	0.318357
0.132854	0.282845
0.081156	0.225965
0.081156	0.241615
0.081156	0.222078
0.081156	0.253836
0.063161	0.332288
0.063161	0.343177
0.063161	0.318567
0.063161	0.284417
0.063161	0.290166
0.063161	0.332165
0.063161	0.320667
0.063161	0.319181
0.063161	0.318723
0.063161	0.302901
0.063161	0.338416
0.063161	0.302257
0.048184	0.235048
0.048184	0.215507
0.048184	0.157706
0.048184	0.123172
0.091749	0.199352
0.091749	0.164542
0.091749	0.166319
0.091749	0.155220
0.091749	0.167707
0.091749	0.296812
0.091749	0.287749
0.091749	0.238192
0.032560	0.251530
0.032560	0.238665
0.032560	0.240053
0.032560	0.220943
0.032560	0.246947
0.032560	0.233540
0.032560	0.227085
0.049983	0.285708
0.049983	0.308216
0.049983	0.312303
0.049983	0.247343
0.049983	0.311918
0.049983	0.329947
0.049983	0.318290
0.049983	0.313565
0.040966	0.173763
0.040966	0.180475
0.040966	0.201459
0.040966	0.155563
0.040966	0.176415
0.040966	0.163701
0.062102	0.210670
0.062102	0.211573
0.062102	0.217704
0.062102	0.206124
0.062102	0.210493
0.062102	0.209858
0.062102	0.320739
0.062102	0.231128
0.062102	0.269822
0.062102	0.289997
0.062102	0.316346
0.019677	0.317403
0.019677	0.342071
0.019677	0.341885
0.019677	0.325135
0.019677	0.319415
0.019677	0.347884
0.019677	0.273721
0.019677	0.325546
0.091428	0.347400
0.091428	0.370067
0.091428	0.371514
0.091428	0.385071
0.091428	0.345595
0.091428	0.390929
0.091428	0.340733
0.091428	0.354238
0.091428	0.351750
0.091428	0.385655
0.091428	0.383959
0.091428	0.398139
0.037134	0.168299
0.037134	0.220516
0.037134	0.195854
0.037134	0.213855
0.037134	0.126129
0.030473	0.246410
0.030473	0.247881
0.030473	0.256519
0.030473	0.241750
0.030473	0.240132
0.030473	0.247345
0.030473	0.276951
0.030473	0.320552
0.030473	0.358113
0.072743	0.389444
0.072743	0.401614
0.072743	0.400992
0.072743	0.376970
0.072743	0.380948
0.072743	0.419985
0.072743	0.389609
0.072743	0.381394
0.072743	0.385110
0.072743	0.380341
0.072743	0.401635
0.072743	0.377428
0.041776	0.347024
0.041776	0.343306
0.041776	0.356327
0.041776	0.350863
0.041776	0.377023
0.041776	0.370942
0.041776	0.368732
0.041776	0.360063
0.041776	0.353474
0.041776	0.370438
0.041776	0.341863
0.019607	0.260003
0.019607	0.263571
0.019607	0.270819
0.019607	0.346495
0.019607	0.254741
0.019607	0.278359
0.019607	0.253497
0.019607	0.305008
0.019607	0.269441
0.027007	0.201239
0.027007	0.220000
0.027007	0.207731
0.027007	0.223554
0.037669	0.209918
0.037669	0.211616
0.037669	0.218622
0.037669	0.207276
0.037669	0.317694
0.037669	0.228130
0.037669	0.238409
0.037669	0.299168
0.097888	0.209854
0.097888	0.193959
0.097888	0.213404
0.097888	0.257426
0.097888	0.184546
0.097888	0.215030
0.097888	0.173558
0.097888	0.224357
0.039711	0.195869
0.039711	0.213263
0.039711	0.204858
0.039711	0.198392
0.039711	0.316979
0.039711	0.245270
0.039711	0.301474
0.039711	0.264553
0.039711	0.221304
0.076577	0.176501
0.076577	0.113666
0.076577	0.147520
0.076577	0.230684
0.076577	0.147313
0.076577	0.118390
0.076577	0.175674
0.076577	0.118412
0.037182	0.194294
0.037182	0.188966
0.037182	0.192847
0.037182	0.194732
0.037182	0.264122
0.037182	0.152925
0.037182	0.213093
0.037182	0.217009
0.037182	0.157841
0.037182	0.132156
0.037182	0.122397
0.037182	0.176880
0.160943	0.116947
0.160943	0.106967
0.160943	0.121528
0.160943	0.182391
0.160943	0.077634
0.160943	0.089067
0.024704	0.147103
0.024704	0.169840
0.024704	0.160398
0.024704	0.129480
0.024704	0.108949
0.024704	0.194303
0.024704	0.210619
0.024704	0.124024
0.047783	0.222768
0.047783	0.176222
0.047783	0.179952
0.047783	0.194470
0.047783	0.182608
0.047783	0.217505
0.047783	0.162067
0.047783	0.169958
0.047783	0.206907
0.026879	0.139993
0.026879	0.151826
0.026879	0.161286
0.026879	0.150618
0.033754	0.132124
0.033754	0.159468
0.033754	0.148641
0.033754	0.175711
0.033754	0.188950
0.033754	0.163788
0.033754	0.217936
0.033754	0.172539
0.033754	0.208137
0.033754	0.268595
0.033754	0.177692
0.033754	0.214152
0.028724	0.046392
0.028724	0.040101
0.028724	0.066132
0.028724	0.050841
0.090814	0.063131
0.090814	0.067679
0.090814	0.083596
0.090814	0.061862
0.090814	0.076696
0.090814	0.113388
0.090814	0.110978
0.034467	0.123882
0.034467	0.104039
0.034467	0.123901
0.034467	0.120719
0.034467	0.219899
0.034467	0.138785
0.034467	0.096150
0.034467	0.182488
0.054914	0.066569
0.054914	0.061093
0.054914	0.073572
0.054914	0.063765
0.054914	0.108144
0.061080	0.076128
0.061080	0.071267
0.061080	0.082354
0.061080	0.067643
0.061080	0.085019
0.061080	0.047358
0.061080	0.171619
0.048879	0.102848
0.048879	0.106527
0.048879	0.115219
0.048879	0.096445
0.048879	0.110115
0.048879	0.095907
0.048879	0.093312
0.048879	0.088155
0.042830	0.220581
0.042830	0.230853
0.042830	0.238451
0.042830	0.225979
0.042830	0.291153
0.042830	0.229976
0.042830	0.253958
0.042830	0.182137
0.042830	0.251960
0.042830	0.218422
0.042830	0.155977
0.042830	0.248174
0.038092	0.171351
0.038092	0.190891
0.038092	0.199210
0.038092	0.157273
0.038092	0.175195
0.038092	0.206380
0.038092	0.235238
0.038092	0.199618
0.034603	0.256730
0.034603	0.243402
0.034603	0.247702
0.034603	0.293306
0.034603	0.241908
0.034603	0.234802
0.034603	0.275238
0.034603	0.290227
0.034603	0.416696
0.027515	0.168663
0.027515	0.174373
0.027515	0.175415
0.027515	0.483999
0.027515	0.180121
0.024622	0.167623
0.024622	0.166826
0.024622	0.168274
0.024622	0.163733
0.024622	0.171777
0.024622	0.169280
0.024622	0.338093
0.024622	0.424889
0.082716	0.290529
0.082716	0.255218
0.082716	0.245347
0.082716	0.242627
0.082716	0.253706
0.082716	0.291764
0.018725	0.283992
0.018725	0.295440
0.018725	0.291108
0.018725	0.247935
0.018725	0.231377
0.018725	0.253456
0.018725	0.286873
0.022854	0.272341
0.022854	0.343542
0.022854	0.283289
0.022854	0.359971
0.022854	0.334614
0.022854	0.309689
0.022854	0.328809
0.022854	0.308364
0.043462	0.246090
0.043462	0.243151
0.043462	0.253776
0.043462	0.246954
0.043462	0.239948
0.043462	0.294210
0.034470	0.282823
0.034470	0.284132
0.034470	0.292447
0.034470	0.275910
0.034470	0.307946
0.034470	0.283117
0.034470	0.262656
0.034470	0.278942
0.054094	0.265326
0.054094	0.261236
0.054094	0.269510
0.054094	0.325960
0.054094	0.239998
0.054094	0.250397
0.054094	0.268797
0.054094	0.309577
0.054094	0.298017
0.024965	0.305920
0.024965	0.380628
0.024965	0.315175
0.024965	0.298758
0.024965	0.290224
0.024965	0.348950
0.024965	0.310142
0.024965	0.397772
0.024965	0.360780
0.024965	0.353285
0.024965	0.358968
0.063363	0.199262
0.063363	0.264384
0.063363	0.334287
0.063363	0.239118
0.063363	0.329449
0.063363	0.269394
0.063363	0.268478
0.063363	0.188682
0.056095	0.272838
0.056095	0.335243
0.056095	0.262993
0.056095	0.266743
0.056095	0.269596
0.056095	0.261125
0.056095	0.224371
0.030190	0.140742
0.030190	0.198671
0.030190	0.188177
0.030190	0.170087
0.030190	0.163068
0.030190	0.155448
0.030190	0.156305
0.078173	0.260729
0.078173	0.243383
0.078173	0.254631
0.078173	0.294642
0.078173	0.247731
0.078173	0.260392
0.078173	0.249691
0.078173	0.274570
0.078173	0.268698
0.078173	0.233459
0.078173	0.263089
0.078173	0.251191
0.029857	0.247657
0.029857	0.281054
0.029857	0.266458
0.029857	0.246314
0.029857	0.295961
0.029857	0.263125
0.029857	0.251055
0.029857	0.296897
0.040542	0.303578
0.040542	0.302768
0.040542	0.285612
0.040542	0.274606
0.040542	0.321542
0.040542	0.298178
0.040542	0.296681
0.040542	0.321268
0.040542	0.248507
0.034839	0.296161
0.034839	0.284623
0.034839	0.284656
0.034839	0.283870
0.034839	0.344798
0.072115	0.256159
0.072115	0.255442
0.072115	0.257824
0.072115	0.248905
0.072115	0.260965
0.026392	0.286944
0.026392	0.295354
0.026392	0.289836
0.026392	0.274586
0.026392	0.247157
0.026392	0.237959
0.026392	0.255638
0.026392	0.235015
0.026392	0.260154
0.026392	0.233894
0.026392	0.238957
0.026392	0.224860
0.026392	0.263175
0.026392	0.223916
0.031502	0.285618
0.031502	0.295628
0.031502	0.297833
0.031502	0.285644
0.031502	0.338791
0.031502	0.292394
0.031502	0.342510
0.031502	0.304548
0.031502	0.317902
0.034205	0.294561
0.034205	0.328008
0.034205	0.302389
0.034205	0.400534
0.034205	0.304354
0.034205	0.300194
0.034205	0.348278
0.034205	0.298183
0.034205	0.328786
0.034205	0.350319
0.045898	0.287232
0.045898	0.290271
0.045898	0.302752
0.045898	0.389569
0.045898	0.310613
0.045898	0.303982
0.045898	0.288143
0.045898	0.305424
0.045898	0.299207
0.045898	0.316949
0.045898	0.297350
0.045898	0.282119
0.055076	0.314990
0.055076	0.345174
0.055076	0.330433
0.055076	0.363168
0.055076	0.342443
0.055076	0.322336
0.055076	0.393580
0.055076	0.320382
0.046283	0.374228
0.046283	0.280524
0.046283	0.376553
0.046283	0.480786
0.046283	0.327107
0.046283	0.361628
0.046283	0.394489
0.162612	0.378235
0.162612	0.338957
0.162612	0.376067
0.162612	0.453120
0.162612	0.499421
0.162612	0.418482
0.162612	0.622497
0.162612	0.605144
0.366474	0.436914
0.366474	0.357843
0.366474	0.469171
0.366474	0.421364
0.366474	0.384535
0.366568	0.449719
0.366568	0.392593
0.366568	0.421995
0.366568	0.415838
0.366568	0.454231
0.366568	0.425978
0.366568	0.532675
0.366568	0.510195
0.087072	0.466263
0.087072	0.409727
0.087072	0.407138
0.087072	0.482052
0.087072	0.496364
0.087072	0.441554
0.087072	0.463022
0.087072	0.410491
0.205685	0.622976
0.205685	0.629469
0.205685	0.641250
0.205685	0.578415
0.205685	0.612023
0.205685	0.547986
0.205685	0.592182
0.205685	0.547636
0.205685	0.573834
0.205685	0.538444
0.205685	0.571828
0.205685	0.547468
0.205685	0.538484
0.205685	0.539791
0.071832	0.548805
0.071832	0.393144
0.071832	0.527561
0.071832	0.442102
0.071832	0.413304
0.071832	0.414909
0.185144	0.368600
0.185144	0.516318
0.185144	0.508006
0.185144	0.378982
0.185144	0.359433
0.185144	0.373696
0.185144	0.463762
0.171280	0.439329
0.171280	0.325157
0.171280	0.324236
0.171280	0.320365
0.171280	0.331058
0.171280	0.366281
0.171280	0.440255
