Ground Truth	Predictions
0.131461	0.158230
0.131461	0.141294
0.131461	0.139388
0.131461	0.171890
0.224507	0.092879
0.224507	0.161075
0.224507	0.091362
0.224507	0.089972
0.224507	0.089759
0.224507	0.195010
0.121152	0.095520
0.121152	0.072116
0.121152	0.085390
0.121152	0.069578
0.121152	0.137963
0.121152	0.171376
0.121152	0.158643
0.249850	0.066764
0.249850	0.070934
0.249850	0.075967
0.249850	0.086505
0.249850	0.106898
0.249850	0.052189
0.249850	0.067765
0.249850	0.067307
0.122621	0.092682
0.122621	0.092054
0.122621	0.095144
0.122621	0.092896
0.122621	0.092194
0.122621	0.109342
0.122621	0.114408
0.122621	0.137596
0.122621	0.138792
0.114698	0.089728
0.114698	0.081663
0.114698	0.093819
0.114698	0.088687
0.114698	0.076632
0.091941	0.097929
0.091941	0.091114
0.091941	0.107323
0.091941	0.094427
0.314596	0.125238
0.314596	0.123303
0.314596	0.130225
0.314596	0.125833
0.314596	0.130489
0.314596	0.118262
0.314596	0.123864
0.314596	0.140387
0.294655	0.133020
0.294655	0.136711
0.294655	0.138935
0.294655	0.192882
0.294655	0.184936
0.269643	0.171721
0.269643	0.172815
0.269643	0.173472
0.269643	0.173708
0.269643	0.185752
0.269643	0.179726
0.269643	0.180469
0.269643	0.284255
0.269643	0.194109
0.269643	0.300988
0.269643	0.225511
0.269643	0.402536
0.361213	0.164576
0.361213	0.153385
0.361213	0.160270
0.361213	0.167815
0.361213	0.199360
0.361213	0.217588
0.361213	0.228270
0.221434	0.171046
0.221434	0.161123
0.221434	0.164257
0.221434	0.233001
0.221434	0.170906
0.221434	0.176130
0.221434	0.216704
0.221434	0.175432
0.280603	0.193132
0.280603	0.191424
0.280603	0.162896
0.280603	0.168335
0.280603	0.207694
0.280603	0.229219
0.136437	0.180356
0.136437	0.161996
0.136437	0.160013
0.136437	0.179105
0.136437	0.157817
0.136437	0.172885
0.136437	0.170071
0.103325	0.193259
0.103325	0.193518
0.103325	0.138400
0.103325	0.128627
0.087999	0.106295
0.087999	0.110058
0.087999	0.116172
0.087999	0.108174
0.087999	0.100520
0.087999	0.119024
0.087999	0.119566
0.087999	0.119488
0.087999	0.221221
0.087999	0.120376
0.087999	0.114126
0.197795	0.102523
0.197795	0.102073
0.197795	0.102747
0.197795	0.098632
0.197795	0.102524
0.197795	0.102133
0.197795	0.100287
0.197795	0.116037
0.165209	0.110405
0.165209	0.114130
0.165209	0.109298
0.165209	0.120860
0.165209	0.123628
0.165209	0.092730
0.165209	0.080817
0.157216	0.120250
0.157216	0.123749
0.157216	0.120345
0.157216	0.124357
0.157216	0.120444
0.157216	0.115575
0.157216	0.104462
0.157216	0.108472
0.356863	0.156883
0.356863	0.175117
0.356863	0.167476
0.356863	0.178773
0.356863	0.165961
0.356863	0.187389
0.356863	0.209524
0.206042	0.150345
0.206042	0.145730
0.206042	0.152078
0.206042	0.192588
0.206042	0.134934
0.206042	0.147450
0.346244	0.186320
0.346244	0.203384
0.346244	0.198947
0.346244	0.257893
0.346244	0.242721
0.346244	0.245107
0.169751	0.171376
0.169751	0.166951
0.169751	0.177499
0.169751	0.161745
0.113311	0.173265
0.113311	0.165641
0.113311	0.136756
0.113311	0.145718
0.113311	0.174729
0.152072	0.133320
0.152072	0.142054
0.152072	0.130786
0.152072	0.131235
0.152072	0.134614
0.152072	0.134310
0.101850	0.120551
0.101850	0.122584
0.101850	0.137470
0.101850	0.120017
0.101850	0.106662
0.101850	0.136258
0.165524	0.219251
0.165524	0.109867
0.165524	0.102856
0.165524	0.103689
0.165524	0.106842
0.095040	0.066150
0.095040	0.078260
0.095040	0.074810
0.095040	0.065808
0.095040	0.061473
0.087918	0.091177
0.087918	0.090334
0.087918	0.092103
0.087918	0.092267
0.087918	0.174319
0.087918	0.090967
0.087918	0.093888
0.087918	0.099073
0.158205	0.064080
0.158205	0.062108
0.158205	0.066901
0.158205	0.106026
0.158205	0.068731
0.158205	0.127373
0.158205	0.131735
0.158205	0.232070
0.079804	0.069770
0.079804	0.078162
0.079804	0.087403
0.079804	0.064692
0.079804	0.075862
0.079804	0.092466
0.079804	0.088429
0.079804	0.093042
0.079804	0.088432
0.079804	0.072874
0.071504	0.028467
0.071504	0.029185
0.071504	0.031949
0.071504	0.027065
0.071504	0.028729
0.071504	0.029033
0.071504	0.025733
0.071504	0.027258
0.076764	0.032982
0.076764	0.035907
0.076764	0.037409
0.076764	0.049632
0.076764	0.029255
0.076764	0.041096
0.076764	0.029975
0.076764	0.036882
0.076764	0.031307
0.076764	0.033152
0.076764	0.032091
0.212024	0.076922
0.212024	0.064039
0.212024	0.069298
0.212024	0.062059
0.212024	0.052986
0.212024	0.074838
0.212024	0.065708
0.212024	0.086420
0.212024	0.071375
0.123591	0.037499
0.123591	0.035596
0.123591	0.039503
0.123591	0.032725
0.081803	0.044442
0.081803	0.033918
0.081803	0.038669
0.081803	0.032806
0.081803	0.037206
0.081803	0.040198
0.081803	0.028834
0.081803	0.033904
0.122575	0.043571
0.122575	0.044517
0.122575	0.049785
0.122575	0.041184
0.122575	0.044435
0.122575	0.033286
0.122575	0.040908
0.143926	0.092853
0.143926	0.091112
0.143926	0.095437
0.143926	0.091979
0.143926	0.093629
0.143926	0.095192
0.143926	0.094646
0.143926	0.103496
0.270328	0.111117
0.270328	0.110281
0.270328	0.116221
0.270328	0.138587
0.270328	0.122521
0.270328	0.107202
0.270328	0.136389
0.270328	0.116514
0.168566	0.128694
0.168566	0.128382
0.168566	0.131494
0.168566	0.127734
0.168566	0.138976
0.168566	0.170656
0.168566	0.141758
0.168566	0.128037
0.168566	0.222383
0.168566	0.180591
0.119255	0.143311
0.119255	0.144600
0.119255	0.139923
0.119255	0.146237
0.119255	0.140058
0.119255	0.138397
0.119255	0.141453
0.157463	0.136189
0.157463	0.140793
0.157463	0.143362
0.157463	0.183271
0.157463	0.134823
0.157463	0.184370
0.157463	0.163899
0.297636	0.171319
0.297636	0.189418
0.297636	0.180328
0.297636	0.209898
0.297636	0.175133
0.297636	0.177609
0.297636	0.175020
0.212266	0.164824
0.212266	0.166590
0.212266	0.173519
0.212266	0.175334
0.212266	0.166226
0.212266	0.222844
0.212266	0.173158
0.212266	0.183996
0.212266	0.173881
0.212266	0.234202
0.212266	0.182776
0.342639	0.159056
0.342639	0.158019
0.342639	0.163928
0.342639	0.164745
0.342639	0.163387
0.342639	0.152769
0.342639	0.146067
0.342639	0.161040
0.342639	0.191984
0.171450	0.138237
0.171450	0.129127
0.171450	0.135031
0.171450	0.196603
0.171450	0.133143
0.171450	0.184540
0.171450	0.197579
0.198961	0.117318
0.198961	0.160632
0.198961	0.124777
0.198961	0.115287
0.198961	0.201990
0.198961	0.127097
0.198961	0.121695
0.198961	0.120806
0.198961	0.131459
0.198961	0.123244
0.198961	0.123586
0.198961	0.151174
0.133508	0.134067
0.133508	0.080533
0.133508	0.085933
0.133508	0.093573
0.133508	0.094624
0.133508	0.155727
0.133508	0.152133
0.133508	0.079987
0.188457	0.045207
0.188457	0.054953
0.188457	0.050308
0.188457	0.050664
0.188457	0.032747
0.108146	0.028207
0.108146	0.031162
0.108146	0.032248
0.108146	0.030372
0.108146	0.031018
0.108146	0.027039
0.108146	0.027917
0.108146	0.037990
0.105411	0.041821
0.105411	0.043588
0.105411	0.046663
0.105411	0.053636
0.105411	0.038279
0.205852	0.063271
0.205852	0.079861
0.205852	0.074178
0.205852	0.108603
0.205852	0.154511
0.156268	0.102175
0.156268	0.104615
0.156268	0.101916
0.156268	0.108187
0.156268	0.160774
0.156268	0.106911
0.156268	0.177392
0.156268	0.111203
0.156268	0.158529
0.221361	0.108918
0.221361	0.106809
0.221361	0.110076
0.221361	0.199200
0.221361	0.190176
0.221361	0.177130
0.221361	0.153936
0.221361	0.170235
0.221361	0.166821
0.304064	0.105900
0.304064	0.101643
0.304064	0.102439
0.304064	0.177085
0.304064	0.186894
0.304064	0.109633
0.304064	0.194259
0.190800	0.113558
0.190800	0.181953
0.190800	0.117307
0.190800	0.112420
0.190800	0.186865
0.190800	0.191747
0.190800	0.176442
0.190800	0.213472
0.190800	0.173924
0.208105	0.074376
0.208105	0.119880
0.208105	0.124480
0.208105	0.074274
0.208105	0.074033
0.208105	0.122845
0.208105	0.075033
0.208105	0.077735
0.208105	0.090834
0.138306	0.134371
0.138306	0.077711
0.138306	0.138917
0.138306	0.077985
0.138306	0.144366
0.138306	0.082048
0.138306	0.148785
0.138306	0.079969
0.138306	0.074612
0.124380	0.151638
0.124380	0.084581
0.124380	0.158335
0.124380	0.150905
0.124380	0.088247
0.124380	0.160391
0.124380	0.148135
0.124380	0.091109
0.344230	0.157770
0.344230	0.147559
0.344230	0.150988
0.344230	0.164807
0.344230	0.097887
0.344230	0.086620
0.344230	0.090015
0.344230	0.083842
0.262327	0.138764
0.262327	0.143625
0.262327	0.144912
0.262327	0.147709
0.262327	0.109395
0.262327	0.148143
0.262327	0.103928
0.262327	0.135914
0.167605	0.118440
0.167605	0.117479
0.167605	0.120469
0.167605	0.118416
0.167605	0.128266
0.167605	0.101308
0.167605	0.109623
0.118789	0.110360
0.118789	0.109883
0.118789	0.116959
0.118789	0.111541
0.118789	0.114301
0.118789	0.119944
0.118789	0.119976
0.118789	0.112162
0.118789	0.125559
0.118789	0.097704
0.118789	0.113653
0.118789	0.146038
0.122667	0.099035
0.122667	0.098774
0.122667	0.106686
0.122667	0.103064
0.122667	0.098774
0.122667	0.108697
0.122667	0.098572
0.122667	0.061548
0.122667	0.093583
0.122667	0.048987
0.122667	0.101413
0.122667	0.060635
0.108272	0.059948
0.108272	0.074836
0.108272	0.069888
0.108272	0.061556
0.108272	0.066799
0.108272	0.061706
0.108272	0.061786
0.108272	0.041911
0.191955	0.063862
0.191955	0.044860
0.191955	0.057043
0.191955	0.047477
0.191955	0.141301
0.191955	0.101758
0.128504	0.032892
0.128504	0.031037
0.128504	0.033898
0.128504	0.045586
0.128504	0.061945
0.128504	0.033389
0.128504	0.031926
0.128504	0.037318
0.109862	0.078982
0.109862	0.077880
0.109862	0.079054
0.109862	0.083989
0.109862	0.079751
0.109862	0.130979
0.109862	0.081674
0.109862	0.080150
0.109862	0.079734
0.109862	0.142145
0.109862	0.082288
0.322719	0.077491
0.322719	0.087021
0.322719	0.079817
0.322719	0.104185
0.322719	0.109918
0.322719	0.122900
0.322719	0.097821
0.322719	0.112083
0.322719	0.137652
0.152818	0.071466
0.152818	0.066331
0.152818	0.044038
0.152818	0.131488
0.128848	0.032441
0.128848	0.039994
0.128848	0.057559
0.128848	0.042470
0.128848	0.048652
0.073821	0.039326
0.073821	0.028465
0.073821	0.032750
0.073821	0.035627
0.073821	0.026245
0.073821	0.030232
0.073821	0.028988
0.073821	0.024560
0.073821	0.023919
0.073821	0.029350
0.073821	0.024027
0.138529	0.046124
0.138529	0.057433
0.138529	0.053276
0.138529	0.114771
0.138529	0.043173
0.138529	0.048062
0.138529	0.054224
0.138529	0.050345
0.138529	0.043909
0.138529	0.049053
0.265320	0.070151
0.265320	0.092768
0.265320	0.080702
0.265320	0.085164
0.265320	0.103291
0.265320	0.099030
0.265320	0.066525
0.265320	0.103671
0.076282	0.035608
0.076282	0.082724
0.076282	0.050772
0.076282	0.079339
0.016002	0.047662
0.016002	0.051124
0.016002	0.038425
0.016002	0.044467
0.016002	0.069795
0.016002	0.037932
0.105736	0.040956
0.105736	0.042781
0.105736	0.038520
0.105736	0.048955
0.105736	0.093063
0.105736	0.053478
0.105736	0.060217
0.088389	0.020449
0.088389	0.019898
0.088389	0.021460
0.088389	0.051327
0.088389	0.020879
0.088389	0.024375
0.088389	0.015635
0.087522	0.032264
0.087522	0.036221
0.087522	0.032751
0.087522	0.031240
0.087522	0.077078
0.087522	0.068354
0.087522	0.111841
0.098409	0.036984
0.098409	0.034255
0.098409	0.036608
0.098409	0.033220
0.098409	0.029807
0.098409	0.056994
0.098409	0.023952
0.196716	0.080874
0.196716	0.079609
0.196716	0.079802
0.196716	0.079678
0.196716	0.129125
0.196716	0.112255
0.196716	0.100196
0.196716	0.121553
0.196716	0.122166
0.053770	0.059993
0.053770	0.065681
0.053770	0.066907
0.053770	0.059051
0.053770	0.054248
0.053770	0.065909
0.053770	0.135699
0.053770	0.085103
0.076935	0.024850
0.076935	0.025944
0.076935	0.026777
0.076935	0.023721
0.076935	0.024159
0.076935	0.022378
0.076935	0.023420
0.184469	0.033024
0.184469	0.035959
0.184469	0.036447
0.184469	0.031407
0.184469	0.038899
0.184469	0.036054
0.184469	0.029980
0.122078	0.079917
0.122078	0.098267
0.122078	0.086438
0.122078	0.080184
0.122078	0.075710
0.122078	0.093733
0.122078	0.047988
0.122078	0.090567
0.122078	0.054495
0.122078	0.087166
0.122078	0.091455
0.122078	0.064380
0.074433	0.046942
0.074433	0.065762
0.074433	0.053965
0.074433	0.062162
0.074433	0.042897
0.074433	0.044906
0.087595	0.075951
0.087595	0.090875
0.087595	0.092548
0.087595	0.074944
0.087595	0.082715
0.087595	0.097369
0.087595	0.075874
0.087595	0.094194
0.087595	0.085016
0.087595	0.098355
0.087595	0.091797
0.192273	0.095139
0.192273	0.097955
0.192273	0.100540
0.192273	0.100268
0.192273	0.063804
0.192273	0.050228
0.192273	0.046209
0.192273	0.053868
0.192273	0.061822
0.382889	0.109772
0.382889	0.119435
0.382889	0.110255
0.382889	0.110037
0.382889	0.118543
0.382889	0.110023
0.382889	0.108776
0.382889	0.115444
0.382889	0.112203
0.382889	0.107868
0.382889	0.118617
0.146509	0.105757
0.146509	0.104933
0.146509	0.109346
0.146509	0.114282
0.146509	0.107977
0.146509	0.082256
0.146509	0.141461
0.102462	0.123748
0.102462	0.132826
0.102462	0.137363
0.102462	0.338424
0.102462	0.353394
0.102462	0.127102
0.102462	0.168328
0.102462	0.360596
0.162652	0.133990
0.162652	0.345359
0.162652	0.140559
0.162652	0.143579
0.162652	0.336046
0.162652	0.301814
0.162652	0.299735
0.162652	0.343249
0.167214	0.207054
0.167214	0.174775
0.167214	0.205403
0.167214	0.163784
0.167214	0.141487
0.167214	0.142810
0.167214	0.138961
0.080739	0.220337
0.080739	0.223244
0.080739	0.220258
0.080739	0.238502
0.080739	0.235279
0.466323	0.180302
0.466323	0.188598
0.466323	0.182847
0.466323	0.207967
0.466323	0.180707
0.466323	0.181717
0.466323	0.202716
0.466323	0.218866
0.466323	0.190225
0.349236	0.191856
0.349236	0.188718
0.349236	0.198515
0.349236	0.200851
0.349236	0.180210
0.406904	0.183402
0.406904	0.184236
0.406904	0.178338
0.406904	0.180367
0.406904	0.165859
0.406904	0.180695
0.539300	0.215793
0.539300	0.210878
0.539300	0.192333
0.539300	0.194666
0.539300	0.226969
0.539300	0.199586
0.539300	0.230306
0.539300	0.223978
0.315951	0.147365
0.315951	0.153028
0.315951	0.150006
0.315951	0.148874
0.315951	0.156473
0.315951	0.156780
0.315951	0.157071
0.315951	0.152907
0.315951	0.170860
0.315951	0.192408
0.315951	0.215881
0.196790	0.127081
0.196790	0.127578
0.196790	0.131789
0.196790	0.143359
0.196790	0.397738
0.495475	0.177026
0.495475	0.190550
0.495475	0.177594
0.495475	0.273282
0.495475	0.220625
0.495475	0.214754
0.495475	0.200013
0.495475	0.222995
0.495475	0.267401
0.231141	0.154194
0.231141	0.157033
0.231141	0.157473
0.231141	0.152989
0.231141	0.147819
0.231141	0.164648
0.231141	0.173042
0.231141	0.156832
0.231141	0.171220
0.231141	0.158872
0.231141	0.157653
0.185298	0.119503
0.185298	0.122689
0.185298	0.128625
0.185298	0.128417
0.185298	0.119428
0.185298	0.118810
0.185298	0.120733
0.185298	0.113175
0.215480	0.165518
0.215480	0.159619
0.215480	0.165688
0.215480	0.163249
0.215480	0.165560
0.215480	0.210078
0.215480	0.164536
0.160172	0.171827
0.160172	0.152576
0.160172	0.174844
0.160172	0.168359
0.160172	0.169362
0.160172	0.176406
0.160172	0.164625
0.160172	0.178884
0.160172	0.164462
0.160172	0.170514
0.160172	0.176977
0.175119	0.114665
0.175119	0.111626
0.175119	0.119517
0.175119	0.105434
0.175119	0.117420
0.175119	0.107819
0.175119	0.112730
0.175119	0.123050
0.110423	0.119988
0.110423	0.130099
0.110423	0.125704
0.110423	0.083141
0.110423	0.074194
0.110657	0.108316
0.110657	0.118345
0.110657	0.112135
0.110657	0.109958
0.110657	0.058269
0.110657	0.050394
0.150357	0.079071
0.150357	0.065690
0.150357	0.070081
0.150357	0.085991
0.150357	0.075235
0.150357	0.050888
0.150357	0.050734
0.236455	0.091140
0.236455	0.094927
0.236455	0.093981
0.236455	0.088435
0.236455	0.038887
0.236455	0.041171
0.236455	0.044600
0.211825	0.032927
0.211825	0.074386
0.211825	0.079290
0.211825	0.031201
0.211825	0.038704
0.148179	0.091035
0.148179	0.042259
0.148179	0.098172
0.148179	0.045831
0.148179	0.053520
0.148179	0.090120
0.148179	0.048347
0.148179	0.052732
0.082775	0.085710
0.082775	0.039603
0.082775	0.092106
0.082775	0.087956
0.082775	0.043085
0.082775	0.092550
0.082775	0.083154
0.082775	0.044089
0.092922	0.085444
0.092922	0.084949
0.092922	0.082700
0.092922	0.211371
0.092922	0.159294
0.092922	0.132589
0.092922	0.146834
0.092922	0.093544
0.219215	0.076228
0.219215	0.076643
0.219215	0.077831
0.219215	0.076702
0.219215	0.149615
0.219215	0.082939
0.219215	0.176701
0.219215	0.133193
0.158011	0.041612
0.158011	0.043515
0.158011	0.049480
0.158011	0.040822
0.158011	0.073261
0.158011	0.071849
0.158011	0.102014
0.130242	0.032174
0.130242	0.034167
0.130242	0.037054
0.130242	0.033976
0.130242	0.039683
0.130242	0.024736
0.130242	0.030236
0.131718	0.081868
0.131718	0.082541
0.131718	0.084806
0.131718	0.084738
0.131718	0.079258
0.131718	0.079228
0.131718	0.083246
0.131718	0.043668
0.131718	0.057440
0.129779	0.093682
0.129779	0.096547
0.129779	0.102349
0.129779	0.095854
0.129779	0.099590
0.129779	0.103492
0.129779	0.098627
0.129779	0.097691
0.129779	0.093490
0.129779	0.094008
0.129779	0.094658
0.150438	0.108983
0.150438	0.108627
0.150438	0.111434
0.150438	0.105016
0.150438	0.069018
0.150438	0.112249
0.150438	0.063289
0.150438	0.058206
0.150438	0.058250
0.170013	0.126050
0.170013	0.119028
0.170013	0.130370
0.170013	0.081698
0.170013	0.126109
0.170013	0.132633
0.170013	0.127800
0.170013	0.106247
0.237375	0.171835
0.237375	0.151664
0.237375	0.182744
0.237375	0.170207
0.237375	0.147033
0.237375	0.138302
0.237375	0.172908
0.237375	0.160208
0.237375	0.136702
0.561867	0.172341
0.561867	0.169284
0.561867	0.171054
0.561867	0.176066
0.561867	0.209238
0.561867	0.179744
0.561867	0.441152
0.561867	0.395063
0.561867	0.426435
0.561867	0.383260
0.561867	0.342599
0.561867	0.292769
0.553008	0.151801
0.553008	0.149812
0.553008	0.149277
0.553008	0.162930
0.553008	0.183814
0.553008	0.354598
0.553008	0.307965
0.199660	0.171945
0.199660	0.150573
0.199660	0.157455
0.199660	0.161732
0.199660	0.151546
0.199660	0.157481
0.199660	0.156010
0.199660	0.145928
0.199660	0.165085
0.199660	0.146373
0.199660	0.156159
0.392448	0.136497
0.392448	0.149581
0.392448	0.131544
0.392448	0.396779
0.392448	0.376138
0.404391	0.134279
0.404391	0.138381
0.404391	0.136522
0.404391	0.127565
0.404391	0.132735
0.404391	0.147067
0.404391	0.126867
0.404391	0.251766
0.098595	0.125511
0.098595	0.121836
0.098595	0.124564
0.098595	0.126167
0.098595	0.129052
0.098595	0.131124
0.098595	0.118179
0.098595	0.128232
0.098595	0.133415
0.098595	0.126100
0.098595	0.120246
0.305972	0.121500
0.305972	0.114464
0.305972	0.114784
0.305972	0.116920
0.305972	0.231697
0.305972	0.111883
0.305972	0.199890
0.305972	0.116754
0.305972	0.236835
0.208379	0.130855
0.208379	0.132725
0.208379	0.133466
0.208379	0.145720
0.208379	0.138482
0.208379	0.154731
0.208379	0.140001
0.208379	0.135144
0.208379	0.217634
0.145082	0.118106
0.145082	0.122578
0.145082	0.124716
0.145082	0.119426
0.145082	0.123888
0.145082	0.116991
0.145082	0.129957
0.145082	0.127285
0.145082	0.123727
0.145082	0.135168
0.145082	0.128216
0.056090	0.081193
0.056090	0.098070
0.056090	0.086995
0.056090	0.097915
0.056090	0.077802
0.056090	0.079423
0.056090	0.064633
0.056090	0.092531
0.161240	0.092465
0.161240	0.092606
0.161240	0.098529
0.161240	0.144424
0.161240	0.086465
0.161240	0.095537
0.161240	0.135895
0.326548	0.102384
0.326548	0.183001
0.326548	0.107697
0.326548	0.141326
0.326548	0.107005
0.326548	0.086163
0.326548	0.123747
0.326548	0.076397
0.080736	0.065967
0.080736	0.077695
0.080736	0.079638
0.080736	0.081466
0.080736	0.074167
0.080736	0.073128
0.080736	0.053717
0.080736	0.049534
0.114773	0.095030
0.114773	0.083546
0.114773	0.092112
0.114773	0.097718
0.114773	0.077968
0.114773	0.098537
0.114773	0.075155
0.114773	0.176833
0.114773	0.101010
0.057498	0.030370
0.057498	0.028791
0.057498	0.032658
0.057498	0.039078
0.057498	0.031014
0.057498	0.028862
0.057498	0.025649
0.057498	0.027234
0.185210	0.025055
0.185210	0.026805
0.185210	0.027537
0.185210	0.028737
0.185210	0.024967
0.185210	0.028288
0.185210	0.024334
0.112979	0.043945
0.112979	0.036473
0.112979	0.041929
0.112979	0.033560
0.112979	0.034714
0.112979	0.032635
0.112979	0.032499
0.091661	0.084932
0.091661	0.084870
0.091661	0.085090
0.091661	0.083010
0.091661	0.088483
0.091661	0.083634
0.091661	0.111479
0.091661	0.098612
0.091661	0.124316
0.161424	0.100026
0.161424	0.147092
0.161424	0.096294
0.161424	0.143162
0.161424	0.138217
0.161424	0.124049
0.161424	0.189322
0.161424	0.140723
0.161424	0.100203
0.161424	0.118568
0.167096	0.070083
0.167096	0.090410
0.167096	0.082461
0.167096	0.093589
0.167096	0.071954
0.167096	0.098651
0.167096	0.138742
0.167096	0.078717
0.178033	0.068141
0.178033	0.079269
0.178033	0.078782
0.178033	0.078221
0.178033	0.075424
0.178033	0.085015
0.178033	0.053650
0.127224	0.115329
0.127224	0.208354
0.127224	0.176251
0.127224	0.184152
0.127224	0.199523
0.127224	0.181549
0.127224	0.176679
0.127224	0.190743
0.127224	0.181195
0.092369	0.132136
0.092369	0.175278
0.092369	0.172589
0.092369	0.190754
0.092369	0.205610
0.095555	0.140145
0.095555	0.207840
0.095555	0.136368
0.095555	0.136432
0.446578	0.206757
0.446578	0.129622
0.446578	0.131307
0.446578	0.130510
0.446578	0.246879
0.446578	0.250762
0.446578	0.233882
0.446578	0.242239
0.446578	0.134485
0.144278	0.158636
0.144278	0.161784
0.144278	0.197957
0.144278	0.237831
0.144278	0.228542
0.144278	0.204536
0.176024	0.136531
0.176024	0.181054
0.176024	0.133779
0.176024	0.132375
0.176024	0.235524
0.163860	0.108642
0.163860	0.118019
0.163860	0.107881
0.163860	0.103475
0.163860	0.104926
0.163860	0.113405
0.163860	0.106470
0.163860	0.109981
0.163860	0.101808
0.163860	0.107700
0.163860	0.101883
0.078792	0.108965
0.078792	0.110384
0.078792	0.112713
0.078792	0.111787
0.078792	0.218450
0.078792	0.187173
0.078792	0.112279
0.078792	0.235119
0.265960	0.113311
0.265960	0.198331
0.265960	0.118046
0.265960	0.209208
0.265960	0.212279
0.352127	0.094246
0.352127	0.093965
0.352127	0.098221
0.352127	0.106222
0.352127	0.156796
0.352127	0.128530
0.352127	0.117325
0.352127	0.135847
0.352127	0.105089
0.116676	0.074212
0.116676	0.057499
0.116676	0.066316
0.116676	0.075793
0.116676	0.058152
0.116676	0.050919
0.116676	0.045306
0.249496	0.030663
0.249496	0.032000
0.249496	0.034055
0.249496	0.029085
0.249496	0.029900
0.249496	0.069992
0.249496	0.023634
0.249496	0.076122
0.067682	0.026657
0.067682	0.023849
0.067682	0.027347
0.067682	0.024760
0.157286	0.027183
0.157286	0.027023
0.157286	0.025372
0.157286	0.027912
0.157286	0.033010
0.157286	0.028546
0.069524	0.026707
0.069524	0.021727
0.069524	0.027771
0.069524	0.025003
0.110376	0.037216
0.110376	0.032790
0.110376	0.033798
0.110376	0.032674
0.110376	0.030217
0.110376	0.030646
0.110376	0.043391
0.095082	0.030802
0.095082	0.032227
0.095082	0.036796
0.095082	0.032534
0.095082	0.030798
0.095082	0.038365
0.095082	0.029703
0.095082	0.053050
0.095082	0.040519
0.095082	0.067098
0.095082	0.035489
0.095082	0.045293
0.305521	0.050501
0.305521	0.049804
0.305521	0.055986
0.305521	0.048874
0.305521	0.059461
0.305521	0.050485
0.305521	0.130531
0.305521	0.070889
0.305521	0.094377
0.245369	0.054119
0.245369	0.047275
0.245369	0.051830
0.245369	0.056449
0.245369	0.037593
0.245369	0.056902
0.245369	0.058180
0.245369	0.037025
0.245369	0.042688
0.245369	0.094390
0.245369	0.048311
0.226039	0.044606
0.226039	0.146482
0.226039	0.051375
0.226039	0.106533
0.226039	0.040785
0.226039	0.134443
0.226039	0.059755
0.164707	0.102145
0.164707	0.065908
0.164707	0.104842
0.164707	0.102137
0.164707	0.080240
0.164707	0.077134
0.135298	0.112610
0.135298	0.118108
0.135298	0.123077
0.135298	0.163025
0.135298	0.117585
0.111643	0.153164
0.111643	0.140121
0.111643	0.154177
0.111643	0.154602
0.111643	0.149181
0.111643	0.165131
0.111643	0.137144
0.180028	0.163483
0.180028	0.177265
0.180028	0.172297
0.180028	0.157284
0.180028	0.166789
0.180028	0.182758
0.180028	0.162414
0.180028	0.189916
0.180028	0.138065
0.191984	0.175594
0.191984	0.165895
0.191984	0.172912
0.191984	0.163821
0.191984	0.160663
0.191984	0.148027
0.191984	0.184332
0.191984	0.155513
0.066100	0.148662
0.066100	0.144360
0.066100	0.149648
0.066100	0.156357
0.066100	0.129148
0.066100	0.135076
0.066100	0.146871
0.066100	0.156420
0.297619	0.126627
0.297619	0.126974
0.297619	0.128792
0.297619	0.124362
0.297619	0.119615
0.297619	0.133960
0.297619	0.147565
0.297619	0.128045
0.297619	0.128244
0.297619	0.177537
0.297619	0.155287
0.181400	0.094530
0.181400	0.096598
0.181400	0.105277
0.181400	0.097184
0.181400	0.106556
0.181400	0.101566
0.181400	0.080600
0.181400	0.116978
0.178566	0.045677
0.178566	0.051944
0.178566	0.053489
0.178566	0.047458
0.178566	0.047063
0.178566	0.055912
0.178566	0.083268
0.138698	0.051982
0.138698	0.041852
0.138698	0.052552
0.138698	0.050554
0.138698	0.067100
0.138698	0.061370
0.138698	0.095072
0.138698	0.050344
0.138698	0.065466
0.138698	0.045970
0.138698	0.046850
0.232059	0.073166
0.232059	0.077930
0.232059	0.081274
0.232059	0.069832
0.232059	0.131860
0.232059	0.081978
0.232059	0.089956
0.232059	0.103578
0.232059	0.115472
0.153677	0.038439
0.153677	0.034797
0.153677	0.036159
0.153677	0.141592
0.153677	0.126336
0.047606	0.048837
0.047606	0.055117
0.047606	0.051090
0.047606	0.072936
0.047606	0.043602
0.047606	0.046665
0.047606	0.132350
0.047606	0.066526
0.071960	0.101462
0.071960	0.065630
0.071960	0.040707
0.071960	0.071133
0.071960	0.057110
0.071960	0.064424
0.071960	0.098099
0.093520	0.025509
0.093520	0.043077
0.093520	0.030277
0.093520	0.073560
0.093520	0.054864
0.093520	0.067605
0.093520	0.094610
0.133624	0.033649
0.133624	0.041911
0.133624	0.036096
0.133624	0.076108
0.133624	0.035411
0.133624	0.037671
0.133624	0.038843
0.133624	0.034068
0.133624	0.035897
0.133624	0.030991
0.133624	0.034959
0.133624	0.061527
0.116609	0.075098
0.116609	0.087079
0.116609	0.077550
0.116609	0.091583
0.116609	0.097420
0.116609	0.079634
0.116609	0.085885
0.116609	0.096248
0.054852	0.039622
0.054852	0.040499
0.054852	0.046434
0.054852	0.061488
0.134387	0.099354
0.134387	0.130218
0.134387	0.096572
0.134387	0.141930
0.134387	0.155479
0.134387	0.136128
0.134387	0.125060
0.134387	0.142426
0.134387	0.138174
0.134387	0.151722
0.065307	0.079380
0.065307	0.097290
0.065307	0.092599
0.065307	0.088827
0.065307	0.093982
0.065307	0.096067
0.065307	0.100356
0.065307	0.114010
0.065307	0.082615
0.065307	0.130190
0.065307	0.096279
0.065307	0.123793
0.090689	0.063083
0.090689	0.050716
0.090689	0.056424
0.090689	0.080625
0.090689	0.106627
0.090689	0.073151
0.090689	0.075249
0.100315	0.052866
0.100315	0.039813
0.100315	0.043430
0.100315	0.107427
0.100315	0.039735
0.271706	0.087646
0.271706	0.120981
0.271706	0.091418
0.271706	0.144814
0.271706	0.112049
0.271706	0.116206
0.271706	0.109339
0.271706	0.133083
0.271706	0.124486
0.279527	0.040632
0.279527	0.042404
0.279527	0.047603
0.279527	0.043314
0.279527	0.034159
0.279527	0.025607
0.279527	0.035771
0.304057	0.077968
0.304057	0.078146
0.304057	0.082741
0.304057	0.157940
0.304057	0.130108
0.304057	0.151980
0.304057	0.098148
0.304057	0.080156
0.304057	0.139826
0.450656	0.082444
0.450656	0.081482
0.450656	0.096719
0.450656	0.082464
0.450656	0.123296
0.450656	0.087106
0.450656	0.139745
0.450656	0.108793
0.450656	0.130809
0.195630	0.114800
0.195630	0.078908
0.195630	0.076555
0.195630	0.068742
0.195630	0.085828
0.195630	0.118934
0.195630	0.053615
0.136276	0.116445
0.136276	0.118138
0.136276	0.123244
0.136276	0.120108
0.136276	0.119218
0.136276	0.126714
0.136276	0.125874
0.136276	0.124414
0.136276	0.136809
0.136276	0.126449
0.136276	0.128577
0.136276	0.124701
0.136276	0.127644
0.136276	0.120244
0.246894	0.127021
0.246894	0.125730
0.246894	0.131082
0.246894	0.125633
0.246894	0.131218
0.246894	0.134169
0.246894	0.130362
0.246894	0.154056
0.246894	0.133424
0.246894	0.132008
0.246894	0.125203
0.330838	0.142635
0.330838	0.134493
0.330838	0.140298
0.330838	0.201693
0.330838	0.152236
0.330838	0.143107
0.330838	0.127903
0.330838	0.136805
0.259189	0.144612
0.259189	0.159873
0.259189	0.150872
0.259189	0.147278
0.259189	0.146002
0.259189	0.146482
0.259189	0.140793
0.259189	0.188158
0.285714	0.321805
0.285714	0.145392
0.285714	0.266142
0.285714	0.306396
0.285714	0.357881
0.285714	0.309229
0.099299	0.337483
0.099299	0.336792
0.099299	0.150533
0.099299	0.145880
0.099299	0.321134
0.099299	0.299311
0.099299	0.307729
0.099299	0.308269
0.332953	0.299079
0.332953	0.133251
0.332953	0.138405
0.332953	0.133972
0.332953	0.281187
0.332953	0.317016
0.332953	0.325830
0.332953	0.398676
0.095568	0.154905
0.095568	0.169550
0.095568	0.154343
0.095568	0.152882
0.095568	0.305080
0.153147	0.147332
0.153147	0.252530
0.153147	0.146086
0.153147	0.154170
0.153147	0.267569
0.124151	0.119172
0.124151	0.118584
0.124151	0.123142
0.124151	0.118875
0.124151	0.115665
0.124151	0.119282
0.124151	0.121629
0.124151	0.127427
0.124151	0.122327
0.124151	0.125278
0.124151	0.127795
0.107980	0.125784
0.107980	0.130554
0.107980	0.130812
0.107980	0.120950
0.107980	0.141577
0.107980	0.122427
0.107980	0.119893
0.249216	0.145434
0.249216	0.150680
0.249216	0.146583
0.249216	0.142527
0.249216	0.207482
0.249216	0.254975
0.249216	0.276685
0.138655	0.127198
0.138655	0.133873
0.138655	0.129613
0.138655	0.125099
0.138655	0.121414
0.094040	0.121127
0.094040	0.122132
0.094040	0.125188
0.094040	0.138347
0.094040	0.115903
0.094040	0.125055
0.094040	0.124678
0.094040	0.120393
0.094040	0.129622
0.211560	0.141384
0.211560	0.157157
0.211560	0.148638
0.211560	0.204075
0.211560	0.165279
0.211560	0.168717
0.211560	0.148760
0.211560	0.170610
0.211560	0.147402
0.169537	0.146295
0.169537	0.132676
0.169537	0.127370
0.169537	0.135470
0.169537	0.144932
0.169537	0.132556
0.121931	0.124292
0.121931	0.132799
0.121931	0.130071
0.121931	0.130909
0.304769	0.129471
0.304769	0.148068
0.304769	0.132735
0.304769	0.139813
0.304769	0.141307
0.304769	0.150637
0.304769	0.156485
0.304769	0.145785
0.304769	0.147358
0.304769	0.132309
0.304769	0.158449
0.180951	0.087562
0.180951	0.093563
0.180951	0.105862
0.180951	0.114601
0.180951	0.081614
0.180951	0.085886
0.180951	0.058238
0.169522	0.103493
0.169522	0.108475
0.169522	0.107337
0.169522	0.103476
0.169522	0.103179
0.169522	0.103923
0.169522	0.105127
0.169522	0.107095
0.169522	0.155318
0.079726	0.106660
0.079726	0.095952
0.079726	0.107453
0.079726	0.097390
0.079726	0.107125
0.074948	0.116885
0.074948	0.117355
0.074948	0.124017
0.074948	0.113410
0.074948	0.116261
0.074948	0.101709
0.074948	0.078500
0.074948	0.104876
0.110631	0.121436
0.110631	0.124917
0.110631	0.125155
0.110631	0.122076
0.110631	0.128666
0.110631	0.116160
0.110631	0.128058
0.110631	0.129473
0.110631	0.131207
0.302107	0.122928
0.302107	0.125552
0.302107	0.121739
0.302107	0.119688
0.302107	0.508259
0.302107	0.145474
0.196752	0.117261
0.196752	0.123046
0.196752	0.123435
0.196752	0.140106
0.196752	0.118211
0.196752	0.110841
0.196752	0.094958
0.215080	0.134833
0.215080	0.149731
0.215080	0.130150
0.215080	0.126186
0.215080	0.372210
0.215080	0.131362
0.215080	0.122282
0.191622	0.165994
0.191622	0.159378
0.191622	0.154496
0.191622	0.182939
0.191622	0.150124
0.191622	0.160028
0.191622	0.155340
0.191622	0.147089
0.191622	0.161207
0.191622	0.149221
0.191622	0.162788
0.191622	0.189498
0.221775	0.165161
0.221775	0.160237
0.221775	0.159292
0.221775	0.354253
0.221775	0.361320
0.221775	0.250942
0.221775	0.325188
0.221775	0.261284
0.133567	0.138484
0.133567	0.142029
0.133567	0.141907
0.133567	0.136052
0.133567	0.136135
0.133567	0.144570
0.133567	0.290266
0.133567	0.355073
0.256896	0.133638
0.256896	0.134761
0.256896	0.136304
0.256896	0.130303
0.256896	0.184623
0.374953	0.163045
0.374953	0.156168
0.374953	0.164481
0.374953	0.331292
0.374953	0.369534
0.374953	0.314208
0.374953	0.310318
0.374953	0.306355
0.374953	0.343449
0.246942	0.180625
0.246942	0.182737
0.246942	0.169534
0.246942	0.190861
0.246942	0.444169
0.246942	0.440028
0.246942	0.385116
0.246942	0.319125
0.246942	0.323956
0.246942	0.376992
0.246942	0.351666
0.161713	0.150537
0.161713	0.158680
0.161713	0.153690
0.161713	0.150460
0.161713	0.150262
0.161713	0.153077
0.161713	0.147657
0.161713	0.150723
0.169071	0.153745
0.169071	0.156207
0.169071	0.163779
0.169071	0.283463
0.169071	0.280785
0.169071	0.298391
0.169071	0.279850
0.169071	0.286692
0.169071	0.367136
0.249527	0.177088
0.249527	0.385868
0.249527	0.179764
0.249527	0.418514
0.249527	0.401098
0.249527	0.398044
0.249527	0.424926
0.249527	0.404225
0.249527	0.386867
0.249527	0.414116
0.249527	0.402169
0.297051	0.172918
0.297051	0.186946
0.297051	0.170420
0.297051	0.205569
0.297051	0.204969
0.297051	0.168232
0.297051	0.196265
0.297051	0.174316
0.297051	0.152326
0.067621	0.149169
0.067621	0.152858
0.067621	0.169138
0.067621	0.178333
0.067621	0.144349
0.067621	0.146556
0.067621	0.152477
0.067621	0.170958
0.038771	0.170323
0.038771	0.174638
0.038771	0.152394
0.038771	0.146826
0.038771	0.163526
0.038771	0.156877
0.038771	0.154919
0.038771	0.164457
0.073201	0.166686
0.073201	0.147553
0.073201	0.151888
0.073201	0.177268
0.073201	0.147407
0.073201	0.164883
0.073201	0.133640
0.102455	0.134836
0.102455	0.396971
0.102455	0.140416
0.102455	0.136271
0.102455	0.375572
0.102455	0.400705
0.102455	0.374322
0.102455	0.413267
0.102455	0.420829
0.179202	0.464297
0.179202	0.136139
0.179202	0.142894
0.179202	0.465267
0.179202	0.540129
0.179202	0.138741
0.241728	0.246476
0.241728	0.616070
0.241728	0.256800
0.241728	0.241377
0.241728	0.251439
0.241728	0.666254
0.241728	0.230104
0.473925	0.571009
0.473925	0.188005
0.473925	0.201110
0.473925	0.202340
0.473925	0.551973
0.473925	0.181407
0.473925	0.193035
0.473925	0.194607
0.473925	0.175745
0.248192	0.278377
0.248192	0.283315
0.248192	0.290049
0.248192	0.270034
0.248192	0.295006
0.248192	0.287246
0.228699	0.360353
0.228699	0.345846
0.228699	0.359473
0.228699	0.335739
0.228699	0.333141
0.228699	0.374327
0.228699	0.339885
0.228699	0.344642
0.228699	0.331399
0.228699	0.349512
0.228699	0.341326
0.176625	0.236798
0.176625	0.246940
0.176625	0.249212
0.176625	0.230829
0.164362	0.160911
0.164362	0.162164
0.164362	0.166806
0.164362	0.150780
0.164362	0.148182
0.164362	0.163732
0.164362	0.112315
0.164362	0.131946
0.144022	0.114192
0.144022	0.107725
0.144022	0.118117
0.144022	0.101517
0.144022	0.116737
0.144022	0.110448
0.144022	0.089826
0.144022	0.113886
0.109434	0.086587
0.109434	0.090714
0.109434	0.110247
0.109434	0.081916
0.109434	0.087113
0.109434	0.113409
0.109434	0.083741
0.109434	0.098786
0.109434	0.115918
0.109434	0.125637
0.109434	0.120411
0.138792	0.047849
0.138792	0.047037
0.138792	0.057618
0.138792	0.056166
0.138792	0.047779
0.138792	0.047105
0.138792	0.036902
0.138792	0.043609
0.086101	0.058976
0.086101	0.061767
0.086101	0.060386
0.086101	0.051125
0.086101	0.052052
0.086101	0.062611
0.086101	0.056549
0.086101	0.051619
0.086101	0.054635
0.086101	0.052702
0.086101	0.051991
0.131927	0.085560
0.131927	0.086811
0.131927	0.085527
0.131927	0.082116
0.131927	0.075634
0.131927	0.086009
0.131927	0.081851
0.131927	0.081571
0.166033	0.059119
0.166033	0.060220
0.166033	0.064072
0.166033	0.073451
0.166033	0.067974
0.166033	0.050967
0.233336	0.095984
0.233336	0.102861
0.233336	0.102616
0.233336	0.176004
0.233336	0.147695
0.233336	0.145090
0.233336	0.136981
0.233336	0.166772
0.233336	0.109682
0.378557	0.093475
0.378557	0.096627
0.378557	0.097026
0.378557	0.093483
0.378557	0.108140
0.378557	0.092316
0.378557	0.169574
0.378557	0.131488
0.378557	0.148549
0.050931	0.128296
0.050931	0.068346
0.050931	0.074143
0.050931	0.135232
0.050931	0.117861
0.189610	0.063448
0.189610	0.114640
0.189610	0.059602
0.189610	0.054444
0.189610	0.132004
0.189610	0.113344
0.189610	0.116926
0.161353	0.042839
0.161353	0.045681
0.161353	0.047832
0.161353	0.044116
0.161353	0.041889
0.161353	0.050638
0.161353	0.056935
0.161353	0.043556
0.161353	0.045090
0.161353	0.053477
0.161353	0.044713
0.101841	0.074496
0.101841	0.075915
0.101841	0.076972
0.101841	0.135070
0.101841	0.137444
0.101841	0.099136
0.101841	0.114578
0.101841	0.109497
0.105603	0.062506
0.105603	0.100390
0.105603	0.067393
0.105603	0.064032
0.105603	0.104603
0.105603	0.099604
0.105603	0.103054
0.105603	0.106461
0.268125	0.057234
0.268125	0.050947
0.268125	0.054630
0.268125	0.048381
0.268125	0.127625
0.268125	0.102866
0.268125	0.102923
0.135756	0.061972
0.135756	0.064110
0.135756	0.067472
0.135756	0.061056
0.135756	0.061389
0.135756	0.133676
0.135756	0.082776
0.135756	0.103946
0.135756	0.105881
0.116872	0.024126
0.116872	0.026034
0.116872	0.025766
0.116872	0.026924
0.116872	0.024628
0.116872	0.027595
0.116872	0.020824
0.093826	0.062745
0.093826	0.067838
0.093826	0.067287
0.093826	0.062035
0.093826	0.057681
0.093826	0.061949
0.093826	0.055164
0.093826	0.066417
0.093826	0.065176
0.093826	0.063056
0.093826	0.081315
0.110746	0.053234
0.110746	0.056679
0.110746	0.057514
0.110746	0.050458
0.110746	0.048760
0.110746	0.057634
0.110746	0.071328
0.110746	0.119002
0.110746	0.126424
0.076358	0.034225
0.076358	0.035728
0.076358	0.037968
0.076358	0.033547
0.076358	0.030775
0.209152	0.029892
0.209152	0.032986
0.209152	0.032101
0.209152	0.028783
0.209152	0.038922
0.209152	0.029185
0.209152	0.040338
0.209152	0.026384
0.082147	0.056394
0.082147	0.065372
0.082147	0.061788
0.082147	0.068772
0.082147	0.051886
0.082147	0.062635
0.082147	0.061202
0.082147	0.086951
0.082147	0.058892
0.082147	0.067990
0.068091	0.045791
0.068091	0.052920
0.068091	0.053012
0.068091	0.048683
0.068091	0.043713
0.068091	0.056907
0.068091	0.045308
0.068091	0.055484
0.068091	0.050646
0.068091	0.114537
0.068091	0.054737
0.068091	0.138523
0.079061	0.034926
0.079061	0.040928
0.079061	0.039442
0.079061	0.047294
0.079061	0.035048
0.087119	0.037768
0.087119	0.038766
0.087119	0.040802
0.087119	0.047097
0.087119	0.058336
0.087119	0.036850
0.087119	0.051609
0.087119	0.034058
0.079567	0.090390
0.079567	0.081464
0.079567	0.085505
0.079567	0.088022
0.079567	0.098251
0.079567	0.083999
0.079567	0.129787
0.079567	0.135093
0.075617	0.095693
0.075617	0.096808
0.075617	0.092974
0.075617	0.089063
0.075617	0.104301
0.075617	0.097554
0.075617	0.096380
0.075617	0.102790
0.075617	0.105774
0.116863	0.119973
0.116863	0.113092
0.116863	0.112575
0.116863	0.107891
0.116863	0.195438
0.116863	0.174299
0.116863	0.160878
0.116863	0.189271
0.116863	0.181553
0.212818	0.107187
0.212818	0.115980
0.212818	0.109942
0.212818	0.104643
0.212818	0.164050
0.212818	0.171383
0.212818	0.203217
0.212818	0.172931
0.212818	0.198230
0.138827	0.104966
0.138827	0.102555
0.138827	0.104262
0.138827	0.086837
0.138827	0.122452
0.138827	0.103942
0.138827	0.065791
0.138827	0.125389
0.052789	0.113609
0.052789	0.118848
0.052789	0.119841
0.052789	0.109338
0.052789	0.116648
0.052789	0.116647
0.052789	0.211843
0.052789	0.226506
0.069040	0.119395
0.069040	0.128194
0.069040	0.209292
0.069040	0.219106
0.069040	0.214520
0.069040	0.184507
0.069040	0.212303
0.069040	0.204605
0.158209	0.128567
0.158209	0.219709
0.158209	0.135283
0.158209	0.251087
0.158209	0.130029
0.158209	0.205752
0.158209	0.229036
0.158209	0.193124
0.181344	0.111999
0.181344	0.119389
0.181344	0.119330
0.181344	0.123222
0.181344	0.110152
0.181344	0.085188
0.181344	0.093020
0.124864	0.133264
0.124864	0.132129
0.124864	0.137780
0.124864	0.128290
0.124864	0.125015
0.124864	0.141909
0.124864	0.132332
0.124864	0.135485
0.124864	0.133845
0.124864	0.146135
0.124864	0.142778
0.200041	0.141849
0.200041	0.232739
0.200041	0.265882
0.200041	0.294609
0.200041	0.254090
0.200041	0.245404
0.200041	0.268589
0.200041	0.272910
0.241724	0.127324
0.241724	0.264478
0.241724	0.233796
0.241724	0.271756
0.327487	0.120712
0.327487	0.123148
0.327487	0.122803
0.327487	0.121967
0.327487	0.114680
0.327487	0.128200
0.327487	0.484493
0.327487	0.141920
0.366502	0.116734
0.366502	0.115018
0.366502	0.120231
0.366502	0.421420
0.366502	0.107047
0.227527	0.120936
0.227527	0.121913
0.227527	0.123680
0.227527	0.120434
0.227527	0.128760
0.227527	0.480666
0.227527	0.207973
0.227527	0.192877
0.227527	0.202396
0.116081	0.107856
0.116081	0.104369
0.116081	0.107516
0.116081	0.113866
0.116081	0.256122
0.129815	0.104330
0.129815	0.108653
0.129815	0.105793
0.129815	0.123051
0.129815	0.088564
0.134946	0.133846
0.134946	0.128255
0.134946	0.130454
0.134946	0.121146
0.134946	0.120998
0.134946	0.136380
0.134946	0.278704
0.111898	0.120128
0.111898	0.119145
0.111898	0.120186
0.111898	0.120500
0.111898	0.104994
0.111898	0.129038
0.090124	0.188115
0.090124	0.185893
0.090124	0.189849
0.090124	0.183745
0.090124	0.183594
0.090124	0.196954
0.090124	0.194986
0.090124	0.181378
0.090124	0.182752
0.090124	0.176756
0.090124	0.189472
0.090124	0.188625
0.148408	0.232093
0.148408	0.230634
0.148408	0.242554
0.148408	0.232460
0.148408	0.223685
0.148408	0.238490
0.148408	0.201544
0.148408	0.197212
0.476047	0.180517
0.476047	0.191334
0.476047	0.188705
0.476047	0.166846
0.476047	0.162060
0.476047	0.174047
0.476047	0.177584
0.476047	0.175869
0.476047	0.230770
0.126515	0.198167
0.126515	0.186285
0.126515	0.198790
0.126515	0.343717
0.126515	0.305632
0.126515	0.190566
0.126515	0.192460
0.126515	0.375078
0.351927	0.403308
0.351927	0.691817
0.351927	0.412990
0.351927	0.742531
0.351927	0.717600
0.351927	0.417090
0.351927	0.731444
0.211140	0.354022
0.211140	0.360827
0.211140	0.360295
0.211140	0.679056
0.211140	0.338863
0.211140	0.358205
0.211140	0.352781
0.211140	0.381191
0.211140	0.354124
0.211140	0.358650
0.433178	0.283123
0.433178	0.244693
0.433178	0.273987
0.433178	0.255854
0.433178	0.250549
0.433178	0.252514
0.433178	0.329375
0.394851	0.280183
0.394851	0.289667
0.394851	0.296184
0.394851	0.283972
0.394851	0.258664
0.394851	0.298837
0.394851	0.695745
0.394851	0.729432
0.080746	0.411660
0.080746	0.413742
0.080746	0.419267
0.080746	0.522182
0.080746	0.392161
0.080746	0.434077
0.080746	0.393437
0.080746	0.472702
0.080746	0.402405
0.080746	0.497593
0.080746	0.417865
0.080746	0.418193
0.116555	0.252728
0.116555	0.333444
0.116555	0.253744
0.116555	0.253530
0.116555	0.241694
0.116555	0.395301
0.116555	0.335373
0.149242	0.292705
0.149242	0.149983
0.149242	0.154417
0.149242	0.339923
0.149242	0.306322
0.149242	0.148302
0.149242	0.308307
0.149242	0.256979
0.149242	0.333491
0.136684	0.121375
0.136684	0.127488
0.136684	0.125686
0.136684	0.136612
0.136684	0.121724
0.063432	0.132737
0.063432	0.193618
0.063432	0.133047
0.063432	0.211149
0.063432	0.207304
0.063432	0.192394
0.087949	0.112146
0.087949	0.161203
0.087949	0.110962
0.087949	0.116150
0.087949	0.179527
0.087949	0.126706
0.066375	0.177405
0.066375	0.103558
0.066375	0.104074
0.066375	0.184661
0.066375	0.192689
0.066375	0.190321
0.066375	0.100325
0.066375	0.113242
0.066375	0.096628
0.119330	0.109430
0.119330	0.081695
0.119330	0.103359
0.119330	0.108751
0.119330	0.080288
0.119330	0.098913
0.119330	0.101887
0.119330	0.071669
0.119330	0.091413
0.119330	0.093040
0.119330	0.082192
0.119330	0.081775
0.156911	0.099619
0.156911	0.100597
0.156911	0.094556
0.156911	0.101536
0.156911	0.167896
0.156911	0.132533
0.156911	0.222962
0.156911	0.157145
0.089589	0.170857
0.089589	0.093689
0.089589	0.097380
0.089589	0.147680
0.089589	0.166410
0.089589	0.103032
0.089589	0.072921
0.089589	0.140656
0.089589	0.107378
0.089589	0.148850
0.089589	0.106272
0.089589	0.185237
0.073731	0.083483
0.073731	0.116581
0.073731	0.085131
0.073731	0.082845
0.073731	0.116459
0.073731	0.113391
0.073731	0.117054
0.073731	0.130515
0.069499	0.126897
0.069499	0.078460
0.069499	0.076516
0.069499	0.076118
0.069499	0.120396
0.069499	0.080236
0.069499	0.131200
0.069499	0.104837
0.069499	0.121825
0.196454	0.117085
0.196454	0.089544
0.196454	0.081819
0.196454	0.076523
0.196454	0.154379
0.159264	0.078570
0.159264	0.079225
0.159264	0.079057
0.159264	0.076571
0.159264	0.080516
0.159264	0.131436
0.159264	0.152505
0.159264	0.138744
0.159264	0.140617
0.065753	0.040828
0.065753	0.043292
0.065753	0.044986
0.065753	0.039988
0.065753	0.034083
0.138149	0.089690
0.138149	0.086701
0.138149	0.088781
0.138149	0.088145
0.138149	0.140131
0.138149	0.083967
0.138149	0.085979
0.138149	0.122427
0.138149	0.113625
0.290834	0.086905
0.290834	0.093757
0.290834	0.088613
0.290834	0.087853
0.290834	0.091409
0.290834	0.135410
0.290834	0.141703
0.290834	0.132358
0.290834	0.137453
0.089626	0.040285
0.089626	0.040833
0.089626	0.045681
0.089626	0.040965
0.089626	0.040972
0.089626	0.040257
0.089626	0.043639
0.089626	0.104790
0.113380	0.032983
0.113380	0.035497
0.113380	0.037607
0.113380	0.030661
0.113380	0.037574
0.113380	0.031638
0.113380	0.036682
0.113380	0.042860
0.096102	0.063018
0.096102	0.099850
0.096102	0.099597
0.096102	0.100205
0.096102	0.121863
0.172223	0.086548
0.172223	0.139588
0.172223	0.088319
0.172223	0.155319
0.172223	0.126745
0.172223	0.142660
0.172223	0.135732
0.172223	0.140811
0.172223	0.160085
0.098066	0.053535
0.098066	0.101888
0.098066	0.103026
0.098066	0.100194
0.098066	0.045611
0.070858	0.064011
0.070858	0.117989
0.070858	0.075414
0.070858	0.122031
0.145052	0.047574
0.145052	0.050402
0.145052	0.052739
0.145052	0.144338
0.145052	0.046234
0.145052	0.044247
0.145052	0.045045
0.145052	0.153312
0.070279	0.082279
0.070279	0.118367
0.070279	0.079821
0.070279	0.127776
0.070279	0.119286
0.070279	0.128961
0.070279	0.128091
0.218227	0.076226
0.218227	0.075635
0.218227	0.075837
0.218227	0.197937
0.218227	0.145111
0.218227	0.130945
0.218227	0.160305
0.218227	0.130277
0.297824	0.041980
0.297824	0.046410
0.297824	0.046512
0.297824	0.043407
0.297824	0.040377
0.297824	0.040073
0.297824	0.056798
0.297824	0.061651
0.257147	0.115231
0.257147	0.062860
0.257147	0.070347
0.257147	0.126655
0.257147	0.104799
0.257147	0.101371
0.257147	0.124491
0.150535	0.067839
0.150535	0.123888
0.150535	0.094750
0.150535	0.074585
0.150535	0.057675
0.150535	0.082741
0.150535	0.067993
0.150535	0.063365
0.150535	0.070703
0.150535	0.063453
0.150535	0.085491
0.155241	0.092156
0.155241	0.086041
0.155241	0.089019
0.155241	0.098166
0.155241	0.173939
0.155241	0.089543
0.155241	0.122196
0.155241	0.149491
0.155241	0.152218
0.202720	0.050602
0.202720	0.051987
0.202720	0.057736
0.202720	0.050499
0.202720	0.054425
0.202720	0.054031
0.202720	0.036976
0.202720	0.054549
0.160347	0.096484
0.160347	0.097031
0.160347	0.108203
0.160347	0.102071
0.160347	0.089555
0.160347	0.117243
0.160347	0.075718
0.160347	0.074937
0.212998	0.106101
0.212998	0.103568
0.212998	0.105376
0.212998	0.103806
0.212998	0.101001
0.108916	0.133473
0.108916	0.133432
0.108916	0.135093
0.108916	0.140132
0.108916	0.136985
0.108916	0.137001
0.108916	0.141499
0.327952	0.140112
0.327952	0.143485
0.327952	0.144898
0.327952	0.474429
0.327952	0.149376
0.327952	0.144980
0.327952	0.535786
0.327952	0.516211
0.323306	0.155867
0.323306	0.540432
0.323306	0.154289
0.323306	0.145907
0.323306	0.522580
0.323306	0.159981
0.323306	0.153979
0.323306	0.630811
0.323306	0.174821
0.323306	0.625138
0.360654	0.441559
0.360654	0.146135
0.360654	0.140342
0.360654	0.445667
0.360654	0.580495
0.384276	0.159214
0.384276	0.163196
0.384276	0.168500
0.384276	0.155763
0.384276	0.165887
0.384276	0.174962
0.384276	0.580660
0.384276	0.173904
0.384276	0.205042
0.384276	0.178385
0.384276	0.158846
0.384276	0.562307
0.384276	0.161751
0.384276	0.551752
0.174548	0.110745
0.174548	0.116767
0.174548	0.116317
0.174548	0.102278
0.174548	0.109756
0.174548	0.120612
0.174548	0.113539
0.180515	0.117944
0.180515	0.119213
0.180515	0.123540
0.180515	0.221249
0.180515	0.228772
0.180515	0.120334
0.180515	0.227342
0.180515	0.194250
0.180515	0.244707
0.265000	0.110049
0.265000	0.187293
0.265000	0.112594
0.265000	0.225749
0.265000	0.174103
0.265000	0.190253
0.265000	0.181283
0.265000	0.196739
0.265000	0.206576
0.141992	0.082617
0.141992	0.082919
0.141992	0.094770
0.141992	0.079606
0.141992	0.089033
0.141992	0.070850
0.305266	0.077515
0.305266	0.087231
0.305266	0.082319
0.305266	0.075558
0.305266	0.059462
0.230716	0.101524
0.230716	0.103127
0.230716	0.100303
0.230716	0.098051
0.230716	0.174472
0.230716	0.141905
0.230716	0.075319
0.211897	0.069800
0.211897	0.084978
0.211897	0.083329
0.211897	0.085960
0.211897	0.109673
0.211897	0.149250
0.211897	0.057489
0.211897	0.207259
0.137855	0.042025
0.137855	0.045856
0.137855	0.044908
0.137855	0.039611
0.137855	0.042093
0.137855	0.057161
0.137855	0.029141
0.137855	0.041018
0.179333	0.042853
0.179333	0.049804
0.179333	0.047201
0.179333	0.041909
0.179333	0.048863
0.179333	0.048190
0.179333	0.036124
0.179333	0.138584
0.245285	0.079069
0.245285	0.083780
0.245285	0.153479
0.245285	0.143641
0.245285	0.137804
0.245285	0.139793
0.245285	0.124063
0.245285	0.151460
0.245285	0.127042
0.122938	0.044107
0.122938	0.133746
0.122938	0.047629
0.122938	0.059274
0.122938	0.039978
0.122938	0.166923
0.123705	0.035764
0.123705	0.039752
0.123705	0.042616
0.123705	0.035129
0.123705	0.038946
0.123705	0.044744
0.123705	0.041193
0.123705	0.041949
0.123705	0.039502
0.123705	0.045569
0.123705	0.042506
0.123705	0.039364
0.123705	0.035867
0.123705	0.033892
0.098002	0.063995
0.098002	0.067662
0.098002	0.131554
0.098002	0.125617
0.098002	0.124992
0.098002	0.075709
0.098002	0.065081
0.098002	0.134197
0.041946	0.055456
0.041946	0.141757
0.041946	0.061886
0.041946	0.141410
0.041946	0.136712
0.084052	0.039964
0.084052	0.042429
0.084052	0.045286
0.084052	0.053412
0.084052	0.040097
0.084052	0.041396
0.084052	0.050207
0.084052	0.044515
0.139374	0.074176
0.139374	0.106776
0.139374	0.064062
0.139374	0.117464
0.139374	0.116412
0.139374	0.112484
0.068337	0.041515
0.068337	0.052597
0.068337	0.049227
0.068337	0.040406
0.068337	0.038033
0.068337	0.110962
0.068337	0.040704
0.134336	0.033358
0.134336	0.031583
0.134336	0.038629
0.134336	0.104345
0.134336	0.029998
0.134336	0.030548
0.134336	0.027436
0.053477	0.076520
0.053477	0.077450
0.053477	0.077075
0.053477	0.076068
0.053477	0.147141
0.053477	0.141527
0.053477	0.132501
0.053477	0.140146
0.053477	0.147142
0.107159	0.037562
0.107159	0.038066
0.107159	0.040447
0.107159	0.051266
0.107159	0.036647
0.107159	0.030355
0.107159	0.027440
0.116806	0.096343
0.116806	0.100712
0.116806	0.100832
0.116806	0.089296
0.116806	0.142486
0.116806	0.163857
0.116806	0.170523
0.143338	0.161183
0.143338	0.101838
0.143338	0.111219
0.143338	0.166790
0.143338	0.167183
0.143338	0.103936
0.143338	0.086429
0.143338	0.158054
0.183714	0.121255
0.183714	0.188882
0.183714	0.124379
0.183714	0.120554
0.183714	0.187683
0.183714	0.194540
0.183714	0.124311
0.183714	0.202396
0.183714	0.219684
0.218597	0.214196
0.218597	0.136886
0.218597	0.142159
0.218597	0.224348
0.218597	0.234621
0.218597	0.140963
0.218597	0.142597
0.218597	0.232911
0.218597	0.134025
0.218597	0.217973
0.169738	0.163980
0.169738	0.425804
0.169738	0.170126
0.169738	0.159144
0.169738	0.163486
0.169738	0.158762
0.169738	0.146235
0.169738	0.346967
0.277999	0.194429
0.277999	0.174320
0.277999	0.182838
0.277999	0.172520
0.277999	0.494419
0.277999	0.497614
0.277999	0.458932
0.277999	0.508642
0.277999	0.533691
0.286263	0.242900
0.286263	0.234488
0.286263	0.242815
0.286263	0.223088
0.286263	0.647632
0.286263	0.665538
0.314091	0.673040
0.314091	0.670540
0.314091	0.667172
0.314091	0.310564
0.111229	0.507589
0.111229	0.496400
0.111229	0.197216
0.111229	0.194223
0.111229	0.555843
0.164233	0.158025
0.164233	0.159068
0.164233	0.164527
0.164233	0.153891
0.164233	0.158350
0.164233	0.164178
0.164233	0.143627
0.164233	0.156847
0.150584	0.249122
0.150584	0.246593
0.150584	0.258362
0.150584	0.244125
0.150584	0.494538
0.150584	0.267907
0.150584	0.513861
0.150584	0.247009
0.150584	0.560057
0.150584	0.273751
0.150584	0.267993
0.150584	0.571289
0.177746	0.258365
0.177746	0.266102
0.177746	0.266514
0.177746	0.257416
0.177746	0.499135
0.177746	0.486323
0.106939	0.154083
0.106939	0.150962
0.106939	0.152931
0.106939	0.394733
0.106939	0.410034
0.171721	0.141089
0.171721	0.138263
0.171721	0.142669
0.171721	0.135944
0.171721	0.133300
0.171721	0.140816
0.171721	0.153162
0.171721	0.144011
0.171721	0.345651
0.171721	0.336007
0.196413	0.139529
0.196413	0.140695
0.196413	0.143434
0.196413	0.146269
0.196413	0.140053
0.196413	0.147541
0.196413	0.142600
0.120214	0.134309
0.120214	0.139393
0.120214	0.314866
0.120214	0.360129
0.120214	0.350627
0.120214	0.338843
0.120214	0.150935
0.120214	0.374830
0.162188	0.153218
0.162188	0.340520
0.162188	0.330375
0.162188	0.350684
0.162188	0.331589
0.162188	0.343200
0.162188	0.337707
0.162188	0.351409
0.162188	0.340258
0.287017	0.116067
0.287017	0.113802
0.287017	0.122118
0.287017	0.125372
0.173368	0.114591
0.173368	0.242445
0.173368	0.261591
0.173368	0.271705
0.173368	0.238938
0.170213	0.202503
0.170213	0.235664
0.170213	0.135964
0.170213	0.130920
0.170213	0.126650
0.170213	0.134816
0.170213	0.129420
0.170213	0.123475
0.170213	0.139719
0.170213	0.128549
0.170213	0.132303
0.170213	0.132751
0.279729	0.090829
0.279729	0.086052
0.279729	0.086796
0.279729	0.085763
0.279729	0.084210
0.279729	0.150219
0.279729	0.126564
0.279729	0.143204
0.279729	0.139782
0.181541	0.046105
0.181541	0.046149
0.181541	0.044177
0.181541	0.043287
0.181541	0.044653
0.181541	0.033853
0.181541	0.030088
0.147691	0.057428
0.147691	0.047505
0.147691	0.053009
0.147691	0.059800
0.147691	0.061741
0.147691	0.057777
0.147691	0.039674
0.193572	0.058688
0.193572	0.060794
0.193572	0.070694
0.193572	0.076803
0.193572	0.083914
0.193572	0.052789
0.193572	0.053872
0.193572	0.046980
0.090444	0.105659
0.090444	0.107718
0.090444	0.107633
0.090444	0.102766
0.090444	0.104361
0.277346	0.156649
0.277346	0.147131
0.277346	0.152996
0.277346	0.527435
0.277346	0.524781
0.277346	0.558806
0.277346	0.142764
0.204063	0.252084
0.204063	0.639883
0.204063	0.262644
0.204063	0.243178
0.263337	0.717106
0.263337	0.303159
0.263337	0.311395
0.263337	0.693335
0.263337	0.735948
0.263337	0.302315
0.263337	0.290041
0.263337	0.322710
0.119301	0.308119
0.119301	0.302439
0.119301	0.294370
0.119301	0.280388
0.119301	0.283196
0.119301	0.280809
0.119301	0.276282
0.207495	0.271227
0.207495	0.266753
0.207495	0.279248
0.207495	0.272852
0.207495	0.300556
0.207495	0.280228
0.242880	0.265939
0.242880	0.279526
0.242880	0.276487
0.242880	0.445521
0.242880	0.394119
0.242880	0.333338
0.242880	0.329017
0.427367	0.220315
0.427367	0.237274
0.427367	0.237537
0.427367	0.253419
0.427367	0.210577
0.427367	0.240728
0.427367	0.222770
0.427367	0.235575
0.427367	0.302800
0.427367	0.305043
0.427367	0.289144
0.157585	0.171464
0.157585	0.169865
0.157585	0.180863
0.157585	0.175501
0.267055	0.181290
0.267055	0.184010
0.267055	0.181618
0.267055	0.177916
0.267055	0.198652
0.267055	0.184204
0.267055	0.193525
0.267055	0.232097
0.172237	0.156289
0.172237	0.174478
0.172237	0.157569
0.172237	0.147957
0.172237	0.153210
0.172237	0.155783
0.172237	0.173889
0.172237	0.146276
0.185978	0.328382
0.185978	0.313344
0.185978	0.319051
0.185978	0.285885
0.185978	0.297933
0.185978	0.312798
0.185978	0.285966
0.185978	0.282609
0.303255	0.158868
0.303255	0.160032
0.303255	0.163534
0.303255	0.154170
0.303255	0.145800
0.303255	0.159128
0.303255	0.159529
0.303255	0.158829
0.227136	0.316108
0.227136	0.331592
0.227136	0.335808
0.227136	0.314934
0.227136	0.310930
0.227136	0.333726
0.227136	0.296693
0.227136	0.284370
0.094454	0.346717
0.094454	0.358688
0.094454	0.365304
0.094454	0.351967
0.094454	0.347247
0.094454	0.358867
0.094454	0.323733
0.094454	0.297119
0.160593	0.224701
0.160593	0.231288
0.160593	0.243874
0.160593	0.213368
0.160593	0.227259
0.160593	0.239808
0.160593	0.201608
0.160593	0.196210
0.346944	0.198858
0.346944	0.200531
0.346944	0.207850
0.346944	0.216721
0.346944	0.188109
0.346944	0.228137
0.232203	0.425751
0.232203	0.483327
0.232203	0.440699
0.232203	0.454334
0.232203	0.412744
0.232203	0.451415
0.232203	0.410374
0.232203	0.446696
0.232203	0.624590
0.232203	0.456228
0.232203	0.480884
0.232203	0.736515
0.232203	0.454812
0.232203	0.485532
0.137705	0.293916
0.137705	0.297764
0.137705	0.317598
0.137705	0.282610
0.137705	0.273437
0.137705	0.323084
0.137705	0.285353
0.137705	0.314820
0.137705	0.322743
0.137705	0.323729
0.137705	0.290353
0.137705	0.291202
0.137705	0.298703
0.137705	0.288011
0.159740	0.175643
0.159740	0.179911
0.159740	0.185065
0.159740	0.177975
0.159740	0.175947
0.159740	0.188408
0.159740	0.173045
0.159740	0.192940
0.159740	0.174047
0.159740	0.187842
0.159740	0.182045
0.159740	0.181406
0.332626	0.131327
0.332626	0.130082
0.332626	0.136458
0.332626	0.155922
0.332626	0.129629
0.332626	0.351751
0.332626	0.404921
0.332626	0.143477
0.332626	0.337906
0.332626	0.406354
0.332626	0.140324
0.378038	0.135205
0.378038	0.340250
0.378038	0.133891
0.378038	0.132113
0.304685	0.338356
0.304685	0.132505
0.304685	0.138343
0.304685	0.132446
0.304685	0.350643
0.304685	0.324735
0.304685	0.362139
0.304685	0.338019
0.470458	0.284936
0.470458	0.282817
0.470458	0.290780
0.470458	0.273906
0.470458	0.300895
0.470458	0.469349
0.470458	0.568801
0.170730	0.227563
0.170730	0.221923
0.170730	0.233238
0.170730	0.221378
0.170730	0.215755
0.170730	0.239391
0.170730	0.223450
0.170730	0.234091
0.170730	0.249440
0.170730	0.237202
0.170730	0.224481
0.170730	0.559775
0.170730	0.240843
0.170730	0.242128
0.133871	0.123295
0.133871	0.115439
0.133871	0.119372
0.133871	0.113670
0.133871	0.113622
0.133871	0.113006
0.133871	0.112333
0.243493	0.131852
0.243493	0.132731
0.243493	0.132254
0.243493	0.332535
0.243493	0.129586
0.243493	0.334512
0.243493	0.277681
0.243493	0.249137
0.243493	0.228690
0.322988	0.131495
0.322988	0.358290
0.322988	0.136913
0.322988	0.154907
0.322988	0.154128
0.322988	0.321810
0.322988	0.346288
0.322988	0.136591
0.322988	0.321639
0.322988	0.312368
0.322988	0.360430
0.265834	0.118931
0.265834	0.119854
0.265834	0.123257
0.265834	0.125495
0.265834	0.114123
0.265834	0.118469
0.265834	0.110632
0.265834	0.123532
0.265834	0.123561
0.265834	0.123063
0.265834	0.396670
0.221700	0.114861
0.221700	0.122048
0.221700	0.123624
0.221700	0.108881
0.221700	0.109999
0.221700	0.127384
0.221700	0.115219
0.221700	0.120150
0.221700	0.120131
0.221700	0.135584
0.221700	0.136062
0.292930	0.107292
0.292930	0.114218
0.292930	0.112790
0.292930	0.106791
0.292930	0.213245
0.292930	0.229383
0.292930	0.198139
0.292930	0.223685
0.292930	0.174870
0.292930	0.204834
0.292930	0.215180
0.273690	0.126117
0.273690	0.133433
0.273690	0.131864
0.273690	0.124546
0.273690	0.141344
0.273690	0.135568
0.273690	0.137276
0.273690	0.133447
0.273690	0.136687
0.273690	0.135854
0.273690	0.125535
0.273690	0.127399
0.273690	0.129800
0.273690	0.130625
0.249874	0.110432
0.249874	0.104408
0.249874	0.111111
0.249874	0.251376
0.249874	0.290998
0.298208	0.122762
0.298208	0.230438
0.298208	0.120114
0.298208	0.251594
0.298208	0.251510
0.298208	0.125956
0.298208	0.120067
0.298208	0.257859
0.218348	0.119540
0.218348	0.200485
0.218348	0.124688
0.218348	0.119706
0.218348	0.193476
0.218348	0.130691
0.218348	0.314256
0.203901	0.258192
0.203901	0.120415
0.203901	0.112338
0.203901	0.116360
0.203901	0.253734
0.290735	0.107725
0.290735	0.111664
0.290735	0.110768
0.290735	0.105153
0.290735	0.116079
0.290735	0.226458
0.290735	0.111503
0.290735	0.238486
0.290735	0.222987
0.237169	0.138040
0.237169	0.145639
0.237169	0.135857
0.237169	0.132532
0.237169	0.132803
0.237169	0.139504
0.237169	0.144892
0.237169	0.136131
0.237169	0.136473
0.237169	0.254121
0.237169	0.135443
0.237169	0.231827
0.332551	0.129643
0.332551	0.135122
0.332551	0.132613
0.332551	0.131363
0.332551	0.312539
0.332551	0.230454
0.332551	0.284673
0.332551	0.244351
0.332551	0.251846
0.332551	0.253233
0.099031	0.121944
0.099031	0.124804
0.099031	0.124109
0.099031	0.121190
0.099031	0.130999
0.099031	0.343426
0.099031	0.230653
0.099031	0.310687
0.099031	0.251601
0.159151	0.127409
0.159151	0.134291
0.159151	0.133052
0.159151	0.125800
0.159151	0.135489
0.159151	0.140929
0.159151	0.143763
0.174252	0.123012
0.174252	0.125617
0.174252	0.126544
0.174252	0.124435
0.174252	0.314162
0.174252	0.265702
0.174252	0.127157
0.174252	0.351576
0.174252	0.124959
0.221684	0.135467
0.221684	0.150192
0.221684	0.139136
0.221684	0.137322
0.221684	0.158061
0.221684	0.347757
0.221684	0.355022
0.221684	0.289909
0.221684	0.285211
0.100034	0.137660
0.100034	0.141398
0.100034	0.144896
0.100034	0.140201
0.100034	0.140834
0.100034	0.145813
0.100034	0.296791
0.100034	0.383143
0.123313	0.141245
0.123313	0.144106
0.123313	0.145963
0.123313	0.144002
0.123313	0.143986
0.123313	0.141137
0.123313	0.141626
0.123313	0.144287
0.255863	0.137821
0.255863	0.145163
0.255863	0.140346
0.255863	0.142052
0.255863	0.353456
0.255863	0.334161
0.255863	0.386855
0.255863	0.345279
0.399358	0.150260
0.399358	0.151036
0.399358	0.156472
0.399358	0.371998
0.399358	0.339117
0.399358	0.324120
0.399358	0.304680
0.399358	0.340627
0.399358	0.340788
0.104357	0.136436
0.104357	0.140357
0.104357	0.141050
0.104357	0.145914
0.104357	0.128644
0.421870	0.151633
0.421870	0.164120
0.421870	0.157161
0.421870	0.158661
0.421870	0.154816
0.421870	0.161718
0.421870	0.155812
0.421870	0.504012
0.682210	0.159586
0.682210	0.165396
0.682210	0.164317
0.682210	0.358714
0.682210	0.356057
0.682210	0.190261
0.682210	0.325496
0.682210	0.373863
0.682210	0.325908
0.555311	0.161530
0.555311	0.161594
0.555311	0.158359
0.555311	0.168925
0.555311	0.356817
0.555311	0.322363
0.555311	0.340313
0.555311	0.419602
0.316141	0.173619
0.316141	0.168039
0.316141	0.171015
0.316141	0.365894
0.316141	0.386877
0.316141	0.385708
0.316141	0.358010
0.228537	0.174669
0.228537	0.397874
0.228537	0.392618
0.228537	0.411682
0.228537	0.399638
0.308705	0.359696
0.308705	0.405532
0.308705	0.171576
0.308705	0.173087
0.141816	0.165225
0.141816	0.161889
0.141816	0.162568
0.141816	0.158124
0.141816	0.356754
0.141816	0.166106
0.329369	0.174527
0.329369	0.164212
0.329369	0.168014
0.329369	0.161967
0.329369	0.417129
0.329369	0.178552
0.329369	0.388975
0.329369	0.335660
0.329369	0.388708
0.209961	0.197813
0.209961	0.208004
0.209961	0.198764
0.209961	0.192411
0.209961	0.349016
0.209961	0.379177
0.209961	0.445588
0.199988	0.124976
0.199988	0.128405
0.199988	0.127159
0.199988	0.124600
0.199988	0.360490
0.221960	0.222253
0.221960	0.226847
0.221960	0.229958
0.221960	0.219459
0.221960	0.214749
0.221960	0.235068
0.221960	0.222933
0.221960	0.226054
0.221960	0.233452
0.221960	0.232625
0.221960	0.217384
0.221960	0.227086
0.221960	0.493252
0.221960	0.246275
0.382770	0.129687
0.382770	0.129861
0.382770	0.132848
0.382770	0.130429
0.382770	0.371430
0.382770	0.339061
0.382770	0.129158
0.382770	0.148987
0.382770	0.147322
0.186234	0.130603
0.186234	0.136940
0.186234	0.132699
0.186234	0.134266
0.186234	0.279554
0.186234	0.317072
0.186234	0.278267
0.186234	0.211500
0.186234	0.252265
0.134771	0.106199
0.134771	0.108454
0.134771	0.109782
0.134771	0.105998
0.134771	0.117865
0.198319	0.122877
0.198319	0.126327
0.198319	0.124629
0.198319	0.122687
0.198319	0.123695
0.198319	0.120797
0.198319	0.130627
0.198319	0.136152
0.157432	0.106081
0.157432	0.111142
0.157432	0.111376
0.157432	0.108370
0.157432	0.231599
0.157432	0.109285
0.157432	0.122185
0.157432	0.284069
0.119986	0.112428
0.119986	0.120819
0.119986	0.116047
0.119986	0.107403
0.119986	0.111552
0.119986	0.221589
0.119986	0.121827
0.119986	0.167367
0.121977	0.071710
0.121977	0.100862
0.121977	0.084352
0.121977	0.074325
0.121977	0.087798
0.121977	0.103580
0.121977	0.080697
0.121977	0.079709
0.062085	0.067694
0.062085	0.069908
0.062085	0.070150
0.062085	0.065661
0.062085	0.071383
0.203188	0.086767
0.203188	0.088086
0.203188	0.089233
0.203188	0.091559
0.203188	0.152498
0.203188	0.146608
0.203188	0.117601
0.203188	0.139997
0.203188	0.130585
0.368474	0.077517
0.368474	0.080443
0.368474	0.081352
0.368474	0.079878
0.368474	0.085589
0.368474	0.080821
0.368474	0.078116
0.368474	0.092123
0.368474	0.169650
0.098339	0.039168
0.098339	0.043578
0.098339	0.043860
0.098339	0.044660
0.098339	0.040046
0.098339	0.035035
0.098339	0.032210
0.192210	0.066942
0.192210	0.059302
0.192210	0.064449
0.192210	0.064754
0.192210	0.055828
0.192210	0.096529
0.192210	0.063673
0.159261	0.069197
0.159261	0.062536
0.159261	0.069288
0.159261	0.068208
0.159261	0.062111
0.159261	0.072062
0.159261	0.051654
0.159261	0.070721
0.086941	0.087251
0.086941	0.088168
0.086941	0.088807
0.086941	0.083523
0.086941	0.081212
0.086941	0.100772
0.086941	0.094096
0.086941	0.078004
0.086941	0.098165
0.086941	0.091392
0.086941	0.091513
0.086941	0.112897
0.085993	0.097973
0.085993	0.075751
0.085993	0.086345
0.085993	0.084560
0.085993	0.069406
0.085993	0.071666
0.085993	0.088019
0.083384	0.054624
0.083384	0.062694
0.083384	0.060690
0.083384	0.051982
0.083384	0.057867
0.083384	0.074262
0.083384	0.066081
0.083384	0.051189
0.124851	0.099615
0.124851	0.100852
0.124851	0.111451
0.124851	0.093953
0.124851	0.099168
0.124851	0.110717
0.124851	0.092643
0.124851	0.083175
0.250595	0.128526
0.250595	0.127634
0.250595	0.134273
0.250595	0.128125
0.250595	0.126949
0.250595	0.132081
0.250595	0.131114
0.250595	0.139542
0.250595	0.124868
0.250595	0.131835
0.263525	0.130108
0.263525	0.129042
0.263525	0.134793
0.263525	0.128008
0.263525	0.151426
0.263525	0.132471
0.263525	0.619191
0.263525	0.142416
0.263525	0.143533
0.263525	0.483743
0.263525	0.147316
0.482503	0.134284
0.482503	0.133744
0.482503	0.142025
0.482503	0.145598
0.482503	0.128171
0.482503	0.131692
0.482503	0.148381
0.482503	0.441072
0.482503	0.447966
0.217791	0.174395
0.217791	0.175984
0.217791	0.180527
0.217791	0.176457
0.217791	0.184061
0.217791	0.182258
0.217791	0.676154
0.217791	0.183338
0.247542	0.129815
0.247542	0.119455
0.247542	0.126132
0.247542	0.122476
0.247542	0.137760
0.247542	0.121685
0.247542	0.135056
0.077997	0.132498
0.077997	0.132211
0.077997	0.134237
0.077997	0.128969
0.077997	0.125480
0.077997	0.159434
0.077997	0.124710
0.074911	0.120493
0.074911	0.120061
0.074911	0.125126
0.074911	0.121328
0.074911	0.114687
0.073480	0.140399
0.073480	0.140880
0.073480	0.145306
0.073480	0.138050
0.073480	0.136960
0.073480	0.147654
0.073480	0.148848
0.073480	0.143143
0.073480	0.145886
0.073480	0.146494
0.073480	0.135366
0.073480	0.150700
0.073480	0.136865
0.073480	0.134459
0.081450	0.126368
0.081450	0.126820
0.081450	0.127709
0.081450	0.125858
0.081450	0.127178
0.081450	0.129654
0.081450	0.122184
0.081450	0.230872
0.177093	0.144582
0.177093	0.143919
0.177093	0.142204
0.177093	0.204070
0.177093	0.189535
0.177093	0.230774
0.177093	0.219897
0.153727	0.150876
0.153727	0.238911
0.153727	0.153458
0.153727	0.232862
0.153727	0.243184
0.153727	0.242719
0.153727	0.255508
0.153727	0.250156
0.153727	0.251152
0.270479	0.120185
0.270479	0.124691
0.270479	0.125220
0.270479	0.120130
0.270479	0.120150
0.270479	0.134266
0.270479	0.125593
0.270479	0.142137
0.270479	0.144228
0.153198	0.103682
0.153198	0.103084
0.153198	0.111895
0.153198	0.230965
0.153198	0.110069
0.153198	0.104712
0.153198	0.103024
0.153198	0.097377
0.184213	0.119677
0.184213	0.221126
0.184213	0.122308
0.184213	0.117538
0.184213	0.136856
0.184213	0.164448
0.184213	0.165455
0.149388	0.220893
0.149388	0.219839
0.149388	0.128660
0.149388	0.147715
0.149388	0.215400
0.149388	0.172922
0.149388	0.180745
0.149388	0.193715
0.125572	0.133259
0.125572	0.119025
0.125572	0.124790
0.125572	0.235156
0.125572	0.126302
0.125572	0.130650
0.125572	0.124930
0.125572	0.116012
0.125572	0.128819
0.125572	0.119866
0.125572	0.132378
0.236392	0.140469
0.236392	0.132404
0.236392	0.133799
0.236392	0.141607
0.236392	0.138598
0.236392	0.207676
0.236392	0.173742
0.236392	0.223965
0.236392	0.201517
0.106413	0.145320
0.106413	0.142129
0.106413	0.140823
0.106413	0.156471
0.106413	0.135737
0.106413	0.132959
0.106413	0.151210
0.144514	0.142272
0.144514	0.133584
0.144514	0.139233
0.144514	0.145932
0.144514	0.139672
0.144514	0.139114
0.144514	0.130161
0.144514	0.142925
0.241048	0.193740
0.241048	0.185082
0.241048	0.188727
0.241048	0.193681
0.241048	0.239936
0.241048	0.245036
0.241048	0.186547
0.169544	0.196112
0.169544	0.208859
0.169544	0.205123
0.169544	0.196107
0.169544	0.196789
0.169544	0.234114
0.169544	0.212532
0.251730	0.175729
0.251730	0.174970
0.251730	0.173580
0.251730	0.188800
0.251730	0.166099
0.251730	0.192443
0.251730	0.266637
0.187288	0.142073
0.187288	0.135635
0.187288	0.125832
0.187288	0.141645
0.170650	0.106334
0.170650	0.099680
0.170650	0.106928
0.170650	0.110666
0.170650	0.107831
0.170650	0.095507
0.170650	0.102055
0.170650	0.106203
0.104745	0.091152
0.104745	0.085161
0.104745	0.096475
0.104745	0.113942
0.104745	0.093463
0.104745	0.110539
0.070191	0.072071
0.070191	0.070914
0.070191	0.087325
0.070191	0.083247
0.070191	0.097265
0.070191	0.097000
0.070191	0.101714
0.070191	0.076972
0.070191	0.079742
0.070191	0.080655
0.070191	0.085935
0.099530	0.064617
0.099530	0.072752
0.099530	0.071972
0.099530	0.119376
0.099530	0.084294
0.099530	0.072346
0.099530	0.098939
0.099530	0.075364
0.134592	0.099508
0.134592	0.186648
0.134592	0.089821
0.134592	0.140731
0.087786	0.066156
0.087786	0.065907
0.087786	0.071713
0.087786	0.084997
0.087786	0.062979
0.087786	0.053618
0.087786	0.075045
0.134472	0.086610
0.134472	0.094450
0.134472	0.090223
0.134472	0.076107
0.308076	0.113257
0.308076	0.103484
0.308076	0.108679
0.308076	0.209966
0.308076	0.239801
0.308076	0.100831
0.308076	0.099104
0.308076	0.109009
0.308076	0.187322
0.308076	0.208534
0.308076	0.207245
0.268365	0.137451
0.268365	0.185088
0.268365	0.239040
0.268365	0.149189
0.268365	0.188183
0.268365	0.201692
0.268365	0.198299
