Ground Truth	Predictions
0.182516	0.333581
0.182516	0.262323
0.182516	0.276962
0.182516	0.273478
0.182516	0.242071
0.182516	0.200765
0.182516	0.177350
0.182516	0.219893
0.182516	0.325861
0.240142	0.126883
0.240142	0.130490
0.240142	0.127073
0.240142	0.128532
0.240142	0.173598
0.240142	0.148393
0.240142	0.112370
0.240142	0.192498
0.240142	0.107299
0.240142	0.175091
0.240142	0.102666
0.073412	0.202156
0.073412	0.163259
0.073412	0.232121
0.073412	0.211943
0.073412	0.177569
0.073412	0.188832
0.073412	0.174972
0.073412	0.162614
0.073412	0.157838
0.073412	0.270503
0.073412	0.221275
0.151848	0.109914
0.151848	0.109122
0.151848	0.157913
0.151848	0.131848
0.151848	0.143041
0.151848	0.122642
0.151848	0.106491
0.151848	0.126605
0.151848	0.114090
0.146324	0.041743
0.146324	0.088985
0.146324	0.059813
0.146324	0.057597
0.146324	0.040587
0.146324	0.051903
0.146324	0.041063
0.146324	0.083417
0.146324	0.045259
0.146324	0.087026
0.146324	0.046323
0.070431	0.084354
0.070431	0.037101
0.070431	0.041045
0.070431	0.036837
0.070431	0.088536
0.070431	0.084018
0.134311	0.033005
0.134311	0.035988
0.134311	0.038766
0.134311	0.031106
0.134311	0.038027
0.134311	0.040932
0.134311	0.084732
0.134311	0.028669
0.200407	0.170303
0.200407	0.194395
0.200407	0.178898
0.200407	0.169739
0.200407	0.283092
0.200407	0.207943
0.200407	0.160181
0.200407	0.156245
0.200407	0.125182
0.266637	0.050108
0.266637	0.064567
0.266637	0.052649
0.266637	0.051302
0.266637	0.046420
0.266637	0.084434
0.266637	0.084729
0.062591	0.026677
0.062591	0.030093
0.062591	0.031819
0.062591	0.025408
0.062591	0.031102
0.062591	0.031678
0.062591	0.021363
0.062591	0.029735
0.219561	0.179277
0.219561	0.192131
0.219561	0.203858
0.219561	0.195839
0.219561	0.182728
0.219561	0.175398
0.219561	0.186249
0.219561	0.149207
0.219561	0.137679
0.219561	0.179164
0.219561	0.226151
0.192368	0.157144
0.192368	0.172840
0.192368	0.176118
0.192368	0.215164
0.192368	0.161870
0.192368	0.123178
0.192368	0.156814
0.192368	0.205402
0.069571	0.050407
0.069571	0.065255
0.069571	0.058220
0.069571	0.151980
0.069571	0.046368
0.051218	0.045791
0.051218	0.055241
0.051218	0.055302
0.051218	0.044449
0.051218	0.047202
0.051218	0.049775
0.051218	0.052273
0.115901	0.135747
0.115901	0.091060
0.115901	0.078307
0.115901	0.085360
0.115901	0.091290
0.115901	0.114277
0.176661	0.073730
0.176661	0.099982
0.176661	0.108093
0.176661	0.104728
0.157424	0.095879
0.157424	0.107343
0.157424	0.113998
0.157424	0.103925
0.157424	0.151657
0.157424	0.127967
0.157424	0.170710
0.157424	0.105964
0.157424	0.130641
0.157424	0.120659
0.157424	0.110410
0.122367	0.154207
0.122367	0.107347
0.122367	0.157361
0.122367	0.145245
0.122367	0.099307
0.161664	0.149350
0.161664	0.193494
0.161664	0.196283
0.161664	0.186787
0.161664	0.230594
0.143162	0.294610
0.143162	0.255223
0.143162	0.301044
0.143162	0.311018
0.143162	0.249523
0.143162	0.262976
0.143162	0.231758
0.143162	0.245309
0.143162	0.261282
0.075819	0.179622
0.075819	0.181297
0.075819	0.199406
0.075819	0.172892
0.075819	0.171004
0.075819	0.207697
0.075819	0.263449
0.075819	0.265361
0.132557	0.096980
0.132557	0.098950
0.132557	0.112316
0.132557	0.169297
0.132557	0.120962
0.132557	0.083811
0.132557	0.107028
0.132557	0.107996
0.245777	0.052763
0.245777	0.207143
0.245777	0.073520
0.245777	0.210565
0.245777	0.174088
0.245777	0.198379
0.245777	0.185242
0.220345	0.087693
0.220345	0.197617
0.220345	0.104323
0.220345	0.214688
0.220345	0.210193
0.220345	0.115294
0.328672	0.323869
0.328672	0.399192
0.328672	0.374741
0.328672	0.462792
0.328672	0.349340
0.328672	0.310454
0.328672	0.320671
0.328672	0.492047
0.328672	0.501121
0.652044	0.358077
0.652044	0.426917
0.652044	0.424163
0.652044	0.450501
0.652044	0.392161
0.652044	0.383388
0.652044	0.463809
0.652044	0.446954
0.652044	0.547235
0.652044	0.433640
0.220032	0.238728
0.220032	0.254229
0.220032	0.192046
0.220032	0.201904
0.356121	0.285671
0.356121	0.255157
0.356121	0.271081
0.356121	0.288704
0.356121	0.282943
0.356121	0.252871
0.356121	0.367913
0.356121	0.269863
0.356121	0.256393
0.532863	0.387814
0.532863	0.289978
0.532863	0.404527
0.532863	0.309089
0.532863	0.303463
0.532863	0.295718
0.532863	0.236986
0.532863	0.234457
0.532863	0.236360
0.532863	0.277591
0.532863	0.234104
0.317261	0.146803
0.317261	0.155305
0.317261	0.149492
0.317261	0.150017
0.317261	0.141294
0.596313	0.146227
0.596313	0.109555
0.596313	0.131454
0.596313	0.220357
0.596313	0.209945
0.596313	0.259842
0.596313	0.213640
0.653051	0.156177
0.653051	0.146929
0.653051	0.152246
0.653051	0.187375
0.653051	0.197905
0.653051	0.181506
0.653051	0.191309
0.653051	0.249454
0.293742	0.043705
0.293742	0.034520
0.293742	0.037371
0.293742	0.036851
0.293742	0.043972
0.293742	0.030778
0.293742	0.030136
0.203575	0.027651
0.203575	0.026055
0.203575	0.030831
0.203575	0.026447
0.203575	0.030895
0.203575	0.035002
0.203575	0.050212
0.114168	0.054996
0.114168	0.055959
0.114168	0.077970
0.114168	0.063515
0.114168	0.062290
0.114168	0.085652
0.114168	0.082131
0.114168	0.056638
0.114168	0.057858
0.114168	0.057114
0.114168	0.066229
0.114168	0.085940
0.165616	0.122773
0.165616	0.138159
0.165616	0.156804
0.165616	0.138392
0.165616	0.129814
0.165616	0.153386
0.165616	0.247902
0.165616	0.156316
0.165616	0.186479
0.088542	0.047319
0.088542	0.104971
0.088542	0.055288
0.088542	0.054296
0.059365	0.179988
0.059365	0.168128
0.059365	0.181345
0.059365	0.200588
0.059365	0.218053
0.059365	0.172681
0.059365	0.140536
0.059365	0.199932
0.059365	0.145858
0.144505	0.089859
0.144505	0.103558
0.144505	0.113839
0.144505	0.117448
0.144505	0.099995
0.144505	0.090146
0.144505	0.130284
0.144505	0.097990
0.200363	0.260968
0.200363	0.221819
0.200363	0.180660
0.200363	0.236744
0.200363	0.229523
0.200363	0.242531
0.200363	0.219078
0.200363	0.236213
0.200363	0.316256
0.039122	0.289387
0.039122	0.232874
0.039122	0.279131
0.039122	0.252927
0.039122	0.242437
0.039122	0.230672
0.039122	0.256558
0.039122	0.312220
0.036403	0.264212
0.036403	0.266088
0.036403	0.254168
0.036403	0.316274
0.036403	0.230840
0.036403	0.228535
0.036403	0.202516
0.036403	0.265227
0.036403	0.274924
0.087098	0.269069
0.087098	0.264135
0.087098	0.273858
0.087098	0.261268
0.087098	0.222816
0.087098	0.298596
0.087098	0.297606
0.087098	0.277119
0.087098	0.273801
0.087098	0.364132
0.087098	0.328755
0.065538	0.303439
0.065538	0.220229
0.065538	0.233247
0.065538	0.336328
0.065538	0.292258
0.065538	0.291946
0.065538	0.354682
0.065538	0.260421
0.065538	0.204516
0.065538	0.229067
0.065538	0.289568
0.061850	0.036464
0.061850	0.037319
0.061850	0.040862
0.061850	0.036667
0.061850	0.036790
0.061850	0.035690
0.061850	0.037280
0.061850	0.030106
0.106887	0.031732
0.106887	0.032779
0.106887	0.036736
0.106887	0.032801
0.106887	0.103976
0.070775	0.017641
0.070775	0.017287
0.070775	0.019762
0.070775	0.019171
0.070775	0.019936
0.070775	0.017572
0.070775	0.016018
0.206133	0.059474
0.206133	0.058286
0.206133	0.072334
0.206133	0.063029
0.206133	0.052080
0.206133	0.074034
0.206133	0.060000
0.206133	0.063282
0.206133	0.102202
0.268104	0.139479
0.268104	0.123502
0.268104	0.163477
0.268104	0.206509
0.268104	0.162131
0.268104	0.147784
0.268104	0.165543
0.268104	0.160595
0.268104	0.142798
0.268104	0.272147
0.268104	0.161436
0.201814	0.045209
0.201814	0.053215
0.201814	0.052419
0.201814	0.141372
0.201814	0.040177
0.201814	0.055555
0.201814	0.044148
0.201814	0.050590
0.201814	0.044500
0.201814	0.042851
0.201814	0.058544
0.379358	0.175764
0.379358	0.184937
0.379358	0.157653
0.379358	0.179880
0.379358	0.187672
0.379358	0.147126
0.379358	0.216402
0.379358	0.195867
0.433269	0.161649
0.433269	0.308077
0.433269	0.240557
0.433269	0.151752
0.433269	0.208326
0.433269	0.331734
0.433269	0.185521
0.433269	0.133610
0.433269	0.078251
0.433269	0.077765
0.433269	0.126985
0.580029	0.308901
0.580029	0.258184
0.580029	0.236164
0.580029	0.210978
0.580029	0.129414
0.580029	0.127403
0.580029	0.094487
0.580029	0.121573
0.580029	0.062923
0.252347	0.071582
0.252347	0.075250
0.252347	0.071054
0.252347	0.081945
0.252347	0.074530
0.252347	0.064699
0.138698	0.136345
0.138698	0.111662
0.138698	0.147806
0.138698	0.121792
0.138698	0.090248
0.138698	0.147410
0.138698	0.094836
0.138698	0.138573
0.138698	0.095401
0.138698	0.152661
0.138698	0.118799
0.138698	0.107601
0.138698	0.140438
0.138698	0.243046
0.484447	0.152693
0.484447	0.216294
0.484447	0.151828
0.484447	0.073281
0.484447	0.087809
0.484447	0.086531
0.484447	0.136628
0.099145	0.190322
0.099145	0.073651
0.099145	0.199025
0.099145	0.181391
0.099145	0.070175
0.099145	0.070392
0.099145	0.075459
0.099145	0.085344
0.101956	0.052289
0.101956	0.057061
0.101956	0.070842
0.101956	0.068166
0.101956	0.053499
0.101956	0.067137
0.042763	0.266886
0.042763	0.131814
0.042763	0.269686
0.042763	0.252667
0.042763	0.107414
0.042763	0.112372
0.042763	0.085122
0.042763	0.095786
0.042763	0.087896
0.042763	0.101592
0.042763	0.126984
0.128351	0.190963
0.128351	0.207567
0.128351	0.204024
0.128351	0.201441
0.128351	0.221149
0.128351	0.276366
0.128351	0.214338
0.128351	0.077437
0.128351	0.119328
0.170811	0.049664
0.170811	0.057474
0.170811	0.058259
0.170811	0.050014
0.170811	0.044859
0.170811	0.069240
0.170811	0.054883
0.170811	0.063956
0.170811	0.060721
0.170811	0.064619
0.170811	0.044894
0.150522	0.044171
0.150522	0.050861
0.150522	0.051225
0.150522	0.042515
0.150522	0.058586
0.150522	0.078859
0.150522	0.058566
0.150522	0.115191
0.053378	0.189568
0.053378	0.086482
0.053378	0.214513
0.053378	0.087660
0.053378	0.097265
0.053378	0.096538
0.053378	0.062955
0.053378	0.099639
0.053378	0.062785
0.112044	0.168464
0.112044	0.188029
0.112044	0.176382
0.112044	0.169399
0.112044	0.150156
0.112044	0.226695
0.112044	0.155555
0.112044	0.242308
0.112044	0.243795
0.061755	0.033381
0.061755	0.034657
0.061755	0.038014
0.061755	0.031651
0.061755	0.030033
0.253517	0.152698
0.253517	0.159362
0.253517	0.172841
0.253517	0.155709
0.253517	0.184356
0.253517	0.143908
0.253517	0.265415
0.253517	0.215639
0.253517	0.090303
0.198125	0.107373
0.198125	0.119607
0.198125	0.119629
0.198125	0.168532
0.198125	0.154347
0.053099	0.032680
0.053099	0.040209
0.053099	0.036632
0.053099	0.043276
0.053099	0.032782
0.053099	0.042250
0.053099	0.024342
0.204424	0.040831
0.204424	0.041041
0.204424	0.055364
0.204424	0.077479
0.291801	0.210025
0.291801	0.221712
0.291801	0.241379
0.291801	0.285548
0.291801	0.251406
0.291801	0.199449
0.291801	0.177990
0.291801	0.199676
0.291801	0.238376
0.094558	0.112387
0.094558	0.120062
0.094558	0.132421
0.094558	0.175448
0.094558	0.130488
0.094558	0.133099
0.094558	0.086010
0.094558	0.135520
0.226748	0.277273
0.226748	0.266409
0.226748	0.250554
0.226748	0.236067
0.226748	0.272497
0.226748	0.312996
0.226748	0.254382
0.226748	0.275052
0.226748	0.233147
0.226748	0.264712
0.226748	0.296469
0.055630	0.249198
0.055630	0.238102
0.055630	0.265534
0.055630	0.237102
0.055630	0.201130
0.055630	0.224712
0.055630	0.258321
0.055630	0.274492
0.081603	0.292224
0.081603	0.363344
0.081603	0.299880
0.081603	0.354737
0.081603	0.317948
0.081603	0.249022
0.081603	0.247658
0.081603	0.264413
0.081603	0.331919
0.081603	0.266809
0.067722	0.288401
0.067722	0.296768
0.067722	0.303760
0.067722	0.287511
0.067722	0.279145
0.067722	0.280925
0.067722	0.284386
0.067722	0.292216
0.067722	0.291948
0.067722	0.337296
0.067722	0.301551
0.076885	0.075035
0.076885	0.071732
0.076885	0.085473
0.076885	0.110759
0.076885	0.077560
0.076885	0.095718
0.076885	0.054081
0.076885	0.117356
0.064905	0.046259
0.064905	0.055215
0.064905	0.059459
0.064905	0.048000
0.064905	0.070058
0.177914	0.134672
0.177914	0.141459
0.177914	0.135852
0.177914	0.114391
0.177914	0.221683
0.177914	0.129305
0.177914	0.141291
0.177914	0.185596
0.219232	0.052365
0.219232	0.034425
0.219232	0.044053
0.219232	0.113431
0.219232	0.039475
0.219232	0.035631
0.219232	0.029545
0.219232	0.029028
0.259437	0.037988
0.259437	0.049170
0.259437	0.048718
0.259437	0.048194
0.259437	0.053450
0.259437	0.042701
0.259437	0.071753
0.259437	0.219850
0.090775	0.027595
0.090775	0.019371
0.090775	0.028221
0.090775	0.027346
0.113169	0.022261
0.113169	0.020458
0.113169	0.023641
0.113169	0.022804
0.113169	0.018849
0.113169	0.021016
0.093233	0.022766
0.093233	0.025867
0.093233	0.026255
0.093233	0.023052
0.093233	0.021421
0.093233	0.018512
0.107663	0.045824
0.107663	0.036189
0.107663	0.044389
0.107663	0.073150
0.107663	0.036501
0.107663	0.050253
0.107663	0.072221
0.107663	0.062830
0.107663	0.078554
0.107663	0.047997
0.107663	0.066344
0.107663	0.072041
0.215291	0.139914
0.215291	0.136852
0.215291	0.148831
0.215291	0.132333
0.215291	0.127431
0.215291	0.154167
0.215291	0.111928
0.215291	0.123390
0.215291	0.139645
0.177144	0.073690
0.177144	0.082004
0.177144	0.178478
0.177144	0.101553
0.177144	0.090924
0.177144	0.068648
0.177144	0.060118
0.177144	0.101632
0.242016	0.081171
0.242016	0.233133
0.242016	0.186561
0.242016	0.326253
0.242016	0.277658
0.242016	0.113904
0.242016	0.071423
0.242016	0.081968
0.242016	0.061585
0.294810	0.080356
0.294810	0.112160
0.294810	0.104819
0.294810	0.078475
0.294810	0.092257
0.294810	0.108968
0.294810	0.154237
0.294810	0.198310
0.294810	0.156354
0.240396	0.168900
0.240396	0.098393
0.240396	0.122750
0.240396	0.101427
0.240396	0.118951
0.240396	0.175948
0.240396	0.076251
0.240396	0.119283
0.240396	0.134100
0.240396	0.105183
0.240396	0.073554
0.078050	0.019236
0.078050	0.019234
0.078050	0.022969
0.078050	0.018668
0.078050	0.021003
0.078050	0.022338
0.078050	0.016506
0.078050	0.015490
0.114860	0.022169
0.114860	0.021011
0.114860	0.024485
0.114860	0.021498
0.114860	0.018890
0.114860	0.020146
0.114860	0.028927
0.114860	0.018179
0.058317	0.021062
0.058317	0.022541
0.058317	0.025950
0.058317	0.019991
0.058317	0.022578
0.058317	0.022582
0.058317	0.027575
0.058317	0.016921
0.060479	0.031703
0.060479	0.030235
0.060479	0.036839
0.060479	0.033747
0.060479	0.040166
0.263584	0.147769
0.263584	0.176978
0.263584	0.163828
0.263584	0.199657
0.263584	0.192899
0.263584	0.178628
0.263584	0.111085
0.263584	0.148151
0.263584	0.182660
0.174714	0.077964
0.174714	0.071063
0.174714	0.074462
0.174714	0.162857
0.174714	0.051193
0.174714	0.092395
0.174714	0.102178
0.174714	0.077728
0.174714	0.115862
0.174714	0.152628
0.174714	0.222353
0.137624	0.124493
0.137624	0.070248
0.137624	0.088659
0.137624	0.212956
0.137624	0.094240
0.137624	0.058546
0.137624	0.043986
0.137624	0.059606
0.116757	0.160466
0.116757	0.146552
0.116757	0.161123
0.116757	0.256731
0.116757	0.213759
0.116757	0.211856
0.116757	0.120627
0.240005	0.240128
0.240005	0.290685
0.240005	0.261817
0.240005	0.259132
0.240005	0.242490
0.240005	0.259248
0.240005	0.330285
0.240005	0.280019
0.234241	0.270088
0.234241	0.296062
0.234241	0.268989
0.234241	0.251763
0.234241	0.237844
0.234241	0.284294
0.234241	0.276458
0.234241	0.378648
0.234241	0.413556
0.252618	0.086606
0.252618	0.075861
0.252618	0.084539
0.252618	0.072121
0.252618	0.060507
0.252618	0.117149
0.252618	0.182901
0.101887	0.074778
0.101887	0.077493
0.101887	0.089481
0.101887	0.067399
0.101887	0.063251
0.101887	0.076933
0.101887	0.052515
0.101887	0.056149
0.206547	0.149271
0.206547	0.208555
0.206547	0.192317
0.206547	0.146994
0.206547	0.164040
0.308384	0.385242
0.308384	0.418589
0.308384	0.395567
0.308384	0.395136
0.308384	0.440630
0.308384	0.268220
0.308384	0.202321
0.308384	0.345801
0.308384	0.281251
0.193921	0.296100
0.193921	0.350099
0.193921	0.316774
0.193921	0.351546
0.193921	0.313416
0.193921	0.303899
0.193921	0.294467
0.193921	0.312003
0.193921	0.272030
0.193921	0.340868
0.177153	0.093376
0.177153	0.105241
0.177153	0.123789
0.177153	0.205633
0.177153	0.099102
0.177153	0.130320
0.177153	0.085359
0.177153	0.143048
0.260854	0.242532
0.260854	0.255117
0.260854	0.255358
0.260854	0.229961
0.260854	0.290587
0.260854	0.263562
0.260854	0.292125
0.260854	0.270710
0.260854	0.199348
0.260854	0.157946
0.260854	0.140338
0.219090	0.353741
0.219090	0.233254
0.219090	0.380029
0.219090	0.449837
0.219090	0.278812
0.219090	0.225646
0.219090	0.221884
0.219090	0.281852
0.219090	0.199041
0.219090	0.260857
0.175720	0.216081
0.175720	0.267978
0.175720	0.215906
0.175720	0.215324
0.175720	0.239082
0.175720	0.222848
0.175720	0.254377
0.175720	0.216456
0.175720	0.318587
0.175720	0.179849
0.175720	0.200908
0.175720	0.192329
0.175720	0.179551
0.175720	0.156159
0.292501	0.311273
0.292501	0.325198
0.292501	0.186776
0.292501	0.221253
0.292501	0.229210
0.292501	0.271086
0.292501	0.199123
0.292501	0.195955
0.292501	0.243010
0.112262	0.173637
0.112262	0.173662
0.112262	0.227697
0.112262	0.188671
0.112262	0.296546
0.112262	0.192578
0.242563	0.322233
0.242563	0.310301
0.242563	0.312534
0.242563	0.413449
0.242563	0.184032
0.242563	0.411603
0.242563	0.192229
0.242563	0.173324
0.242563	0.344233
0.074126	0.225259
0.074126	0.195318
0.074126	0.209826
0.074126	0.300451
0.074126	0.291657
0.074126	0.186579
0.074126	0.186455
0.078507	0.135158
0.078507	0.187127
0.078507	0.099217
0.078507	0.108830
0.078507	0.091391
0.078507	0.086067
0.078507	0.070164
0.078507	0.058979
0.291086	0.229237
0.291086	0.204370
0.291086	0.191120
0.291086	0.136180
0.291086	0.261300
0.291086	0.201826
0.291086	0.216554
0.291086	0.204444
0.291086	0.141558
0.092027	0.078206
0.092027	0.093713
0.092027	0.096006
0.092027	0.069467
0.092027	0.086001
0.092027	0.114557
0.092027	0.070047
0.092027	0.103184
0.092027	0.090797
0.092027	0.100200
0.092027	0.097702
0.092027	0.114913
0.092027	0.107334
0.092027	0.089231
0.284076	0.061626
0.284076	0.068513
0.284076	0.063450
0.284076	0.075337
0.284076	0.044415
0.116634	0.062046
0.116634	0.060193
0.116634	0.065616
0.116634	0.049147
0.116634	0.062542
0.116634	0.052362
0.116634	0.046844
0.116634	0.054833
0.039390	0.161826
0.039390	0.191565
0.039390	0.208253
0.039390	0.155452
0.039390	0.211592
0.039390	0.129819
0.039390	0.175767
0.039390	0.188819
0.039390	0.176050
0.039390	0.151468
0.039390	0.210640
0.050678	0.032768
0.050678	0.035811
0.050678	0.037499
0.050678	0.030935
0.050678	0.044517
0.050678	0.034547
0.050678	0.030402
0.050678	0.045652
0.241159	0.219181
0.241159	0.229021
0.241159	0.234727
0.241159	0.214429
0.241159	0.236245
0.241159	0.230127
0.241159	0.236041
0.241159	0.248198
0.241159	0.258205
0.241159	0.332530
0.241159	0.250916
0.047423	0.026472
0.047423	0.027352
0.047423	0.029645
0.047423	0.025164
0.047423	0.026655
0.047423	0.026827
0.047423	0.026844
0.059291	0.031944
0.059291	0.042396
0.059291	0.036154
0.059291	0.034329
0.059291	0.030929
0.070085	0.043254
0.070085	0.048625
0.070085	0.053510
0.070085	0.040778
0.070085	0.042276
0.070085	0.052162
0.070085	0.043407
0.070085	0.220040
0.099132	0.168823
0.099132	0.174197
0.099132	0.207109
0.099132	0.167669
0.099132	0.166998
0.099132	0.185838
0.099132	0.219222
0.099132	0.210345
0.099132	0.200095
0.099132	0.227249
0.046585	0.053321
0.046585	0.058758
0.046585	0.063022
0.046585	0.045803
0.046585	0.061574
0.046585	0.052495
0.046585	0.058813
0.046585	0.049533
0.041921	0.047452
0.041921	0.061759
0.041921	0.056274
0.041921	0.054832
0.041921	0.041251
0.083894	0.193674
0.083894	0.213486
0.083894	0.220414
0.083894	0.246113
0.083894	0.245228
0.083894	0.251578
0.083894	0.233954
0.083894	0.218223
0.083894	0.260971
0.015001	0.088373
0.015001	0.107237
0.015001	0.111379
0.015001	0.087860
0.015001	0.066826
0.249285	0.083368
0.249285	0.107337
0.249285	0.108236
0.249285	0.095944
0.249285	0.147845
0.249285	0.096407
0.249285	0.158890
0.249285	0.191569
0.119720	0.299974
0.119720	0.315100
0.119720	0.327324
0.119720	0.321165
0.119720	0.323341
0.119720	0.246414
0.119720	0.174181
0.119720	0.254794
0.119720	0.165372
0.088836	0.226671
0.088836	0.307499
0.088836	0.243964
0.088836	0.214406
0.088836	0.386091
0.088836	0.266084
0.088836	0.338930
0.088836	0.224308
0.088836	0.316377
0.088836	0.216297
0.088836	0.232905
0.088836	0.298071
0.235480	0.090982
0.235480	0.113748
0.235480	0.108253
0.235480	0.087665
0.235480	0.126142
0.235480	0.079061
0.170814	0.221517
0.170814	0.240340
0.170814	0.238215
0.170814	0.094669
0.170814	0.221154
0.170814	0.351251
0.170814	0.242756
0.117208	0.255861
0.117208	0.141777
0.117208	0.268973
0.117208	0.145415
0.117208	0.174645
0.117208	0.245468
0.143251	0.267599
0.143251	0.271481
0.143251	0.275173
0.143251	0.333799
0.143251	0.310960
0.143251	0.265977
0.143251	0.337755
0.143251	0.299455
0.143251	0.287424
0.013827	0.183665
0.013827	0.183894
0.013827	0.189718
0.013827	0.233051
0.112133	0.256990
0.112133	0.288862
0.112133	0.279372
0.112133	0.274527
0.112133	0.267195
0.112133	0.285922
0.112133	0.274311
0.112133	0.281573
0.112133	0.298866
0.112133	0.332379
0.112133	0.284586
0.162985	0.160332
0.162985	0.134525
0.162985	0.141649
0.162985	0.172188
0.162985	0.250573
0.222582	0.104909
0.222582	0.090322
0.222582	0.113651
0.222582	0.140290
0.222582	0.270402
0.222582	0.172570
0.222582	0.339247
0.222582	0.065968
0.444401	0.125920
0.444401	0.102887
0.444401	0.125921
0.444401	0.235067
0.444401	0.115368
0.444401	0.133441
0.444401	0.115441
0.444401	0.089910
0.444401	0.090177
0.444401	0.082784
0.444401	0.100533
0.444401	0.093621
0.498421	0.214582
0.498421	0.240755
0.498421	0.215975
0.498421	0.249068
0.498421	0.299610
0.498421	0.227658
0.498421	0.313463
0.498421	0.296248
0.498421	0.378820
0.498421	0.225076
0.358766	0.276990
0.358766	0.227022
0.358766	0.192667
0.358766	0.165980
0.358766	0.180221
0.358766	0.167346
0.358766	0.211043
0.358766	0.191103
0.241308	0.093697
0.241308	0.071315
0.241308	0.083917
0.241308	0.225603
0.241308	0.069415
0.241308	0.100960
0.241308	0.060199
0.241308	0.093116
0.245316	0.199889
0.245316	0.262547
0.245316	0.222779
0.245316	0.205581
0.245316	0.362522
0.245316	0.197423
0.245316	0.187715
0.245316	0.221288
0.241200	0.103483
0.241200	0.085834
0.241200	0.093303
0.241200	0.074105
0.241200	0.075493
0.272399	0.141167
0.272399	0.138091
0.272399	0.171071
0.272399	0.306573
0.272399	0.200725
0.272399	0.182644
0.272399	0.263581
0.272399	0.137745
0.272399	0.394910
0.272399	0.181306
0.272399	0.181715
0.272399	0.390011
0.495826	0.209294
0.495826	0.229593
0.495826	0.235400
0.495826	0.208692
0.495826	0.206412
0.495826	0.291842
0.495826	0.214020
0.495826	0.267139
0.495826	0.252727
0.495826	0.258023
0.495826	0.262960
0.053672	0.059471
0.053672	0.060262
0.053672	0.067022
0.053672	0.053790
0.053672	0.054099
0.053672	0.049920
0.053672	0.055699
0.099749	0.056736
0.099749	0.056708
0.099749	0.076471
0.099749	0.061925
0.099749	0.058371
0.099749	0.066825
0.099749	0.213199
0.099749	0.200245
0.078304	0.094228
0.078304	0.092962
0.078304	0.114727
0.078304	0.084895
0.078304	0.070271
0.078304	0.128373
0.078304	0.091255
0.078304	0.086185
0.078304	0.094379
0.078304	0.094652
0.078304	0.131611
0.100865	0.189360
0.100865	0.176078
0.100865	0.189632
0.100865	0.175497
0.100865	0.194465
0.100865	0.202946
0.100865	0.167829
0.100865	0.245213
0.266247	0.219417
0.266247	0.211617
0.266247	0.211613
0.266247	0.315523
0.266247	0.300421
0.266247	0.247540
0.266247	0.223025
0.266247	0.282895
0.116935	0.218270
0.116935	0.258221
0.116935	0.231509
0.116935	0.266709
0.116935	0.227462
0.116935	0.181335
0.116935	0.218824
0.116935	0.221358
0.129332	0.118415
0.129332	0.122109
0.129332	0.130546
0.129332	0.123714
0.129332	0.073614
0.124033	0.229664
0.124033	0.225788
0.124033	0.248772
0.124033	0.243201
0.124033	0.285126
0.124033	0.225043
0.124033	0.264538
0.124033	0.288328
0.052337	0.198580
0.052337	0.145613
0.052337	0.178566
0.052337	0.276298
0.052337	0.177412
0.052337	0.133134
0.052337	0.163895
0.170067	0.264208
0.170067	0.266643
0.170067	0.277975
0.170067	0.257623
0.170067	0.260988
0.170067	0.264847
0.170067	0.232723
0.170067	0.278670
0.170067	0.281401
0.170067	0.275156
0.170067	0.391927
0.195456	0.053394
0.195456	0.053485
0.195456	0.065153
0.195456	0.057208
0.195456	0.051947
0.195456	0.058631
0.195456	0.037582
0.195456	0.082682
0.235062	0.045475
0.235062	0.044236
0.235062	0.047374
0.235062	0.055555
0.235062	0.058443
0.235062	0.116916
0.064025	0.038624
0.064025	0.041855
0.064025	0.039238
0.064025	0.040922
0.064025	0.039707
0.064025	0.025959
0.151154	0.041574
0.151154	0.056429
0.151154	0.054738
0.151154	0.062281
0.151154	0.074195
0.151154	0.060382
0.151154	0.046499
0.151154	0.088995
0.151154	0.040378
0.151154	0.067691
0.151154	0.039213
0.324048	0.060027
0.324048	0.079355
0.324048	0.044939
0.324048	0.048598
0.196622	0.043874
0.196622	0.047315
0.196622	0.068754
0.196622	0.117493
0.196622	0.042864
0.196622	0.057725
0.196622	0.032595
0.196622	0.050142
0.182992	0.045810
0.182992	0.070374
0.182992	0.061094
0.182992	0.085528
0.182992	0.059574
0.182992	0.045466
0.182992	0.032671
0.182992	0.052244
0.360030	0.202068
0.360030	0.178388
0.360030	0.170154
0.360030	0.143910
0.360030	0.188832
0.360030	0.285156
0.360030	0.248884
0.360030	0.248295
0.360030	0.301102
0.438930	0.178816
0.438930	0.119780
0.438930	0.140899
0.438930	0.161383
0.438930	0.167969
0.438930	0.143527
0.438930	0.170050
0.438930	0.200600
0.249477	0.075409
0.249477	0.049720
0.249477	0.071496
0.249477	0.101680
0.249477	0.151644
0.249477	0.125853
0.276318	0.248609
0.276318	0.310351
0.276318	0.269634
0.276318	0.297919
0.276318	0.291014
0.276318	0.239299
0.276318	0.298347
0.276318	0.323549
0.276318	0.242826
0.276318	0.237802
0.276318	0.194921
0.369265	0.254930
0.369265	0.193010
0.369265	0.269472
0.369265	0.216678
0.369265	0.212924
0.369265	0.167039
0.369265	0.180465
0.369265	0.242811
0.233569	0.180658
0.233569	0.182091
0.233569	0.172616
0.233569	0.323319
0.434017	0.262869
0.434017	0.269926
0.434017	0.281403
0.434017	0.302986
0.434017	0.257695
0.434017	0.256455
0.434017	0.231081
0.434017	0.274864
0.434017	0.285323
0.527155	0.209430
0.527155	0.184804
0.527155	0.173820
0.527155	0.256857
0.527155	0.225415
0.527155	0.303195
0.600482	0.340394
0.600482	0.348234
0.600482	0.351909
0.600482	0.522929
0.600482	0.477061
0.600482	0.375376
0.600482	0.404325
0.600482	0.433788
0.600482	0.363353
0.600482	0.386738
0.600482	0.328410
0.600482	0.338168
0.787129	0.185405
0.787129	0.252409
0.787129	0.179897
0.787129	0.461633
0.787129	0.254494
0.787129	0.172316
0.643081	0.235208
0.643081	0.194625
0.643081	0.222357
0.643081	0.334005
0.643081	0.321008
0.643081	0.224925
0.643081	0.337383
0.331365	0.438182
0.331365	0.467859
0.331365	0.368637
0.331365	0.337672
0.331365	0.396598
0.331365	0.457514
0.331365	0.254643
0.331365	0.247448
0.225065	0.264015
0.225065	0.239358
0.225065	0.264612
0.225065	0.308638
0.225065	0.189274
0.225065	0.206525
0.225065	0.249689
0.225065	0.344127
0.108276	0.115423
0.108276	0.171400
0.108276	0.206237
0.108276	0.279735
0.108276	0.176829
0.243841	0.149488
0.243841	0.177696
0.243841	0.206202
0.243841	0.270531
0.243841	0.229382
0.243841	0.234581
0.243841	0.227989
0.243841	0.181804
0.243841	0.283348
0.243841	0.229809
0.243841	0.253952
0.341334	0.131148
0.341334	0.160609
0.341334	0.145326
0.341334	0.272430
0.341334	0.118383
0.341334	0.149735
0.341334	0.250587
0.217179	0.172328
0.217179	0.116335
0.217179	0.149953
0.217179	0.127823
0.217179	0.091896
0.217179	0.135751
0.217179	0.310656
0.152410	0.242055
0.152410	0.257559
0.152410	0.234363
0.152410	0.249323
0.152410	0.236452
0.152410	0.303366
0.152410	0.201110
0.187500	0.326662
0.187500	0.325178
0.187500	0.336232
0.187500	0.325587
0.187500	0.299492
0.187500	0.393118
0.187500	0.329335
0.187500	0.355207
0.187500	0.363253
0.263025	0.200665
0.263025	0.202634
0.263025	0.204643
0.263025	0.230136
0.263025	0.217307
0.263025	0.219411
0.263025	0.236117
0.263025	0.216795
0.263025	0.315679
0.263025	0.322710
0.263025	0.253317
0.263025	0.335688
0.155312	0.211869
0.155312	0.229697
0.155312	0.176131
0.155312	0.224568
0.155312	0.197560
0.155312	0.215533
0.155312	0.266969
0.155312	0.205779
0.069032	0.404257
0.069032	0.235041
0.069032	0.411600
0.069032	0.250906
0.069032	0.232780
0.069032	0.269695
0.069032	0.268112
0.069032	0.421948
0.069032	0.228360
0.069032	0.265672
0.069032	0.392242
0.136406	0.230323
0.136406	0.195525
0.136406	0.194993
0.136406	0.201990
0.136406	0.182552
0.136406	0.258059
0.136406	0.287735
0.120976	0.211714
0.120976	0.237395
0.120976	0.188190
0.120976	0.291904
0.202713	0.310949
0.202713	0.367401
0.202713	0.344339
0.202713	0.379125
0.202713	0.400714
0.202713	0.274272
0.202713	0.249347
0.202713	0.209199
0.202713	0.230469
0.202713	0.212677
0.202713	0.262404
0.350744	0.128468
0.350744	0.090426
0.350744	0.090296
0.350744	0.250882
0.350744	0.149341
0.350744	0.108655
0.350744	0.326969
0.185495	0.178079
0.185495	0.202706
0.185495	0.199449
0.185495	0.205769
0.185495	0.121416
0.185495	0.261153
0.185495	0.334207
0.129864	0.223699
0.129864	0.212421
0.129864	0.226847
0.129864	0.239453
0.129864	0.204919
0.129864	0.146698
0.129864	0.123323
0.186851	0.259823
0.186851	0.264581
0.186851	0.283398
0.186851	0.270087
0.186851	0.278404
0.186851	0.245901
0.186851	0.134212
0.186851	0.141776
0.186851	0.247849
0.156827	0.077380
0.156827	0.074947
0.156827	0.096237
0.156827	0.080858
0.156827	0.088124
0.156827	0.092371
0.208278	0.049510
0.208278	0.057853
0.208278	0.048270
0.208278	0.039245
0.208278	0.062352
0.208278	0.094661
0.208278	0.034699
0.095905	0.042677
0.095905	0.056914
0.095905	0.050447
0.095905	0.040633
0.095905	0.042702
0.095905	0.087173
0.095905	0.032750
0.095905	0.129867
0.096016	0.067106
0.096016	0.073244
0.096016	0.082264
0.096016	0.063941
0.096016	0.057022
0.096016	0.097962
0.096016	0.060249
0.096016	0.075474
0.096016	0.124124
0.096016	0.070126
0.096016	0.085227
0.096016	0.289318
0.199957	0.047613
0.199957	0.069812
0.199957	0.056894
0.199957	0.062305
0.199957	0.056291
0.199957	0.276073
0.075033	0.046694
0.075033	0.056618
0.075033	0.059690
0.075033	0.046032
0.075033	0.049102
0.075033	0.074726
0.075033	0.062800
0.075033	0.044809
0.075033	0.076859
0.075033	0.053016
0.075033	0.072829
0.033013	0.032360
0.033013	0.028142
0.033013	0.037237
0.033013	0.033772
0.093404	0.041022
0.093404	0.047168
0.093404	0.048859
0.093404	0.042254
0.093404	0.058576
0.093404	0.066178
0.093404	0.102282
0.077192	0.038458
0.077192	0.043918
0.077192	0.041913
0.077192	0.033045
0.077192	0.050662
0.077192	0.045315
0.077192	0.045517
0.077192	0.058373
0.047469	0.027475
0.047469	0.030223
0.047469	0.031466
0.047469	0.026594
0.047469	0.029370
0.047469	0.027506
0.047469	0.022376
0.047469	0.029719
0.081503	0.032278
0.081503	0.036605
0.081503	0.040452
0.081503	0.035253
0.081503	0.047855
0.081503	0.033235
0.081503	0.033368
0.081503	0.045058
0.186136	0.083488
0.186136	0.085892
0.186136	0.100432
0.186136	0.089534
0.186136	0.112520
0.186136	0.094996
0.186136	0.121681
0.186136	0.182750
0.053227	0.029442
0.053227	0.031716
0.053227	0.039058
0.053227	0.037319
0.053227	0.043859
0.053227	0.031857
0.053227	0.041288
0.053227	0.026449
0.092113	0.028644
0.092113	0.031580
0.092113	0.034306
0.092113	0.028375
0.092113	0.031986
0.092113	0.028671
0.092113	0.033717
0.092113	0.023195
0.189048	0.039894
0.189048	0.039157
0.189048	0.042933
0.189048	0.183335
0.189048	0.059127
0.189048	0.038935
0.203767	0.053042
0.203767	0.058869
0.203767	0.065898
0.203767	0.162375
0.367334	0.202938
0.367334	0.237367
0.367334	0.225106
0.367334	0.197320
0.367334	0.172093
0.367334	0.234571
0.367334	0.270349
0.367334	0.338132
0.367334	0.119362
0.232971	0.217343
0.232971	0.259038
0.232971	0.304229
0.232971	0.171899
0.232971	0.240552
0.232971	0.188011
0.232971	0.335484
0.232971	0.299389
0.232971	0.347582
0.232971	0.353818
0.321077	0.115819
0.321077	0.106824
0.321077	0.115381
0.321077	0.150170
0.321077	0.150661
0.321077	0.109872
0.321077	0.103317
0.321077	0.314305
0.132014	0.208730
0.132014	0.162958
0.132014	0.184987
0.132014	0.146812
0.132014	0.105447
0.132014	0.103850
0.132014	0.103733
0.061912	0.121138
0.061912	0.093806
0.061912	0.102312
0.061912	0.073273
0.061912	0.167416
0.061912	0.102109
0.061912	0.070433
0.180222	0.207113
0.180222	0.237554
0.180222	0.183455
0.180222	0.194370
0.180222	0.139469
0.180222	0.182338
0.121999	0.300231
0.121999	0.140513
0.121999	0.285313
0.121999	0.273533
0.121999	0.153805
0.121999	0.122150
0.121999	0.154541
0.121999	0.170619
0.121999	0.182168
0.121999	0.168787
0.067536	0.057671
0.067536	0.067377
0.067536	0.067514
0.067536	0.055480
0.067536	0.051230
0.227330	0.067760
0.227330	0.072049
0.227330	0.077609
0.227330	0.063814
0.227330	0.076469
0.227330	0.075665
0.227330	0.315940
0.227330	0.190500
0.165248	0.234355
0.165248	0.258926
0.165248	0.256498
0.165248	0.251845
0.165248	0.186928
0.165248	0.122387
0.165248	0.158132
0.165248	0.170359
0.085361	0.104566
0.085361	0.122102
0.085361	0.132375
0.085361	0.095983
0.085361	0.118642
0.085361	0.125449
0.085361	0.179488
0.085361	0.168556
0.118363	0.053698
0.118363	0.087925
0.118363	0.061215
0.118363	0.068409
0.118363	0.059711
0.118363	0.052288
0.118363	0.173828
0.118363	0.070422
0.364778	0.299771
0.364778	0.191026
0.364778	0.325988
0.364778	0.223760
0.364778	0.211397
0.364778	0.201697
0.364778	0.198769
0.364778	0.188387
0.364778	0.188053
0.364778	0.184534
0.364778	0.331099
0.172305	0.260572
0.172305	0.104712
0.172305	0.291294
0.172305	0.116132
0.172305	0.094207
0.172305	0.103233
0.172305	0.116126
0.172305	0.137777
0.417728	0.266889
0.417728	0.343374
0.417728	0.294710
0.417728	0.190169
0.417728	0.176155
0.417728	0.192328
0.417728	0.170798
0.417728	0.163823
0.417728	0.162140
0.417728	0.246851
0.417728	0.230060
0.101335	0.207105
0.101335	0.142484
0.101335	0.231115
0.101335	0.206572
0.101335	0.210063
0.101335	0.101510
0.101335	0.127073
0.101335	0.131817
0.235689	0.089593
0.235689	0.093461
0.235689	0.080128
0.235689	0.066171
0.235689	0.178731
0.235689	0.126088
0.235689	0.173055
0.235689	0.288116
0.196529	0.240279
0.196529	0.233432
0.196529	0.233053
0.196529	0.357497
0.196529	0.261996
0.196529	0.227197
0.196529	0.208148
0.196529	0.465275
0.196529	0.450535
0.121695	0.172418
0.121695	0.276726
0.121695	0.182972
0.121695	0.453573
0.121695	0.249805
0.121695	0.203772
0.121695	0.179230
0.121695	0.210273
0.173150	0.056485
0.173150	0.062888
0.173150	0.067846
0.173150	0.084626
0.173150	0.064427
0.173150	0.069662
0.173150	0.081999
0.173150	0.069756
0.155867	0.048169
0.155867	0.047011
0.155867	0.057238
0.155867	0.187484
0.155867	0.099181
0.155867	0.047121
0.155867	0.037978
0.155867	0.042936
0.130630	0.135505
0.130630	0.220523
0.130630	0.148532
0.130630	0.200756
0.130630	0.087896
0.130630	0.182959
0.130630	0.348455
0.130630	0.234652
0.086489	0.242769
0.086489	0.224614
0.086489	0.157937
0.086489	0.193134
0.086489	0.225813
0.086489	0.181148
0.070453	0.133728
0.070453	0.205352
0.070453	0.158874
0.070453	0.219056
0.052182	0.074937
0.052182	0.079766
0.052182	0.099706
0.052182	0.066944
0.052182	0.072876
0.052182	0.078904
0.052182	0.061170
0.052182	0.062643
0.074169	0.241943
0.074169	0.278168
0.074169	0.230101
0.074169	0.268887
0.074169	0.288173
0.074169	0.373852
0.074169	0.254850
0.074169	0.259013
0.074169	0.216196
0.037847	0.214061
0.037847	0.212561
0.037847	0.185565
0.037847	0.191293
0.171289	0.203127
0.171289	0.238862
0.171289	0.232056
0.171289	0.252930
0.171289	0.213071
0.171289	0.273417
0.171289	0.216649
0.171289	0.201408
0.171289	0.433288
0.141280	0.128846
0.141280	0.160869
0.141280	0.168005
0.141280	0.179859
0.141280	0.082518
0.141280	0.137893
0.141280	0.105417
0.141280	0.105604
0.141280	0.351045
0.141280	0.137512
0.141280	0.365920
0.061983	0.165495
0.061983	0.141210
0.061983	0.102850
0.061983	0.079539
0.061983	0.163787
0.061983	0.136080
0.223606	0.142584
0.223606	0.128667
0.223606	0.092238
0.223606	0.078814
0.223606	0.181133
0.223606	0.177176
0.105826	0.214215
0.105826	0.229497
0.105826	0.206229
0.105826	0.191809
0.105826	0.269596
0.105826	0.201681
0.105826	0.221015
0.105826	0.184788
0.184121	0.089228
0.184121	0.088183
0.184121	0.110158
0.184121	0.094429
0.184121	0.107523
0.184121	0.110810
0.184121	0.176199
0.184121	0.188670
0.080409	0.036244
0.080409	0.047021
0.080409	0.040297
0.080409	0.034275
0.413968	0.048743
0.413968	0.049426
0.413968	0.048810
0.413968	0.044420
0.413968	0.057946
0.413968	0.151743
0.413968	0.325423
0.231732	0.096148
0.231732	0.140721
0.231732	0.119786
0.231732	0.149247
0.231732	0.119413
0.231732	0.187595
0.231732	0.122925
0.231732	0.176789
0.231732	0.149759
0.049359	0.027663
0.049359	0.031106
0.049359	0.031993
0.049359	0.029136
0.049359	0.031215
0.049359	0.029655
0.049359	0.026420
0.049359	0.039867
0.116141	0.024553
0.116141	0.027308
0.116141	0.027955
0.116141	0.024680
0.116141	0.026795
0.116141	0.023251
0.116141	0.070836
0.116141	0.030949
0.353949	0.164757
0.353949	0.174480
0.353949	0.197509
0.353949	0.159363
0.353949	0.158159
0.353949	0.180597
0.353949	0.131232
0.353949	0.116106
0.353949	0.110984
0.353949	0.128814
0.353949	0.230859
0.156429	0.032884
0.156429	0.038498
0.156429	0.036947
0.156429	0.030737
0.156429	0.047181
0.156429	0.031102
0.156429	0.040378
0.156429	0.037613
0.038283	0.029104
0.038283	0.031296
0.038283	0.034533
0.038283	0.028676
0.038283	0.039478
0.063815	0.037516
0.063815	0.049966
0.063815	0.042090
0.063815	0.045141
0.063815	0.135875
0.063815	0.062279
0.312186	0.232363
0.312186	0.256429
0.312186	0.242990
0.312186	0.223504
0.312186	0.227824
0.312186	0.181039
0.312186	0.135351
0.312186	0.128647
0.312186	0.121578
0.312186	0.151140
0.312186	0.147756
0.042473	0.036841
0.042473	0.036920
0.042473	0.043452
0.042473	0.036473
0.042473	0.029436
0.042473	0.028265
0.060320	0.043313
0.060320	0.044703
0.060320	0.061480
0.060320	0.162154
0.060320	0.061624
0.060320	0.045147
0.060320	0.054664
0.060320	0.039717
0.050531	0.218447
0.050531	0.273044
0.050531	0.231007
0.050531	0.219422
0.050531	0.221577
0.050531	0.258895
0.050531	0.135312
0.050531	0.156998
0.050531	0.218968
0.108186	0.227031
0.108186	0.240899
0.108186	0.225613
0.108186	0.265494
0.108186	0.241249
0.108186	0.125684
0.108186	0.131587
0.108186	0.128734
0.108186	0.130130
0.108186	0.152555
0.108186	0.110277
0.108186	0.125291
0.040534	0.350612
0.040534	0.335273
0.040534	0.328504
0.040534	0.327114
0.040534	0.215257
0.040534	0.270321
0.040534	0.164056
0.040534	0.160793
0.040534	0.179976
0.118678	0.229726
0.118678	0.206323
0.118678	0.219777
0.118678	0.231060
0.118678	0.198861
0.118678	0.231321
0.118678	0.235005
0.074604	0.390002
0.074604	0.229563
0.074604	0.408894
0.074604	0.236814
0.074604	0.227912
0.074604	0.318960
0.074604	0.218359
0.074604	0.232937
0.074604	0.205151
0.074604	0.175576
0.074604	0.204333
0.062903	0.299576
0.062903	0.147712
0.062903	0.327731
0.062903	0.265420
0.062903	0.139202
0.062903	0.151943
0.062903	0.138829
0.062903	0.235403
0.062903	0.134473
0.146050	0.295814
0.146050	0.289841
0.146050	0.316388
0.146050	0.291823
0.146050	0.288613
0.146050	0.269079
0.146050	0.271338
0.146050	0.298968
0.146050	0.301420
0.146050	0.304565
0.146050	0.295701
0.139177	0.165182
0.139177	0.120361
0.139177	0.141164
0.139177	0.120564
0.139177	0.119854
0.139177	0.099666
0.139177	0.078809
0.140852	0.311745
0.140852	0.269489
0.140852	0.258894
0.140852	0.232281
0.140852	0.229818
0.140852	0.100470
0.140852	0.258475
0.140852	0.127754
0.125303	0.174408
0.125303	0.158432
0.125303	0.149667
0.125303	0.124521
0.125303	0.160751
0.125303	0.292420
0.125303	0.232837
0.135386	0.304301
0.135386	0.318700
0.135386	0.319677
0.135386	0.325375
0.135386	0.187304
0.135386	0.158981
0.135386	0.202188
0.135386	0.275497
0.135386	0.098465
0.292645	0.142693
0.292645	0.240450
0.292645	0.170134
0.292645	0.206743
0.292645	0.094740
0.292645	0.104625
0.073644	0.056383
0.073644	0.068324
0.073644	0.073896
0.073644	0.057492
0.073644	0.061095
0.073644	0.062276
0.073644	0.108741
0.073644	0.037907
0.128278	0.060407
0.128278	0.070837
0.128278	0.072097
0.128278	0.056071
0.128278	0.079726
0.128278	0.140873
0.128278	0.044241
0.206469	0.141924
0.206469	0.155579
0.206469	0.153434
0.206469	0.131824
0.206469	0.150980
0.206469	0.166252
0.295252	0.091154
0.295252	0.199536
0.295252	0.101628
0.295252	0.161942
0.295252	0.215037
0.052660	0.053286
0.052660	0.060234
0.052660	0.070387
0.052660	0.061313
0.052660	0.046925
0.052660	0.062740
0.052660	0.046945
0.052660	0.055808
0.145607	0.132420
0.145607	0.157057
0.145607	0.145281
0.145607	0.222816
0.145607	0.127624
0.145607	0.172614
0.145607	0.203621
0.145607	0.174156
0.255113	0.183211
0.255113	0.161084
0.255113	0.181154
0.255113	0.205136
0.255113	0.175265
0.255113	0.177427
0.255113	0.136502
0.159628	0.059226
0.159628	0.073214
0.159628	0.081724
0.159628	0.062066
0.159628	0.072483
0.159628	0.075485
0.159628	0.092289
0.159628	0.044437
0.066954	0.185625
0.066954	0.189216
0.066954	0.195328
0.066954	0.235120
0.066954	0.211642
0.066954	0.227515
0.066954	0.180694
0.066954	0.280742
0.066954	0.192932
0.126816	0.239473
0.126816	0.209895
0.126816	0.214796
0.126816	0.263417
0.126816	0.198148
0.126816	0.199179
0.126816	0.220735
0.126816	0.213214
0.126816	0.185187
0.324616	0.304288
0.324616	0.253654
0.324616	0.230910
0.324616	0.221316
0.324616	0.200824
0.324616	0.254670
0.324616	0.255321
0.324616	0.300488
0.166750	0.207084
0.166750	0.195624
0.166750	0.204068
0.166750	0.262451
0.166750	0.247071
0.166750	0.225706
0.166750	0.280980
0.166750	0.302614
0.107826	0.319277
0.107826	0.330658
0.107826	0.342637
0.107826	0.360892
0.107826	0.329757
0.107826	0.327118
0.107826	0.316798
0.107826	0.343452
0.107826	0.347237
0.221992	0.211110
0.221992	0.225110
0.221992	0.224777
0.221992	0.233124
0.221992	0.208575
0.221992	0.261238
0.221992	0.257202
0.221992	0.238415
0.208679	0.242784
0.208679	0.209921
0.208679	0.225811
0.208679	0.215823
0.208679	0.210103
0.132234	0.264221
0.132234	0.179806
0.132234	0.171147
0.132234	0.161385
0.132234	0.136966
0.132234	0.231992
0.243113	0.278763
0.243113	0.262207
0.243113	0.282147
0.243113	0.284910
0.243113	0.330031
0.243113	0.303139
0.243113	0.357514
0.243113	0.194394
0.243113	0.191280
0.243113	0.185812
0.254770	0.300972
0.254770	0.195213
0.254770	0.321593
0.254770	0.248684
0.254770	0.183431
0.254770	0.167146
0.254770	0.162732
0.254770	0.207940
0.254770	0.158829
0.222179	0.155173
0.222179	0.202406
0.222179	0.179799
0.222179	0.317325
0.222179	0.162294
0.222179	0.154075
0.222179	0.174537
0.222179	0.163513
0.104566	0.132713
0.104566	0.150661
0.104566	0.160061
0.104566	0.321340
0.104566	0.134270
0.104566	0.128638
0.104566	0.129217
0.104566	0.101306
0.202830	0.205316
0.202830	0.264385
0.202830	0.170170
0.202830	0.255779
0.297735	0.139535
0.297735	0.154361
0.297735	0.110029
0.297735	0.106310
0.297735	0.147943
0.297735	0.217925
0.297735	0.127991
0.454619	0.170460
0.454619	0.155140
0.454619	0.183352
0.454619	0.198636
0.454619	0.155755
0.454619	0.186569
0.454619	0.181643
