Ground Truth	Predictions
0.061831	0.043632
0.061831	0.048661
0.061831	0.058914
0.061831	0.043729
0.061831	0.085869
0.204599	0.056404
0.204599	0.054872
0.204599	0.054032
0.204599	0.044994
0.204599	0.097962
0.204599	0.062447
0.204599	0.150725
0.204599	0.128118
0.046757	0.126759
0.046757	0.161319
0.046757	0.113191
0.046757	0.127762
0.046757	0.106297
0.046757	0.095523
0.046757	0.098908
0.046757	0.095795
0.046757	0.098396
0.046757	0.095690
0.046757	0.098410
0.046757	0.098603
0.046757	0.100086
0.046757	0.098005
0.065396	0.084683
0.065396	0.084721
0.065396	0.092222
0.065396	0.078226
0.065396	0.078709
0.065396	0.081180
0.065396	0.088418
0.065396	0.081112
0.065396	0.131860
0.146531	0.034233
0.146531	0.034719
0.146531	0.038610
0.146531	0.030632
0.146531	0.039482
0.146531	0.045037
0.146531	0.032469
0.146531	0.068673
0.146531	0.033662
0.146531	0.128923
0.146531	0.038920
0.455796	0.113317
0.455796	0.119772
0.455796	0.134355
0.455796	0.096997
0.455796	0.110337
0.455796	0.178229
0.455796	0.127069
0.455796	0.167561
0.455796	0.130379
0.455796	0.112109
0.455796	0.112916
0.075707	0.044189
0.075707	0.057784
0.075707	0.049248
0.075707	0.043261
0.075707	0.072878
0.075707	0.112422
0.120815	0.031014
0.120815	0.035423
0.120815	0.036025
0.120815	0.027983
0.120815	0.027323
0.120815	0.024456
0.120815	0.021697
0.120815	0.023710
0.437685	0.025621
0.437685	0.033690
0.437685	0.030316
0.437685	0.026002
0.437685	0.026361
0.437685	0.031021
0.437685	0.021906
0.437685	0.047837
0.360050	0.085694
0.360050	0.094100
0.360050	0.117996
0.360050	0.132077
0.360050	0.134322
0.360050	0.087675
0.360050	0.134501
0.360050	0.134083
0.360050	0.135824
0.035522	0.034231
0.035522	0.075822
0.035522	0.040203
0.035522	0.086681
0.035522	0.033150
0.035522	0.070145
0.087384	0.040808
0.087384	0.044551
0.087384	0.045516
0.087384	0.125164
0.087384	0.064102
0.282718	0.039510
0.282718	0.049944
0.282718	0.046503
0.282718	0.037238
0.282718	0.042729
0.282718	0.102598
0.282718	0.122422
0.282718	0.119456
0.099730	0.089911
0.099730	0.096927
0.099730	0.093765
0.099730	0.111060
0.099730	0.099020
0.099730	0.112955
0.099730	0.101429
0.419428	0.100968
0.419428	0.102197
0.419428	0.106870
0.419428	0.104485
0.485282	0.072099
0.485282	0.127626
0.485282	0.067930
0.485282	0.139644
0.485282	0.064168
0.485282	0.064051
0.595170	0.146559
0.595170	0.127330
0.595170	0.182182
0.595170	0.124879
0.595170	0.126217
0.595170	0.179914
0.595170	0.132623
0.595170	0.131360
0.595170	0.120883
0.595170	0.114111
0.898480	0.082038
0.898480	0.073626
0.898480	0.078573
0.898480	0.062945
0.898480	0.073962
0.898480	0.063061
0.898480	0.146259
0.673380	0.100011
0.673380	0.078405
0.673380	0.084420
0.673380	0.099347
0.673380	0.167083
0.673380	0.108525
0.673380	0.105698
0.673380	0.120063
0.532504	0.098308
0.532504	0.119411
0.532504	0.110988
0.532504	0.147916
0.532504	0.134932
0.532504	0.129144
0.532504	0.116556
0.532504	0.119676
0.843008	0.084781
0.843008	0.087709
0.843008	0.095055
0.843008	0.102035
0.843008	0.096320
0.843008	0.130551
0.843008	0.112954
0.843008	0.114621
0.910267	0.039106
0.910267	0.049689
0.910267	0.052549
0.910267	0.076982
0.910267	0.068425
0.910267	0.056856
0.910267	0.043895
0.910267	0.051642
0.910267	0.058203
0.910267	0.047072
0.910267	0.084493
0.474598	0.090191
0.474598	0.092552
0.474598	0.094128
0.474598	0.134183
0.474598	0.117203
0.474598	0.098803
0.474598	0.117816
0.474598	0.175930
0.314653	0.081582
0.314653	0.115458
0.314653	0.090307
0.314653	0.083894
0.314653	0.110382
0.314653	0.118545
0.314653	0.107901
0.314653	0.112925
0.344783	0.038727
0.344783	0.036346
0.344783	0.039657
0.344783	0.035753
0.344783	0.039579
0.344783	0.046799
0.344783	0.035899
0.344783	0.032263
0.344783	0.034135
0.344783	0.036020
0.344783	0.032520
0.344783	0.033363
0.122349	0.020719
0.122349	0.016930
0.122349	0.022544
0.122349	0.049779
0.127669	0.017106
0.127669	0.018653
0.127669	0.026873
0.127669	0.047599
0.127669	0.014423
0.127669	0.014040
0.130721	0.039486
0.130721	0.045678
0.130721	0.049975
0.130721	0.053391
0.130721	0.028613
0.130721	0.052006
0.130721	0.033840
0.130721	0.052193
0.130721	0.034982
0.130721	0.082030
0.130721	0.044313
0.130721	0.091897
0.358545	0.021999
0.358545	0.026376
0.358545	0.029622
0.358545	0.020414
0.358545	0.013778
0.358545	0.017898
0.379040	0.159543
0.379040	0.186851
0.379040	0.154340
0.379040	0.082003
0.334794	0.174090
0.334794	0.147371
0.334794	0.070569
0.334794	0.151232
0.334794	0.152374
0.334794	0.090224
0.334794	0.222237
0.334794	0.043861
0.291484	0.134414
0.291484	0.175169
0.291484	0.072517
0.291484	0.079566
0.195718	0.106490
0.195718	0.101562
0.195718	0.081959
0.195718	0.102531
0.077927	0.075366
0.077927	0.081735
0.077927	0.066097
0.077927	0.069048
0.077927	0.080826
0.077927	0.071367
0.068135	0.086752
0.068135	0.091662
0.068135	0.069536
0.068135	0.080776
0.205710	0.090665
0.205710	0.063780
0.205710	0.067537
0.205710	0.096640
0.205710	0.081998
0.205710	0.080829
0.205710	0.078721
0.156903	0.062337
0.156903	0.045637
0.156903	0.054685
0.156903	0.104677
0.156903	0.039784
0.156903	0.045881
0.156903	0.065619
0.090303	0.018107
0.090303	0.049117
0.090303	0.025347
0.090303	0.034544
0.090303	0.045218
0.090303	0.077609
0.090303	0.012298
0.283669	0.088074
0.283669	0.123591
0.283669	0.098424
0.283669	0.085078
0.283669	0.125477
0.283669	0.094553
0.283669	0.082557
0.283669	0.090050
0.148108	0.128470
0.148108	0.126111
0.148108	0.104098
0.148108	0.095188
0.148108	0.124136
0.148108	0.134279
0.148108	0.111147
0.148108	0.117248
0.148108	0.130393
0.359445	0.028644
0.359445	0.025481
0.359445	0.029340
0.359445	0.022046
0.359445	0.028262
0.359445	0.027433
0.359445	0.020094
0.359445	0.024787
0.087718	0.054101
0.087718	0.056215
0.087718	0.058911
0.087718	0.049341
0.087718	0.044082
0.087718	0.056013
0.087718	0.052899
0.087718	0.052279
0.248744	0.097195
0.248744	0.100958
0.248744	0.108335
0.248744	0.094757
0.248744	0.105292
0.248744	0.151236
0.248744	0.116038
0.248744	0.130709
0.248744	0.140771
0.248744	0.119573
0.248744	0.116611
0.046264	0.028922
0.046264	0.043044
0.046264	0.032726
0.046264	0.036952
0.046264	0.024005
0.046264	0.115342
0.141072	0.022226
0.141072	0.029420
0.141072	0.025715
0.141072	0.024542
0.141072	0.019990
0.141072	0.028659
0.205591	0.080929
0.205591	0.085901
0.205591	0.087832
0.205591	0.081207
0.205591	0.081729
0.205591	0.099954
0.205591	0.105496
0.205591	0.086330
0.205591	0.171392
0.128107	0.056275
0.128107	0.069259
0.128107	0.060159
0.128107	0.048151
0.128107	0.066701
0.128107	0.107456
0.128107	0.132784
0.110293	0.082779
0.110293	0.095380
0.110293	0.087100
0.110293	0.073605
0.110293	0.092024
0.110293	0.088367
0.110293	0.088429
0.110293	0.119930
0.110293	0.076958
0.110293	0.089404
0.136184	0.083370
0.136184	0.095416
0.136184	0.089800
0.136184	0.084713
0.136184	0.218077
0.136184	0.207828
0.136184	0.234332
0.136184	0.104513
0.058160	0.098245
0.058160	0.101151
0.058160	0.110248
0.058160	0.100404
0.058160	0.187870
0.058160	0.150333
0.058160	0.169334
0.058160	0.171136
0.089060	0.038568
0.089060	0.051674
0.089060	0.042745
0.089060	0.033452
0.089060	0.031213
0.089060	0.188499
0.084261	0.050372
0.084261	0.057536
0.084261	0.060807
0.084261	0.047594
0.084261	0.206955
0.084261	0.069416
0.084261	0.055783
0.084261	0.075499
0.084261	0.061834
0.084261	0.049264
0.084261	0.067339
0.084261	0.062984
0.102738	0.152961
0.102738	0.174229
0.102738	0.176393
0.102738	0.140922
0.102738	0.167932
0.102738	0.168761
0.102738	0.153352
0.102738	0.168420
0.102738	0.142256
0.102738	0.149801
0.102738	0.201037
0.098543	0.114539
0.098543	0.130695
0.098543	0.124319
0.098543	0.121534
0.098543	0.122197
0.098543	0.119245
0.098543	0.129906
0.098543	0.131583
0.070924	0.037614
0.070924	0.038299
0.070924	0.045800
0.070924	0.050330
0.070924	0.030377
0.142669	0.091002
0.142669	0.115067
0.142669	0.100409
0.142669	0.148767
0.142669	0.112641
0.142669	0.096141
0.142669	0.101822
0.142669	0.098323
0.142669	0.168539
0.085279	0.133423
0.085279	0.118984
0.085279	0.171069
0.085279	0.117119
0.085279	0.104058
0.085279	0.089051
0.085279	0.090171
0.085279	0.121737
0.132303	0.056375
0.132303	0.064175
0.132303	0.064064
0.132303	0.088582
0.132303	0.062733
0.132303	0.052484
0.132303	0.087665
0.132303	0.079163
0.108153	0.158896
0.108153	0.126571
0.108153	0.112457
0.108153	0.153565
0.108153	0.144504
0.108153	0.132251
0.108153	0.134747
0.108153	0.092753
0.126883	0.123310
0.126883	0.075751
0.126883	0.116234
0.126883	0.093123
0.126883	0.085564
0.126883	0.109176
0.097494	0.051410
0.097494	0.066423
0.097494	0.063923
0.097494	0.117576
0.097494	0.062871
0.097494	0.047895
0.208229	0.114993
0.208229	0.156838
0.208229	0.139149
0.208229	0.144471
0.208229	0.126763
0.208229	0.132278
0.208229	0.102256
0.208229	0.157934
0.208229	0.075007
0.124882	0.070673
0.124882	0.062364
0.124882	0.060073
0.124882	0.072524
0.124882	0.052211
0.124882	0.058602
0.124882	0.070778
0.124882	0.060694
0.124882	0.059461
0.124882	0.046482
0.124882	0.049406
0.109762	0.093492
0.109762	0.137489
0.109762	0.083164
0.109762	0.069315
0.109762	0.093247
0.109762	0.081982
0.109762	0.077522
0.109762	0.079867
0.124201	0.122908
0.124201	0.104486
0.124201	0.157182
0.124201	0.098576
0.124201	0.150455
0.124201	0.105641
0.124201	0.110567
0.075551	0.147029
0.075551	0.162974
0.075551	0.162816
0.075551	0.124043
0.075551	0.121370
0.075551	0.095813
0.075551	0.172948
0.075551	0.096137
0.178946	0.107550
0.178946	0.113973
0.178946	0.114169
0.178946	0.104624
0.178946	0.157301
0.178946	0.169259
0.178946	0.121563
0.178946	0.257399
0.063725	0.058398
0.063725	0.046318
0.063725	0.054182
0.063725	0.048748
0.063725	0.048433
0.063725	0.047402
0.063725	0.059709
0.179859	0.064469
0.179859	0.072449
0.179859	0.069817
0.179859	0.133342
0.179859	0.090919
0.179859	0.075491
0.179859	0.133692
0.179859	0.080438
0.179859	0.198846
0.179859	0.073773
0.179859	0.081256
0.179859	0.151229
0.121571	0.069475
0.121571	0.114545
0.121571	0.081621
0.121571	0.138432
0.121571	0.112568
0.121571	0.085112
0.121571	0.137964
0.070606	0.086970
0.070606	0.102085
0.070606	0.089360
0.070606	0.092314
0.070606	0.078994
0.070606	0.086459
0.070606	0.111643
0.070606	0.105522
0.070606	0.123843
0.055211	0.059362
0.055211	0.038695
0.055211	0.053510
0.055211	0.069849
0.055211	0.076126
0.055211	0.062997
0.062474	0.050152
0.062474	0.105103
0.062474	0.107216
0.062474	0.080896
0.062474	0.050137
0.062474	0.061012
0.062474	0.040079
0.062474	0.057905
0.062474	0.044617
0.062474	0.060831
0.062474	0.054108
0.062474	0.057578
0.043100	0.038212
0.043100	0.054974
0.043100	0.041086
0.043100	0.032944
0.043100	0.050286
0.043100	0.058994
0.074717	0.069161
0.074717	0.060770
0.074717	0.069879
0.074717	0.097883
0.074717	0.052950
0.074717	0.064629
0.074717	0.067389
0.074717	0.058009
0.074717	0.090027
0.074717	0.066269
0.074717	0.082524
0.074717	0.076557
0.087462	0.050760
0.087462	0.053047
0.087462	0.059646
0.087462	0.060241
0.087462	0.082438
0.087462	0.077836
0.155206	0.058153
0.155206	0.044918
0.155206	0.057724
0.155206	0.064951
0.155206	0.066797
0.155206	0.068607
0.144402	0.086125
0.144402	0.079127
0.144402	0.081660
0.144402	0.088333
0.144402	0.107938
0.144402	0.080692
0.174267	0.095041
0.174267	0.091342
0.174267	0.169770
0.174267	0.096859
0.174267	0.098738
0.174267	0.089140
0.174267	0.092102
0.174267	0.087659
0.104665	0.122314
0.104665	0.067934
0.104665	0.077254
0.104665	0.122740
0.104665	0.090107
0.104665	0.093567
0.104665	0.116045
0.124740	0.117542
0.124740	0.104321
0.124740	0.137343
0.124740	0.135877
0.124740	0.111883
0.124740	0.106237
0.124740	0.105261
0.124740	0.116008
0.124740	0.101733
0.070144	0.051726
0.070144	0.038318
0.070144	0.042389
0.070144	0.126295
0.070144	0.043455
0.070144	0.044293
0.070144	0.032151
0.070144	0.025071
0.064218	0.047293
0.064218	0.079870
0.064218	0.056925
0.064218	0.052850
0.064218	0.052553
0.064218	0.102724
0.064218	0.105821
0.103197	0.060599
0.103197	0.025321
0.103197	0.031236
0.103197	0.079610
0.103197	0.081548
0.103197	0.018819
0.062081	0.109433
0.062081	0.087183
0.062081	0.108986
0.062081	0.119669
0.062081	0.124080
0.062081	0.078276
0.062081	0.081015
0.062081	0.086771
0.038805	0.082161
0.038805	0.080796
0.038805	0.080491
0.038805	0.082149
0.038805	0.077405
0.038805	0.080192
0.088009	0.158061
0.088009	0.088138
0.088009	0.199762
0.088009	0.124772
0.088009	0.099725
0.088009	0.092678
0.088009	0.101374
0.088009	0.098211
0.088009	0.076999
0.031167	0.100346
0.031167	0.106584
0.031167	0.103535
0.031167	0.086877
0.031167	0.091416
0.031167	0.093888
0.031167	0.075871
0.031167	0.104082
0.110046	0.116256
0.110046	0.074059
0.110046	0.119169
0.110046	0.095088
0.110046	0.084992
0.110046	0.073996
0.110046	0.073217
0.110046	0.072547
0.102629	0.057526
0.102629	0.057209
0.102629	0.070551
0.102629	0.082965
0.102629	0.078718
0.206587	0.042777
0.206587	0.043408
0.206587	0.031954
0.206587	0.026707
0.206587	0.128370
0.206587	0.027460
0.063687	0.080150
0.063687	0.081640
0.063687	0.082145
0.063687	0.074788
0.063687	0.068003
0.063687	0.086698
0.063687	0.088893
0.063687	0.086530
0.063687	0.090334
0.033023	0.027146
0.033023	0.036877
0.033023	0.034147
0.033023	0.028270
0.033023	0.083094
0.072311	0.044039
0.072311	0.111759
0.072311	0.047485
0.072311	0.043460
0.072311	0.073533
0.072311	0.057358
0.072311	0.081130
0.072311	0.045432
0.072311	0.105611
0.072311	0.040661
0.072311	0.050142
0.079749	0.018136
0.079749	0.021565
0.079749	0.022203
0.079749	0.017468
0.079749	0.023799
0.079749	0.017139
0.079749	0.032644
0.079749	0.012051
0.071125	0.017026
0.071125	0.017572
0.071125	0.018914
0.071125	0.015706
0.071125	0.014215
0.071125	0.011369
0.087924	0.072013
0.087924	0.074897
0.087924	0.079281
0.087924	0.066895
0.087924	0.127461
0.087924	0.088295
0.087924	0.130671
0.087924	0.130485
0.090977	0.027697
0.090977	0.040269
0.090977	0.030106
0.090977	0.033581
0.090977	0.023350
0.090977	0.031502
0.076116	0.056324
0.076116	0.055639
0.076116	0.063522
0.076116	0.050690
0.076116	0.045529
0.076116	0.061484
0.076116	0.056648
0.076116	0.087346
0.173903	0.081859
0.173903	0.087072
0.173903	0.090256
0.173903	0.080108
0.173903	0.077916
0.173903	0.079289
0.173903	0.120306
0.173903	0.121970
0.173903	0.119676
0.173903	0.127408
0.173903	0.123158
0.173512	0.087440
0.173512	0.096070
0.173512	0.094009
0.173512	0.084968
0.173512	0.130295
0.173512	0.116964
0.173512	0.127412
0.173512	0.129058
0.066361	0.032972
0.066361	0.046305
0.066361	0.035320
0.066361	0.029123
0.066361	0.027850
0.061524	0.027654
0.061524	0.034587
0.061524	0.032002
0.061524	0.032300
0.061524	0.021979
0.132223	0.036232
0.132223	0.042713
0.132223	0.041359
0.132223	0.033670
0.132223	0.045556
0.132223	0.148146
0.132223	0.141296
0.132223	0.142489
0.115600	0.042728
0.115600	0.079921
0.115600	0.046906
0.115600	0.046752
0.115600	0.037208
0.115600	0.146804
0.355193	0.038460
0.355193	0.043952
0.355193	0.045202
0.355193	0.075008
0.355193	0.034796
0.355193	0.052212
0.355193	0.035738
0.355193	0.045829
0.355193	0.039089
0.355193	0.062975
0.355193	0.076347
0.085251	0.042063
0.085251	0.049848
0.085251	0.057605
0.085251	0.097978
0.085251	0.130224
0.085251	0.143339
0.077002	0.128869
0.077002	0.123105
0.077002	0.123481
0.077002	0.133709
0.077002	0.129362
0.077002	0.124479
0.077002	0.129872
0.077002	0.123572
0.077002	0.117769
0.106476	0.062865
0.106476	0.056429
0.106476	0.093233
0.106476	0.126276
0.106476	0.040847
0.200503	0.084678
0.200503	0.094587
0.200503	0.077298
0.200503	0.098935
0.200503	0.113966
0.200503	0.097732
0.200503	0.091596
0.567196	0.084670
0.567196	0.057179
0.567196	0.068283
0.567196	0.094632
0.567196	0.115571
0.567196	0.101350
0.567196	0.086557
0.567196	0.102545
0.567196	0.070013
0.567196	0.120463
0.567196	0.067100
0.567196	0.077151
0.334702	0.111832
0.334702	0.097735
0.334702	0.111111
0.334702	0.095058
0.334702	0.119287
0.334702	0.093758
0.334702	0.095050
0.334702	0.100907
0.467487	0.098904
0.467487	0.127779
0.467487	0.127468
0.467487	0.098614
0.467487	0.136817
0.467487	0.101399
0.467487	0.104889
0.467487	0.138673
0.467487	0.083742
0.196016	0.147697
0.196016	0.106352
0.196016	0.163941
0.196016	0.136271
0.196016	0.102216
0.196016	0.115595
0.196016	0.102890
0.196016	0.101428
0.196016	0.135046
0.266047	0.082421
0.266047	0.088088
0.266047	0.090626
0.266047	0.082475
0.266047	0.078352
0.266047	0.086499
0.266047	0.105239
0.266047	0.079815
0.266047	0.125445
0.266047	0.133467
0.515879	0.084975
0.515879	0.084204
0.515879	0.088735
0.515879	0.146867
0.515879	0.134206
0.515879	0.096131
0.515879	0.145060
0.515879	0.146252
0.515879	0.123796
0.324562	0.101911
0.324562	0.100563
0.324562	0.112695
0.324562	0.118079
0.324562	0.116090
0.324562	0.114692
0.324562	0.115253
0.324562	0.117470
0.172954	0.048794
0.172954	0.048574
0.172954	0.041978
0.172954	0.084858
0.172954	0.039742
0.172954	0.037922
0.172954	0.103281
0.172954	0.043343
0.195237	0.103515
0.195237	0.109468
0.195237	0.128571
0.195237	0.115073
0.195237	0.101473
0.195237	0.095261
0.195237	0.100478
0.195237	0.098105
0.214026	0.087397
0.214026	0.061033
0.214026	0.062510
0.214026	0.072466
0.214026	0.084927
0.214026	0.115149
0.214026	0.096016
0.114418	0.142721
0.114418	0.123579
0.114418	0.209987
0.114418	0.125736
0.114418	0.116184
0.114418	0.198353
0.114418	0.120471
0.114418	0.122966
0.114418	0.092730
0.101851	0.192795
0.101851	0.109795
0.101851	0.212868
0.101851	0.133957
0.101851	0.113665
0.101851	0.112079
0.101851	0.139926
0.101851	0.119767
0.101851	0.108440
0.110726	0.070910
0.110726	0.069320
0.110726	0.078011
0.110726	0.108280
0.110726	0.093824
0.110726	0.093854
0.110726	0.078853
0.110726	0.084348
0.110726	0.110480
0.110726	0.068440
0.110726	0.069206
0.110726	0.068033
0.091170	0.057210
0.091170	0.058930
0.091170	0.084850
0.091170	0.073882
0.091170	0.034772
0.091170	0.036461
