Ground Truth	Predictions
0.134080	0.210625
0.134080	0.171354
0.134080	0.191377
0.134080	0.203650
0.134080	0.158961
0.134080	0.212240
0.134080	0.233736
0.134080	0.167686
0.103850	0.207274
0.103850	0.210557
0.103850	0.206033
0.103850	0.206148
0.103850	0.231360
0.103850	0.202221
0.103850	0.208504
0.103850	0.234752
0.061922	0.117303
0.061922	0.109339
0.061922	0.111809
0.061922	0.096165
0.061922	0.123256
0.061922	0.097947
0.061922	0.185781
0.061922	0.079964
0.022625	0.141761
0.022625	0.146652
0.022625	0.157963
0.022625	0.134131
0.022625	0.170295
0.022625	0.181266
0.022625	0.169892
0.022625	0.163312
0.022625	0.165056
0.022625	0.147342
0.022625	0.177073
0.214905	0.246011
0.214905	0.248748
0.214905	0.246184
0.214905	0.247966
0.214905	0.251785
0.214905	0.286532
0.214905	0.236711
0.214905	0.229015
0.214905	0.248586
0.137460	0.125774
0.137460	0.136215
0.137460	0.136266
0.137460	0.122576
0.137460	0.122901
0.137460	0.112036
0.137460	0.125035
0.137460	0.121785
0.095892	0.109859
0.095892	0.115759
0.095892	0.120769
0.095892	0.104666
0.095892	0.110292
0.095892	0.115456
0.095892	0.106053
0.095892	0.102420
0.144111	0.281317
0.144111	0.288871
0.144111	0.238800
0.144111	0.223551
0.144111	0.247956
0.144111	0.276912
0.144111	0.250464
0.144111	0.291432
0.144111	0.299498
0.144111	0.249761
0.144111	0.224706
0.327305	0.181142
0.327305	0.168149
0.327305	0.197334
0.327305	0.195334
0.327305	0.188527
0.327305	0.191243
0.327305	0.180566
0.327305	0.185637
0.263798	0.215321
0.263798	0.232860
0.263798	0.240152
0.263798	0.234498
0.263798	0.236766
0.263798	0.240619
0.263798	0.221768
0.263798	0.239051
0.230674	0.242565
0.230674	0.259088
0.230674	0.281031
0.230674	0.338273
0.230674	0.224562
0.230674	0.248725
0.230674	0.274491
0.230674	0.282501
0.230674	0.256889
0.106043	0.176226
0.106043	0.204328
0.106043	0.195998
0.106043	0.166131
0.116839	0.116310
0.116839	0.100876
0.116839	0.111910
0.116839	0.111822
0.116839	0.118099
0.116839	0.129806
0.116839	0.085584
0.116839	0.135012
0.192532	0.221143
0.192532	0.176160
0.192532	0.221903
0.192532	0.222222
0.192532	0.177158
0.192532	0.193648
0.192532	0.177308
0.192532	0.195732
0.192532	0.173364
0.192532	0.193623
0.192532	0.190991
0.135523	0.105686
0.135523	0.079092
0.135523	0.084023
0.135523	0.074688
0.135523	0.109412
0.135523	0.104965
0.135523	0.116798
0.135523	0.072995
0.015959	0.185798
0.015959	0.144050
0.015959	0.167555
0.015959	0.192564
0.015959	0.182099
0.015959	0.137739
0.015959	0.138017
0.015959	0.154169
0.015959	0.099519
0.029026	0.071059
0.029026	0.068430
0.029026	0.071147
0.029026	0.113836
0.029026	0.121897
0.029026	0.064660
0.029026	0.065046
0.029026	0.065322
0.083774	0.104149
0.083774	0.122940
0.083774	0.131140
0.083774	0.105022
0.083774	0.127057
0.083774	0.130122
0.083774	0.110644
0.083774	0.100362
0.083774	0.222137
0.083774	0.111034
0.083774	0.134607
0.083774	0.175562
0.098773	0.153648
0.098773	0.190214
0.098773	0.198119
0.098773	0.180217
0.098773	0.144934
0.098773	0.150808
0.098773	0.150151
0.098773	0.149145
0.098773	0.159188
0.055105	0.233135
0.055105	0.256371
0.055105	0.253951
0.055105	0.156988
0.055105	0.231793
0.055105	0.245449
0.055105	0.213725
0.055105	0.273597
0.211507	0.301396
0.211507	0.189003
0.211507	0.295392
0.211507	0.222387
0.211507	0.201792
0.211507	0.292569
0.211507	0.252370
0.101820	0.326952
0.101820	0.244688
0.101820	0.232065
0.101820	0.250731
0.101820	0.243540
0.101820	0.332978
0.101820	0.317674
0.101820	0.335112
0.101820	0.386747
0.017997	0.212726
0.017997	0.143616
0.017997	0.214655
0.017997	0.182887
0.024675	0.151698
0.024675	0.170630
0.024675	0.176673
0.024675	0.136721
0.024675	0.126659
0.024675	0.187765
0.024675	0.206260
0.024675	0.191324
0.024675	0.142089
0.024675	0.193494
0.024675	0.189156
0.024675	0.127506
0.024702	0.124173
0.024702	0.096045
0.024702	0.106261
0.024702	0.093820
0.024702	0.087642
0.024702	0.117163
0.024702	0.118367
0.024702	0.103398
0.024702	0.113366
0.024702	0.140724
0.024702	0.106807
0.024702	0.120590
0.024284	0.081747
0.024284	0.077204
0.024284	0.084622
0.024284	0.080793
0.024284	0.082186
0.024284	0.079762
0.024284	0.078769
0.037288	0.065176
0.037288	0.066018
0.037288	0.069686
0.037288	0.065251
0.037288	0.065970
0.037288	0.062670
0.037288	0.059731
0.037288	0.051217
0.033948	0.081326
0.033948	0.086290
0.033948	0.084238
0.033948	0.099663
0.053133	0.120434
0.053133	0.098759
0.053133	0.105480
0.053133	0.115055
0.053133	0.103445
0.053133	0.091399
0.053133	0.079276
0.053133	0.090902
0.046105	0.111396
0.046105	0.121229
0.046105	0.121147
0.046105	0.233581
0.020032	0.149763
0.020032	0.157849
0.020032	0.157352
0.020032	0.135199
0.020032	0.157743
0.020032	0.154611
0.020032	0.162328
0.020032	0.149589
0.020032	0.166968
0.020032	0.153533
0.037198	0.146130
0.037198	0.092750
0.037198	0.102918
0.037198	0.137579
0.037198	0.162520
0.037198	0.112495
0.037198	0.082213
0.037198	0.177987
0.020713	0.071971
0.020713	0.079799
0.020713	0.083529
0.020713	0.114962
0.020713	0.074051
0.020713	0.072081
0.020713	0.070136
0.020713	0.085095
0.027885	0.101737
0.027885	0.121481
0.027885	0.113173
0.027885	0.117728
0.027885	0.107772
0.027885	0.116086
0.027885	0.086366
0.070246	0.166300
0.070246	0.198823
0.070246	0.145994
0.070246	0.174874
0.070246	0.158415
0.070246	0.151596
0.070246	0.159992
0.070246	0.190640
0.070246	0.208940
0.008270	0.124442
0.008270	0.123319
0.008270	0.160655
0.008270	0.176621
0.008270	0.127866
0.008270	0.128446
0.021673	0.175802
0.021673	0.212120
0.021673	0.176273
0.021673	0.165568
0.021673	0.171576
0.021673	0.150453
0.021673	0.157449
0.007074	0.160288
0.007074	0.128407
0.007074	0.160276
0.007074	0.157868
0.007074	0.132679
0.007074	0.138619
0.017748	0.110620
0.017748	0.104270
0.017748	0.113377
0.017748	0.097605
0.017748	0.111666
0.017748	0.109493
0.017748	0.137186
0.017748	0.125923
0.071485	0.188062
0.071485	0.186387
0.071485	0.187481
0.071485	0.189379
0.071485	0.141499
0.071485	0.126760
0.071485	0.146261
0.071485	0.119553
0.033497	0.127369
0.033497	0.118680
0.033497	0.129433
0.033497	0.127337
0.033497	0.126030
0.021356	0.080385
0.021356	0.083085
0.021356	0.086678
0.021356	0.081545
0.021356	0.069736
0.042402	0.114788
0.042402	0.131122
0.042402	0.139394
0.042402	0.128635
0.042402	0.140769
0.042402	0.112803
0.042402	0.146371
0.042402	0.114215
0.042402	0.118793
0.090378	0.087967
0.090378	0.109593
0.090378	0.094173
0.090378	0.089267
0.090378	0.111017
0.090378	0.099486
0.017753	0.169394
0.017753	0.183675
0.017753	0.192310
0.017753	0.204429
0.017753	0.202727
0.017753	0.213578
0.017753	0.148992
0.017753	0.191279
0.017753	0.176409
0.038815	0.062430
0.038815	0.064790
0.038815	0.066354
0.038815	0.060821
0.038815	0.062822
0.038815	0.064570
0.038815	0.058739
0.038815	0.056733
0.031678	0.122150
0.031678	0.127205
0.031678	0.101604
0.031678	0.100518
0.031678	0.118222
0.031678	0.130113
0.031678	0.142699
0.031678	0.140223
0.035793	0.184572
0.035793	0.145312
0.035793	0.132503
0.035793	0.150712
0.035793	0.151043
0.035793	0.146864
0.035793	0.150427
0.035793	0.149975
0.035793	0.149752
0.113433	0.094385
0.113433	0.128925
0.113433	0.104528
0.113433	0.175974
0.113433	0.146858
0.145794	0.077587
0.145794	0.091071
0.145794	0.097912
0.145794	0.137142
0.145794	0.082645
0.145794	0.074386
0.145794	0.073964
0.145794	0.080356
0.025232	0.130219
0.025232	0.129987
0.025232	0.111301
0.025232	0.110039
0.023306	0.204756
0.023306	0.148594
0.023306	0.162082
0.023306	0.200663
0.023306	0.157396
0.023306	0.198384
0.023306	0.160816
0.023306	0.151967
0.023306	0.144644
0.023306	0.161151
0.023306	0.163589
0.018038	0.126124
0.018038	0.171432
0.018038	0.179345
0.018038	0.137275
0.018038	0.128679
0.018038	0.119959
0.018038	0.161186
0.018038	0.124239
0.027485	0.077299
0.027485	0.082199
0.027485	0.085078
0.027485	0.105304
0.027485	0.070906
0.027485	0.065264
0.045532	0.157167
0.045532	0.191537
0.045532	0.157929
0.045532	0.120805
0.045532	0.117036
0.045532	0.100193
0.045532	0.123442
0.045532	0.113242
0.048720	0.082725
0.048720	0.097913
0.048720	0.078957
0.048720	0.097773
0.022487	0.062175
0.022487	0.062667
0.022487	0.066920
0.022487	0.073956
0.022487	0.098024
0.022487	0.101322
0.022487	0.100490
0.027754	0.070147
0.027754	0.077165
0.027754	0.080648
0.027754	0.082309
0.027754	0.072713
0.027754	0.068067
0.027754	0.060761
0.027754	0.066188
0.025286	0.117166
0.025286	0.147101
0.025286	0.118969
0.025286	0.103371
0.025286	0.117002
0.025286	0.118304
0.025286	0.129640
0.263076	0.157965
0.263076	0.206212
0.263076	0.212108
0.263076	0.206415
0.263076	0.169777
0.263076	0.223434
0.263076	0.179542
0.263076	0.198642
0.263076	0.143791
0.240220	0.205771
0.240220	0.210863
0.240220	0.204197
0.240220	0.181268
0.240220	0.193178
0.240220	0.163864
0.240220	0.186026
0.240220	0.144850
0.140992	0.194978
0.140992	0.215347
0.140992	0.215231
0.140992	0.208506
0.140992	0.177015
0.140992	0.226275
0.140992	0.223816
0.140992	0.228579
0.140992	0.198767
0.036468	0.084694
0.036468	0.093871
0.036468	0.093943
0.036468	0.102027
0.036468	0.080011
0.187885	0.194709
0.187885	0.194879
0.187885	0.194623
0.187885	0.197782
0.187885	0.185614
0.187885	0.177122
0.187885	0.196120
0.187885	0.198674
0.187885	0.199853
0.359146	0.193528
0.359146	0.193639
0.359146	0.192204
0.359146	0.195554
0.359146	0.156671
0.359146	0.155982
0.359146	0.167957
0.359146	0.162527
0.359146	0.168893
0.038125	0.074500
0.038125	0.079683
0.038125	0.082928
0.038125	0.070858
0.038125	0.088822
0.038125	0.080479
0.038125	0.085086
0.038125	0.121614
0.026113	0.142830
0.026113	0.167757
0.026113	0.153158
0.026113	0.130220
0.026113	0.132150
0.026113	0.166112
0.026113	0.148512
0.026113	0.162841
0.026113	0.143862
0.026113	0.134789
0.026113	0.138776
0.033293	0.265180
0.033293	0.271955
0.033293	0.273915
0.033293	0.264370
0.033293	0.186113
0.033293	0.153339
0.033293	0.171701
0.033293	0.187172
0.129005	0.275146
0.129005	0.292612
0.129005	0.285704
0.129005	0.279292
0.129005	0.234456
0.129005	0.243757
0.129005	0.172719
0.129005	0.244658
0.129005	0.205733
0.030765	0.229245
0.030765	0.261131
0.030765	0.253075
0.030765	0.225689
0.030765	0.223395
0.030765	0.231317
0.030765	0.234250
0.030765	0.278276
0.046225	0.151100
0.046225	0.174246
0.046225	0.163372
0.046225	0.143351
0.046225	0.162256
0.046225	0.207524
0.046225	0.130728
0.042038	0.304862
0.042038	0.323638
0.042038	0.311062
0.042038	0.299431
0.042038	0.309387
0.042038	0.196901
0.042038	0.231399
0.042038	0.224503
0.269889	0.215892
0.269889	0.236808
0.269889	0.244248
0.269889	0.244414
0.269889	0.263718
0.235779	0.129735
0.235779	0.146602
0.235779	0.139066
0.235779	0.122135
0.235779	0.138692
0.046585	0.130898
0.046585	0.148738
0.046585	0.142153
0.046585	0.122967
0.046585	0.164717
0.046585	0.204831
0.046585	0.198621
0.044983	0.191189
0.044983	0.197940
0.044983	0.194989
0.044983	0.189153
0.044983	0.197403
0.044983	0.222655
0.044983	0.214240
0.044983	0.212240
0.044983	0.193306
0.044983	0.211484
0.044983	0.227175
0.151901	0.170493
0.151901	0.181918
0.151901	0.182158
0.151901	0.199954
0.044096	0.079250
0.044096	0.085059
0.044096	0.087073
0.044096	0.076632
0.044096	0.086999
0.044096	0.081341
0.044096	0.077951
0.044096	0.082924
0.043034	0.128399
0.043034	0.136699
0.043034	0.147946
0.043034	0.159797
0.043034	0.157094
0.043034	0.141361
0.043034	0.151795
0.043034	0.152925
0.103219	0.185283
0.103219	0.189021
0.103219	0.194804
0.103219	0.201579
0.103219	0.200275
0.103219	0.197362
0.103219	0.202338
0.103219	0.188743
0.103219	0.194489
0.103219	0.193818
0.103219	0.222637
0.325648	0.164672
0.325648	0.174079
0.325648	0.168366
0.325648	0.165479
0.325648	0.168270
0.325648	0.170821
0.325648	0.171174
0.325648	0.189019
0.041898	0.192735
0.041898	0.193610
0.041898	0.181438
0.041898	0.188822
0.041898	0.190096
0.133930	0.200876
0.133930	0.192667
0.133930	0.219247
0.133930	0.208569
0.133930	0.187363
0.133930	0.196454
0.133930	0.198730
0.133930	0.185058
0.133930	0.198160
0.265855	0.070144
0.265855	0.079008
0.265855	0.080164
0.265855	0.075354
0.265855	0.075283
0.265855	0.070466
0.265855	0.071358
0.265855	0.080109
0.031573	0.171623
0.031573	0.195678
0.031573	0.191060
0.031573	0.171737
0.031573	0.196966
0.031573	0.200376
0.031573	0.184621
0.031573	0.176873
0.031573	0.160514
0.071942	0.131767
0.071942	0.151727
0.071942	0.120042
0.071942	0.176692
0.071942	0.165128
0.071942	0.165113
0.071942	0.106901
0.060152	0.052007
0.060152	0.050670
0.060152	0.053553
0.060152	0.046908
0.060152	0.056929
0.060152	0.063229
0.060152	0.150948
0.018976	0.077695
0.018976	0.087922
0.018976	0.080373
0.018976	0.079729
0.018976	0.080549
0.018976	0.089539
0.018976	0.089367
0.018976	0.092031
0.018976	0.081610
0.018976	0.170402
0.018976	0.090156
0.018976	0.185030
0.029086	0.151653
0.029086	0.177470
0.029086	0.179651
0.029086	0.161485
0.029086	0.163243
0.029086	0.147578
0.029086	0.168690
0.029086	0.159771
0.198880	0.077166
0.198880	0.128186
0.198880	0.086860
0.198880	0.162939
0.198880	0.130218
0.198880	0.082735
0.063287	0.059614
0.063287	0.061964
0.063287	0.072235
0.063287	0.128465
0.063287	0.057362
0.063287	0.059069
0.063287	0.076396
0.063287	0.073931
0.122072	0.147364
0.122072	0.158372
0.122072	0.143583
0.122072	0.117896
0.122072	0.165580
0.122072	0.165839
0.122072	0.122267
0.122072	0.178194
0.022245	0.154068
0.022245	0.122096
0.022245	0.117102
0.022245	0.122908
0.022245	0.199222
0.027501	0.071825
0.027501	0.075845
0.027501	0.071283
0.027501	0.067224
0.027501	0.072036
0.027501	0.061667
0.027501	0.167379
0.154250	0.115215
0.154250	0.124173
0.154250	0.122661
0.154250	0.106513
0.154250	0.108478
0.154250	0.113572
0.154250	0.124678
0.154250	0.119123
0.154250	0.114881
0.154250	0.126386
0.154250	0.204459
0.022775	0.136496
0.022775	0.146859
0.022775	0.152889
0.022775	0.129651
0.022775	0.190772
0.022775	0.122035
0.022775	0.167014
0.022775	0.149623
0.022775	0.139069
0.022775	0.165459
0.022775	0.158989
0.060546	0.060071
0.060546	0.060449
0.060546	0.061854
0.060546	0.057508
0.060546	0.055572
0.060546	0.154391
0.020873	0.060880
0.020873	0.065817
0.020873	0.061340
0.020873	0.058045
0.020873	0.048746
0.128514	0.059451
0.128514	0.067516
0.128514	0.063985
0.128514	0.064670
0.128514	0.116294
0.033847	0.063781
0.033847	0.069946
0.033847	0.070976
0.033847	0.061574
0.033847	0.063925
0.033847	0.065856
0.033847	0.063438
0.033847	0.158636
0.165308	0.134564
0.165308	0.138778
0.165308	0.142660
0.165308	0.131611
0.165308	0.134145
0.165308	0.139954
0.165308	0.143683
0.165308	0.138985
0.325151	0.092410
0.325151	0.108500
0.325151	0.098885
0.325151	0.094034
0.325151	0.091971
0.325151	0.087791
0.325151	0.122727
0.325151	0.133964
0.418282	0.104202
0.418282	0.110823
0.418282	0.115709
0.418282	0.206199
0.418282	0.113149
0.418282	0.092204
0.418282	0.100595
0.059143	0.127598
0.059143	0.212121
0.059143	0.138359
0.059143	0.233154
0.059143	0.124570
0.059143	0.149754
0.059143	0.215381
0.059143	0.144232
0.059143	0.174624
0.059143	0.157761
0.059143	0.152641
0.314641	0.252030
0.314641	0.286376
0.314641	0.278223
0.314641	0.385936
0.314641	0.289121
0.314641	0.301037
0.314641	0.297272
0.314641	0.276611
0.314641	0.326980
0.337314	0.195899
0.337314	0.273557
0.337314	0.258794
0.337314	0.287185
0.337314	0.241712
0.337314	0.312591
0.337314	0.287720
0.337314	0.199982
0.251697	0.248248
0.251697	0.306440
0.251697	0.234922
0.251697	0.213478
0.368405	0.224592
0.368405	0.218760
0.368405	0.225603
0.368405	0.207012
0.368405	0.245812
0.368405	0.219205
0.368405	0.217493
0.368405	0.235471
0.368405	0.234034
0.386129	0.292336
0.386129	0.299261
0.386129	0.267262
0.386129	0.254759
0.386129	0.238601
0.386129	0.248997
0.386129	0.257451
0.388516	0.224582
0.388516	0.287151
0.388516	0.215302
0.388516	0.238622
0.598046	0.070822
0.598046	0.069780
0.598046	0.075154
0.598046	0.066546
0.598046	0.073419
0.598046	0.104244
0.598046	0.056518
0.616410	0.093035
0.616410	0.094369
0.616410	0.106079
0.616410	0.121903
0.616410	0.191221
0.666843	0.154522
0.666843	0.237441
0.666843	0.197699
0.666843	0.211519
0.218345	0.105812
0.218345	0.235812
0.218345	0.121096
0.218345	0.094198
0.218345	0.118258
0.218345	0.127084
0.218345	0.102503
0.218345	0.236456
0.218345	0.114458
0.218345	0.226117
0.218345	0.242222
0.248717	0.125027
0.248717	0.127208
0.248717	0.112894
0.248717	0.118721
0.248717	0.173603
0.248717	0.187921
0.248717	0.221377
0.099964	0.164735
0.099964	0.131009
0.099964	0.143275
0.099964	0.129864
0.099964	0.222894
0.099964	0.154970
0.099964	0.157420
0.099964	0.174799
0.031982	0.072335
0.031982	0.070998
0.031982	0.068960
0.031982	0.062666
0.031982	0.067224
0.031982	0.164394
0.177423	0.061761
0.177423	0.064003
0.177423	0.067635
0.177423	0.060112
0.177423	0.167411
0.177423	0.063215
0.177423	0.083068
0.177423	0.108754
0.119988	0.156664
0.119988	0.197939
0.119988	0.163460
0.119988	0.140466
0.119988	0.181986
0.119988	0.157802
0.119988	0.158828
0.119988	0.156427
0.119988	0.142421
0.119988	0.153732
0.119988	0.163180
0.136001	0.069023
0.136001	0.072625
0.136001	0.075369
0.136001	0.070063
0.136001	0.066121
0.136001	0.069087
0.136001	0.059581
0.136001	0.155458
0.057919	0.052446
0.057919	0.060701
0.057919	0.058816
0.057919	0.066365
0.057919	0.055147
0.057919	0.054569
0.057919	0.109864
0.057919	0.069682
0.162715	0.095034
0.162715	0.101400
0.162715	0.103459
0.162715	0.140522
0.162715	0.148536
0.162715	0.147440
0.162715	0.121250
0.162715	0.096583
0.162715	0.131381
0.078474	0.114527
0.078474	0.152004
0.078474	0.134421
0.078474	0.156917
0.078474	0.141877
0.078474	0.163917
0.078474	0.135793
0.078474	0.144361
0.078474	0.176952
0.102076	0.096681
0.102076	0.106068
0.102076	0.106678
0.102076	0.143330
0.102076	0.138594
0.102076	0.130814
0.102076	0.156553
0.102076	0.156418
0.102076	0.131049
0.053482	0.133867
0.053482	0.147653
0.053482	0.167135
0.053482	0.126061
0.053482	0.153014
0.053482	0.152956
0.053482	0.128021
0.053482	0.152603
0.053482	0.144199
0.053482	0.170302
0.053482	0.147676
0.083909	0.166621
0.083909	0.089882
0.083909	0.088473
0.083909	0.086850
0.083909	0.195333
0.083909	0.092645
0.083909	0.102742
0.083909	0.096874
0.083909	0.085255
0.083909	0.095644
0.083909	0.154850
0.083909	0.134384
0.083909	0.145735
0.083909	0.164351
0.038000	0.129575
0.038000	0.110555
0.038000	0.113201
0.038000	0.104764
0.038000	0.183141
0.038000	0.147527
0.038000	0.168827
0.038000	0.121583
0.164440	0.128210
0.164440	0.154207
0.164440	0.126375
0.164440	0.115437
0.164440	0.142715
0.164440	0.185475
0.164440	0.139591
0.164440	0.139501
0.164440	0.150324
0.024754	0.057948
0.024754	0.063307
0.024754	0.062899
0.024754	0.056699
0.024754	0.058865
0.013405	0.064171
0.013405	0.067431
0.013405	0.137263
0.013405	0.135773
0.013405	0.130072
0.022620	0.072662
0.022620	0.183536
0.022620	0.077063
0.022620	0.080620
0.022620	0.086792
0.022620	0.176652
0.022620	0.174709
0.171960	0.107460
0.171960	0.122578
0.171960	0.118732
0.171960	0.224938
0.171960	0.157794
0.171960	0.149860
0.171960	0.231719
0.171960	0.183128
0.024599	0.066555
0.024599	0.076196
0.024599	0.072934
0.024599	0.081975
0.024599	0.070881
0.024599	0.069113
0.024599	0.086433
0.024599	0.089373
0.023854	0.089037
0.023854	0.087362
0.023854	0.102262
0.023854	0.169688
0.023854	0.198913
0.051951	0.203221
0.051951	0.229998
0.051951	0.216752
0.051951	0.237016
0.051951	0.234121
0.051951	0.231230
0.051951	0.247270
0.051951	0.229437
0.051951	0.237439
0.019660	0.203164
0.019660	0.213054
0.019660	0.201268
0.019660	0.164068
0.019660	0.236763
0.019660	0.159027
0.218630	0.252245
0.218630	0.244429
0.218630	0.196250
0.218630	0.196265
0.218630	0.258371
0.218630	0.243751
0.218630	0.252849
0.218630	0.246897
0.218630	0.247973
0.218630	0.291170
0.218630	0.307416
0.062597	0.189562
0.062597	0.218054
0.062597	0.168795
0.062597	0.154587
0.062597	0.160178
0.062597	0.179298
0.062597	0.221391
0.062597	0.172663
0.062597	0.194557
0.062597	0.185403
0.062597	0.211768
0.062597	0.170350
0.062597	0.188329
0.062597	0.149688
0.021727	0.121919
0.021727	0.124340
0.021727	0.132475
0.021727	0.121211
0.021727	0.113776
0.021727	0.143404
0.021727	0.117816
0.021727	0.148589
0.021727	0.154682
0.021727	0.190280
0.021727	0.148752
0.021727	0.175096
0.033478	0.201531
0.033478	0.235512
0.033478	0.202315
0.033478	0.255216
0.033478	0.252023
0.033478	0.235068
0.033478	0.254780
0.033478	0.261405
0.078439	0.252070
0.078439	0.244051
0.078439	0.255534
0.078439	0.296070
0.078439	0.273962
0.078439	0.256776
0.078439	0.261209
0.078439	0.309443
0.078439	0.289896
0.146649	0.238626
0.146649	0.272307
0.146649	0.265448
0.146649	0.227601
0.146649	0.269620
0.146649	0.294757
0.146649	0.339075
0.020153	0.224992
0.020153	0.203239
0.020153	0.213821
0.020153	0.194790
0.020153	0.230332
0.020153	0.241579
0.020153	0.220836
0.064338	0.211373
0.064338	0.208081
0.064338	0.206124
0.064338	0.212564
0.064338	0.275286
0.064338	0.212249
0.064338	0.244181
0.064338	0.216384
0.380324	0.204204
0.380324	0.201501
0.380324	0.202758
0.380324	0.203305
0.380324	0.206700
0.380324	0.242133
0.380324	0.236482
0.380324	0.228910
0.380324	0.219584
0.380324	0.223737
0.380324	0.301707
0.016325	0.084567
0.016325	0.080322
0.016325	0.087468
0.016325	0.075172
0.016325	0.065640
0.022146	0.180936
0.022146	0.203304
0.022146	0.197184
0.022146	0.188767
0.022146	0.247912
0.022146	0.218088
0.022146	0.238802
0.022146	0.194397
0.022146	0.212079
0.128641	0.170460
0.128641	0.175466
0.128641	0.177324
0.128641	0.166943
0.128641	0.167638
0.128641	0.214167
0.128641	0.172219
0.128641	0.181139
0.128641	0.183045
0.128641	0.245295
0.128641	0.208309
0.065140	0.047770
0.065140	0.052189
0.065140	0.050685
0.065140	0.046034
0.065140	0.047818
0.065140	0.044582
0.065140	0.051250
0.022694	0.059016
0.022694	0.064271
0.022694	0.063310
0.022694	0.058675
0.022694	0.064301
0.022694	0.060343
0.022694	0.174994
0.022694	0.062974
0.044025	0.073472
0.044025	0.083771
0.044025	0.077112
0.044025	0.069314
0.044025	0.068278
0.044025	0.198142
0.044025	0.168799
0.076345	0.065825
0.076345	0.074233
0.076345	0.071127
0.076345	0.072271
0.076345	0.062648
0.076345	0.082852
0.076345	0.068900
0.022067	0.059552
0.022067	0.063379
0.022067	0.067888
0.022067	0.078681
0.022067	0.072656
0.022067	0.069971
0.022067	0.061718
0.022067	0.068381
0.022067	0.059761
0.022067	0.066456
0.022067	0.065103
0.021691	0.115452
0.021691	0.126236
0.021691	0.127656
0.021691	0.169447
0.021691	0.116942
0.021691	0.123402
0.021691	0.143097
0.021691	0.132405
0.021691	0.118383
0.021691	0.140556
0.021691	0.140648
0.025140	0.079047
0.025140	0.132142
0.025140	0.088167
0.025140	0.150001
0.025140	0.126524
0.025140	0.086179
0.025140	0.144803
0.066081	0.073482
0.066081	0.081930
0.066081	0.071574
0.066081	0.124383
0.112337	0.100438
0.112337	0.209199
0.112337	0.108750
0.112337	0.130237
0.112337	0.160242
0.112337	0.101840
0.112337	0.182838
0.081609	0.164281
0.081609	0.163096
0.081609	0.161590
0.081609	0.141304
0.081609	0.148032
0.081609	0.164360
0.081609	0.246091
0.081609	0.158032
0.081609	0.235682
0.081609	0.160599
0.081609	0.159213
0.081609	0.200967
0.081609	0.161267
0.081609	0.151707
0.332671	0.197051
0.332671	0.215476
0.332671	0.199290
0.332671	0.281377
0.332671	0.220574
0.332671	0.190417
0.332671	0.205960
0.332671	0.218075
0.187389	0.138808
0.187389	0.193185
0.187389	0.137219
0.187389	0.205569
0.187389	0.180573
0.119895	0.140296
0.119895	0.146584
0.119895	0.158260
0.119895	0.155141
0.119895	0.139663
0.119895	0.161144
0.119895	0.149501
0.119895	0.155912
0.119895	0.140492
0.119895	0.142463
0.119895	0.144214
0.119895	0.152398
0.192701	0.228861
0.192701	0.233406
0.192701	0.230200
0.192701	0.303531
0.192701	0.300781
0.192701	0.278332
0.192701	0.293950
0.192701	0.291418
0.192701	0.298994
0.246214	0.208074
0.246214	0.267149
0.246214	0.265725
0.246214	0.272255
0.246214	0.275592
0.246214	0.268126
0.246214	0.272665
0.246214	0.273824
0.210020	0.202698
0.210020	0.214317
0.210020	0.224795
0.210020	0.212992
0.210020	0.203030
0.210020	0.230347
0.210020	0.234604
0.210020	0.226306
