Ground Truth	Predictions
0.225220	0.119891
0.225220	0.220523
0.225220	0.112906
0.225220	0.121793
0.225220	0.147588
0.092951	0.181693
0.092951	0.184847
0.092951	0.251263
0.092951	0.247367
0.092951	0.216112
0.092951	0.214979
0.092951	0.163387
0.295839	0.185673
0.295839	0.260037
0.295839	0.251896
0.295839	0.247457
0.295839	0.184022
0.295839	0.184334
0.295839	0.172557
0.295839	0.179122
0.295839	0.203095
0.431336	0.198057
0.431336	0.242752
0.431336	0.251780
0.431336	0.266788
0.431336	0.216513
0.431336	0.168606
0.431336	0.162265
0.431336	0.186388
0.431336	0.186745
0.222207	0.184322
0.222207	0.209974
0.222207	0.195580
0.222207	0.174705
0.222207	0.187723
0.222207	0.226739
0.222207	0.201404
0.222207	0.161948
0.213764	0.218516
0.213764	0.217474
0.213764	0.225544
0.213764	0.233600
0.213764	0.190553
0.213764	0.148389
0.213764	0.145798
0.213764	0.155265
0.394372	0.231709
0.394372	0.255172
0.394372	0.234548
0.394372	0.232836
0.394372	0.235767
0.394372	0.150395
0.394372	0.198554
0.394372	0.189086
0.288032	0.191289
0.288032	0.195397
0.288032	0.197680
0.288032	0.172222
0.288032	0.209548
0.288032	0.234131
0.288032	0.149653
0.288032	0.233395
0.258532	0.090080
0.258532	0.099357
0.258532	0.098819
0.258532	0.082076
0.258532	0.090598
0.258532	0.131906
0.258532	0.082306
0.387040	0.223835
0.387040	0.244086
0.387040	0.227336
0.387040	0.222566
0.387040	0.216962
0.387040	0.120222
0.387040	0.159605
0.387040	0.159382
0.387040	0.136024
0.387040	0.123984
0.271686	0.244921
0.271686	0.186594
0.271686	0.245258
0.271686	0.199060
0.271686	0.180896
0.271686	0.185503
0.271686	0.190716
0.271686	0.181633
0.271686	0.178319
0.271686	0.193262
0.271686	0.202700
0.160904	0.161007
0.160904	0.210515
0.160904	0.180362
0.160904	0.233031
0.160904	0.150621
0.160904	0.169967
0.160904	0.149288
0.214242	0.111006
0.214242	0.120714
0.214242	0.128033
0.214242	0.101157
0.214242	0.145136
0.214242	0.119315
0.214242	0.142117
0.214242	0.105681
0.214390	0.183671
0.214390	0.206620
0.214390	0.187762
0.214390	0.170089
0.214390	0.172317
0.214390	0.263551
0.214390	0.340982
0.128239	0.230426
0.128239	0.236996
0.128239	0.228285
0.128239	0.219689
0.128239	0.268660
0.128239	0.244439
0.128239	0.213398
0.143977	0.182495
0.143977	0.185218
0.143977	0.193110
0.143977	0.175226
0.143977	0.187563
0.143977	0.200379
0.143977	0.243573
0.143977	0.171297
0.331523	0.164454
0.331523	0.183671
0.331523	0.176280
0.331523	0.170523
0.331523	0.171674
0.331523	0.165868
0.331523	0.148327
0.331523	0.166930
0.215204	0.233634
0.215204	0.185151
0.215204	0.173122
0.215204	0.196533
0.215204	0.179165
0.215204	0.189232
0.215204	0.170787
0.215204	0.181232
0.215204	0.177360
0.114650	0.239996
0.114650	0.191086
0.114650	0.242998
0.114650	0.230812
0.114650	0.183527
0.114650	0.203952
0.114650	0.185422
0.114650	0.353639
0.114650	0.200731
0.081582	0.229752
0.081582	0.283090
0.081582	0.241459
0.081582	0.319269
0.081582	0.228088
0.081582	0.235353
0.081582	0.239931
0.081582	0.294454
0.081582	0.329429
0.127782	0.231101
0.127782	0.300631
0.127782	0.293933
0.127782	0.302625
0.127782	0.292830
0.127782	0.297624
0.127782	0.320790
0.127782	0.297030
0.127782	0.142182
0.381198	0.170663
0.381198	0.166708
0.381198	0.188974
0.381198	0.175515
0.381198	0.179812
0.381198	0.176048
0.381198	0.122320
0.381198	0.120756
0.338320	0.210785
0.338320	0.226956
0.338320	0.203496
0.338320	0.221530
0.338320	0.179301
0.338320	0.287828
0.338320	0.169947
0.173174	0.092538
0.173174	0.072817
0.173174	0.115035
0.173174	0.087410
0.149157	0.094627
0.149157	0.094289
0.149157	0.110860
0.149157	0.090362
0.149157	0.102718
0.149157	0.084727
0.149157	0.081541
0.149157	0.096354
0.126808	0.076784
0.126808	0.078728
0.126808	0.084235
0.126808	0.079701
0.126808	0.072060
0.196244	0.062452
0.196244	0.062941
0.196244	0.067470
0.196244	0.059236
0.196244	0.063158
0.196244	0.058875
0.196244	0.064648
0.186036	0.083613
0.186036	0.079840
0.186036	0.093770
0.186036	0.079701
0.186036	0.105315
0.214117	0.071802
0.214117	0.073769
0.214117	0.078779
0.214117	0.068919
0.214117	0.074434
0.214117	0.125345
0.214117	0.063272
0.094002	0.118869
0.094002	0.121398
0.094002	0.136939
0.094002	0.111301
0.094002	0.123051
0.094002	0.136490
0.094002	0.099519
0.094002	0.112476
0.124509	0.209469
0.124509	0.209812
0.124509	0.211091
0.124509	0.214851
0.124509	0.215547
0.124509	0.212862
0.124509	0.224125
0.124509	0.230820
0.124509	0.217894
0.124509	0.243488
0.124509	0.216781
0.124509	0.220502
0.239802	0.243231
0.239802	0.238472
0.239802	0.239255
0.239802	0.314648
0.239802	0.281148
0.239802	0.299331
0.239802	0.262199
0.239802	0.297820
0.239802	0.184008
0.082380	0.204412
0.082380	0.287283
0.082380	0.239113
0.082380	0.238935
0.218851	0.230375
0.218851	0.231560
0.218851	0.236907
0.218851	0.229788
0.218851	0.249624
0.218851	0.311783
0.218851	0.335856
0.218851	0.272726
0.218851	0.238806
0.198440	0.206565
0.198440	0.178429
0.198440	0.203446
0.198440	0.215845
0.198440	0.207776
0.198440	0.283635
0.198440	0.200222
0.129503	0.188249
0.129503	0.197069
0.129503	0.194851
0.129503	0.173037
0.129503	0.191221
0.129503	0.204986
0.129503	0.190735
0.129503	0.196275
0.129503	0.205262
0.129503	0.209729
0.129503	0.201692
0.129503	0.254660
0.283555	0.212973
0.283555	0.144735
0.283555	0.169684
0.283555	0.206249
0.283555	0.194538
0.283555	0.177351
0.283555	0.139099
0.283555	0.203051
0.283555	0.142703
0.283555	0.199676
0.283555	0.165366
0.283555	0.174812
0.289783	0.125241
0.289783	0.196856
0.289783	0.144715
0.289783	0.119337
0.289783	0.215839
0.289783	0.142521
0.289783	0.119978
0.289783	0.195938
0.289783	0.120755
0.289783	0.195525
0.289783	0.127303
0.232322	0.109847
0.232322	0.117052
0.232322	0.133057
0.232322	0.138313
0.232322	0.116631
0.232322	0.123280
0.232322	0.121129
0.394821	0.204243
0.394821	0.191203
0.394821	0.219290
0.394821	0.169256
0.394821	0.261541
0.394821	0.217411
0.394821	0.278940
0.394821	0.200538
0.394821	0.217162
0.394821	0.221329
0.394821	0.193856
0.394821	0.226077
0.394821	0.181712
0.394821	0.230863
0.223207	0.095821
0.223207	0.124806
0.223207	0.162073
0.223207	0.184064
0.157811	0.215708
0.157811	0.211242
0.157811	0.218044
0.157811	0.206655
0.157811	0.195023
0.157811	0.220503
0.157811	0.200225
0.157811	0.237244
0.157811	0.247618
0.157811	0.247370
0.157811	0.202342
0.157811	0.206193
0.143293	0.159316
0.143293	0.173756
0.143293	0.177532
0.143293	0.170505
0.143293	0.217833
0.135335	0.228377
0.135335	0.229836
0.135335	0.228137
0.135335	0.225874
0.135335	0.251351
0.135335	0.238098
0.135335	0.247066
0.135335	0.258691
0.105051	0.235252
0.105051	0.234051
0.105051	0.235097
0.105051	0.241363
0.105051	0.319309
0.105051	0.287382
0.105051	0.301681
0.105051	0.296085
0.055907	0.234785
0.055907	0.240275
0.055907	0.232506
0.055907	0.246153
0.055907	0.256307
0.178759	0.259988
0.178759	0.227591
0.178759	0.268705
0.178759	0.233124
0.178759	0.211954
0.178759	0.237383
0.178759	0.247770
0.178759	0.252148
0.178759	0.309363
0.154941	0.249146
0.154941	0.248231
0.154941	0.255135
0.154941	0.222265
0.154941	0.216662
0.154941	0.277540
0.154941	0.260242
0.154941	0.270550
0.154941	0.201470
0.219816	0.237237
0.219816	0.235845
0.219816	0.241994
0.219816	0.234732
0.219816	0.279829
0.219816	0.269400
0.219816	0.171171
0.219816	0.219283
0.219816	0.178179
0.168403	0.225138
0.168403	0.213425
0.168403	0.221688
0.168403	0.262820
0.168403	0.119558
0.168403	0.146395
0.168403	0.106008
0.055918	0.105822
0.055918	0.109435
0.055918	0.113401
0.055918	0.198896
0.055918	0.108875
0.055918	0.080582
0.055918	0.073580
0.155019	0.162589
0.155019	0.202344
0.155019	0.184437
0.155019	0.191574
0.155019	0.198097
0.155019	0.228673
0.155019	0.203277
0.255249	0.216449
0.255249	0.218548
0.255249	0.222426
0.255249	0.234748
0.255249	0.223860
0.255249	0.267515
0.255249	0.141320
0.255249	0.178477
0.255249	0.145800
0.119426	0.223703
0.119426	0.224985
0.119426	0.230764
0.119426	0.250810
0.119426	0.269362
0.119426	0.261358
0.119426	0.229334
0.119426	0.253981
0.119426	0.253536
0.098512	0.151703
0.098512	0.162415
0.098512	0.158309
0.098512	0.159999
0.098512	0.127129
0.098512	0.205261
0.098512	0.129353
0.059406	0.137062
0.059406	0.135067
0.059406	0.158044
0.059406	0.132277
0.059406	0.137593
0.059406	0.157374
0.059406	0.148718
0.059406	0.114055
0.102808	0.148114
0.102808	0.159870
0.102808	0.167833
0.102808	0.141112
0.102808	0.208038
0.102808	0.178779
0.102808	0.148409
0.102808	0.155241
0.102808	0.161936
0.102808	0.187085
0.102808	0.152611
0.203312	0.240878
0.203312	0.214494
0.203312	0.229982
0.203312	0.252497
0.203312	0.225092
0.203312	0.208956
0.203312	0.225454
0.203312	0.238343
0.203312	0.241230
0.095169	0.179856
0.095169	0.195337
0.095169	0.212455
0.095169	0.167150
0.095169	0.176828
0.095169	0.197144
0.095169	0.149533
0.095169	0.174727
0.155731	0.234696
0.155731	0.179956
0.155731	0.234539
0.155731	0.206957
0.197037	0.285437
0.197037	0.272160
0.197037	0.287883
0.197037	0.247853
0.197037	0.261494
0.197037	0.297186
0.119836	0.187262
0.119836	0.208292
0.119836	0.209581
0.119836	0.171093
0.119836	0.183065
0.119836	0.215267
0.119836	0.170116
0.097361	0.229679
0.097361	0.241474
0.097361	0.252116
0.097361	0.218017
0.097361	0.238166
0.097361	0.218875
0.136609	0.258255
0.136609	0.260027
0.136609	0.262872
0.136609	0.250085
0.136609	0.258440
0.136609	0.253305
0.136609	0.254263
0.136609	0.245558
0.136609	0.249174
0.105311	0.271758
0.105311	0.297002
0.105311	0.283081
0.105311	0.279298
0.105311	0.233180
0.105311	0.273148
0.105311	0.279756
0.082285	0.256465
0.082285	0.270367
0.082285	0.274930
0.082285	0.243769
0.082285	0.247231
0.082285	0.290515
0.082285	0.253027
0.082285	0.255595
0.082285	0.276782
0.082285	0.244665
0.082285	0.292859
0.098508	0.176503
0.098508	0.191584
0.098508	0.184202
0.098508	0.222324
0.098508	0.162899
0.098508	0.236884
0.098508	0.230698
0.125932	0.167698
0.125932	0.213589
0.125932	0.180788
0.125932	0.192637
0.097447	0.148296
0.097447	0.167342
0.097447	0.161995
0.097447	0.137695
0.097447	0.162664
0.097447	0.140637
0.097447	0.137612
0.135943	0.164000
0.135943	0.159886
0.135943	0.176360
0.135943	0.187040
0.135943	0.150186
0.135943	0.209525
0.135943	0.136865
0.135943	0.143248
0.107137	0.117694
0.107137	0.180934
0.107137	0.140884
0.107137	0.123255
0.107221	0.127667
0.107221	0.121322
0.107221	0.128848
0.107221	0.114342
0.148933	0.210274
0.148933	0.210110
0.148933	0.215473
0.148933	0.215611
0.148933	0.238732
0.148933	0.216926
0.148933	0.218842
0.148933	0.234249
0.255955	0.178449
0.255955	0.174033
0.255955	0.176537
0.255955	0.164611
0.255955	0.183380
0.097929	0.165926
0.097929	0.172699
0.097929	0.178465
0.097929	0.129151
0.097929	0.166123
0.097929	0.157108
0.097929	0.196959
0.097929	0.188163
0.132097	0.196893
0.132097	0.152686
0.132097	0.196717
0.132097	0.176851
0.132097	0.174812
0.329143	0.231306
0.329143	0.154321
0.329143	0.151758
0.329143	0.154872
0.329143	0.155274
0.329143	0.152461
0.329143	0.250010
0.329143	0.249299
0.329143	0.248683
0.329143	0.169978
0.329143	0.187917
0.097989	0.202680
0.097989	0.156633
0.097989	0.207239
0.097989	0.150101
0.216948	0.242547
0.216948	0.183306
0.216948	0.252521
0.216948	0.230954
0.216948	0.244132
0.216948	0.194901
0.216948	0.246731
0.216948	0.261264
0.216948	0.205380
0.091798	0.179681
0.091798	0.204586
0.091798	0.191945
0.091798	0.210166
0.091798	0.177702
0.091798	0.160691
0.091798	0.148361
0.091798	0.179437
0.072770	0.224391
0.072770	0.231725
0.072770	0.227576
0.072770	0.222714
0.072770	0.134586
0.072770	0.162314
0.072770	0.166645
0.072770	0.177370
0.072770	0.116888
0.094070	0.111011
0.094070	0.130865
0.094070	0.146130
0.094070	0.120627
0.094070	0.123215
0.094070	0.142491
0.094070	0.114861
0.094070	0.117748
0.114388	0.217335
0.114388	0.126205
0.114388	0.200645
0.114388	0.128976
0.114388	0.118457
0.114388	0.125982
0.092034	0.218813
0.092034	0.217304
0.092034	0.223203
0.092034	0.219232
0.092034	0.217085
0.092034	0.219435
0.092034	0.166073
0.092034	0.235179
0.248465	0.211547
0.248465	0.188434
0.248465	0.192250
0.248465	0.179741
0.248465	0.136621
0.248465	0.115437
0.248465	0.119859
0.145477	0.128360
0.145477	0.137344
0.145477	0.125506
0.145477	0.116186
0.145477	0.127593
0.145477	0.120455
0.145477	0.101019
0.250490	0.197697
0.250490	0.185628
0.250490	0.190020
0.250490	0.171261
0.250490	0.118186
0.250490	0.172105
0.250490	0.121317
0.109328	0.234889
0.109328	0.157815
0.109328	0.232889
0.109328	0.171153
0.109328	0.140009
0.109328	0.158697
0.109328	0.147087
0.109328	0.163493
0.109328	0.186650
0.138621	0.200380
0.138621	0.202964
0.138621	0.205222
0.138621	0.209603
0.138621	0.186790
0.138621	0.209702
0.138621	0.206441
0.138621	0.172189
0.138621	0.203744
0.138621	0.188379
0.138621	0.206232
0.138621	0.224096
0.120173	0.211371
0.120173	0.216448
0.120173	0.216327
0.120173	0.209070
0.120173	0.210804
0.120173	0.220875
0.120173	0.195265
0.120173	0.198812
0.120173	0.229408
0.120173	0.196672
0.120173	0.188580
0.120173	0.204312
0.120173	0.214179
0.120173	0.214154
0.100480	0.234604
0.100480	0.228751
0.100480	0.140786
0.100480	0.147520
0.100480	0.153372
0.100480	0.169504
0.100480	0.237869
0.040212	0.247815
0.040212	0.197118
0.040212	0.252293
0.040212	0.272069
0.040212	0.181696
0.040212	0.211838
0.040212	0.182409
0.040212	0.225703
0.040212	0.205214
0.196244	0.205884
0.196244	0.208299
0.196244	0.209936
0.196244	0.208554
0.196244	0.201030
0.196244	0.201391
0.196244	0.206597
0.196244	0.195109
0.168593	0.239787
0.168593	0.153250
0.168593	0.245327
0.168593	0.171639
0.168593	0.152042
0.168593	0.166573
0.168593	0.156383
0.234410	0.249163
0.234410	0.158625
0.234410	0.239536
0.234410	0.246894
0.234410	0.172317
0.159037	0.209459
0.159037	0.209480
0.159037	0.256026
0.159037	0.260355
0.159037	0.212914
0.159037	0.211569
0.159037	0.215271
0.159037	0.245228
0.159037	0.171483
0.273273	0.244897
0.273273	0.251758
0.273273	0.240564
0.273273	0.293617
0.273273	0.262092
0.273273	0.259265
0.273273	0.246612
0.273273	0.231787
0.273273	0.228186
0.217295	0.208686
0.217295	0.207576
0.217295	0.214273
0.217295	0.217295
0.217295	0.215685
0.217295	0.213546
0.217295	0.207862
0.217295	0.212980
0.217295	0.210654
0.217295	0.214860
0.217295	0.208075
0.217295	0.206095
0.217295	0.228538
0.217295	0.214002
0.279369	0.235099
0.279369	0.202741
0.279369	0.232741
0.279369	0.213570
0.279369	0.195809
0.279369	0.158138
0.279369	0.153739
0.279369	0.188006
0.156642	0.220456
0.156642	0.160168
0.156642	0.215936
0.156642	0.138470
0.138917	0.118522
0.138917	0.119841
0.138917	0.132243
0.138917	0.115141
0.138917	0.122345
0.138917	0.122359
0.138917	0.103064
0.138917	0.124113
0.074239	0.109482
0.074239	0.113069
0.074239	0.128163
0.074239	0.102544
0.074239	0.097434
0.074239	0.137913
0.074239	0.139602
0.141948	0.091792
0.141948	0.090878
0.141948	0.101003
0.141948	0.084033
0.141948	0.088086
0.141948	0.100303
0.141948	0.094942
0.141948	0.111134
0.094583	0.098208
0.094583	0.105793
0.094583	0.110531
0.094583	0.089593
0.094583	0.096112
0.094583	0.118169
0.094583	0.088219
0.094583	0.269420
0.076291	0.208384
0.076291	0.200817
0.076291	0.221548
0.076291	0.202498
0.076291	0.173753
0.076291	0.220343
0.076291	0.230865
0.076291	0.187203
0.076291	0.147571
0.076291	0.144282
0.127531	0.088148
0.127531	0.095846
0.127531	0.097033
0.127531	0.087006
0.127531	0.082261
0.127531	0.089493
0.127531	0.083893
0.127531	0.117987
0.089222	0.098328
0.089222	0.106122
0.089222	0.124648
0.089222	0.214924
0.089222	0.099470
0.071618	0.107533
0.071618	0.135908
0.071618	0.134871
0.071618	0.135712
0.071618	0.098207
0.071618	0.113854
0.071618	0.128016
0.199760	0.163603
0.199760	0.189280
0.199760	0.199558
0.199760	0.205019
0.199760	0.133570
0.199760	0.192383
0.199760	0.153464
0.199760	0.233321
0.199760	0.143217
0.199760	0.240609
0.199760	0.187784
0.199760	0.159950
0.157748	0.127137
0.157748	0.136726
0.157748	0.151785
0.157748	0.135078
0.157748	0.139704
0.157748	0.139259
0.157748	0.130704
0.241171	0.157924
0.241171	0.136622
0.241171	0.147693
0.241171	0.191293
0.241171	0.196993
0.513823	0.184003
0.513823	0.150926
0.513823	0.190507
0.513823	0.167613
0.529586	0.216217
0.529586	0.192742
0.529586	0.210180
0.529586	0.141752
0.133610	0.202924
0.133610	0.169797
0.133610	0.184421
0.133610	0.193405
0.133610	0.185547
0.133610	0.183510
0.133610	0.191637
0.133610	0.157424
0.267690	0.217149
0.267690	0.154865
0.267690	0.211223
0.267690	0.211636
0.267690	0.159528
0.267690	0.168239
0.267690	0.208883
0.137536	0.133819
0.137536	0.234736
0.137536	0.248479
0.137536	0.236015
0.137536	0.155039
0.137536	0.237968
0.137536	0.229380
0.137536	0.186224
0.112394	0.170885
0.112394	0.232357
0.112394	0.240592
0.112394	0.186190
0.112394	0.228714
0.112394	0.197770
0.112394	0.191819
0.112394	0.260895
0.112394	0.243582
0.111744	0.194814
0.111744	0.185182
0.111744	0.190021
0.111744	0.236126
0.111744	0.207796
0.111744	0.185045
0.111744	0.185031
0.162127	0.234452
0.162127	0.211374
0.162127	0.230588
0.162127	0.235002
0.162127	0.228598
0.162127	0.225158
0.162127	0.227647
0.087429	0.229119
0.087429	0.250362
0.087429	0.240612
0.087429	0.277416
0.087429	0.256760
0.087429	0.241799
0.087429	0.309375
0.087429	0.247524
0.118708	0.257699
0.118708	0.279111
0.118708	0.260379
0.118708	0.278731
0.118708	0.252886
0.118708	0.267923
0.118708	0.241736
0.118708	0.255313
0.118708	0.201471
0.134883	0.226039
0.134883	0.228310
0.134883	0.230993
0.134883	0.251131
0.134883	0.224790
0.134883	0.220107
0.134883	0.242799
0.171158	0.251248
0.171158	0.233290
0.171158	0.227671
0.171158	0.266133
0.171158	0.247539
0.171158	0.260150
0.171158	0.233892
0.171158	0.256297
0.171158	0.188704
0.098011	0.252175
0.098011	0.212530
0.098011	0.255179
0.098011	0.255022
0.098011	0.213560
0.098011	0.191170
0.141222	0.190687
0.141222	0.188126
0.141222	0.241654
0.141222	0.252433
0.141222	0.200277
0.141222	0.173813
0.178328	0.256094
0.178328	0.264099
0.178328	0.258818
0.178328	0.217071
0.178328	0.209941
0.178328	0.208784
0.168969	0.257214
0.168969	0.275215
0.168969	0.260721
0.168969	0.265585
0.168969	0.257004
0.168969	0.206866
0.168969	0.230332
0.168969	0.219801
0.115157	0.213594
0.115157	0.214015
0.115157	0.217147
0.115157	0.210622
0.115157	0.216333
0.115157	0.212803
0.115157	0.211069
0.115157	0.294621
0.049278	0.215690
0.049278	0.217838
0.049278	0.219432
0.049278	0.214711
0.049278	0.217935
0.049278	0.217262
0.049278	0.211878
0.049278	0.228477
0.255209	0.271227
0.255209	0.275654
0.255209	0.274797
0.255209	0.268394
0.255209	0.229941
0.255209	0.217166
0.255209	0.219579
0.255209	0.226895
0.255209	0.213607
0.255209	0.237998
0.255209	0.332507
0.189344	0.229126
0.189344	0.241922
0.189344	0.232768
0.189344	0.238049
0.189344	0.225572
0.189344	0.235608
0.189344	0.219590
0.189344	0.229546
0.189344	0.212613
0.189344	0.230167
0.189344	0.236971
0.101902	0.205371
0.101902	0.207834
0.101902	0.209222
0.101902	0.209904
0.101902	0.204799
0.101902	0.213292
0.101902	0.203685
0.101902	0.214138
0.101902	0.204306
0.101902	0.211839
0.101902	0.208732
0.101902	0.203620
0.104977	0.234666
0.104977	0.239372
0.104977	0.244188
0.104977	0.223918
0.104977	0.213367
0.104977	0.250278
0.104977	0.158859
0.104977	0.188072
0.104977	0.199733
0.123332	0.246823
0.123332	0.264697
0.123332	0.259382
0.123332	0.215160
0.123332	0.220775
0.123332	0.197507
0.123332	0.207724
0.123332	0.209233
0.282996	0.236396
0.282996	0.210574
0.282996	0.239845
0.282996	0.259558
0.282996	0.240502
0.282996	0.243796
0.282996	0.215851
0.282996	0.239051
0.282996	0.197448
0.282996	0.241972
0.282996	0.243263
0.282996	0.236110
0.282996	0.240209
0.282996	0.233934
0.160191	0.212413
0.160191	0.243899
0.160191	0.252906
0.160191	0.230190
0.160191	0.211624
0.160191	0.197246
0.160191	0.184955
0.160191	0.199252
0.160191	0.231920
0.167636	0.234802
0.167636	0.223888
0.167636	0.233612
0.167636	0.169494
0.167636	0.213586
0.167636	0.242325
0.167636	0.225833
0.251499	0.247346
0.251499	0.182234
0.251499	0.173237
0.251499	0.186231
0.251499	0.212060
0.316012	0.250783
0.316012	0.200610
0.316012	0.223703
0.316012	0.260165
0.316012	0.197478
0.316012	0.257233
0.316012	0.243324
0.316012	0.252410
0.316012	0.252248
0.316012	0.256514
0.316012	0.250306
0.316012	0.251425
0.316012	0.243742
0.316012	0.249598
0.069683	0.143697
0.069683	0.143928
0.069683	0.226130
0.069683	0.218803
0.069683	0.145352
0.131436	0.217698
0.131436	0.206454
0.131436	0.213632
0.131436	0.140437
0.131436	0.127415
0.131436	0.261544
0.131436	0.197275
0.074025	0.177575
0.074025	0.123158
0.074025	0.211700
0.074025	0.136919
0.203928	0.223063
0.203928	0.149582
0.203928	0.223904
0.203928	0.239744
0.203928	0.214145
0.203928	0.145097
0.203928	0.169361
0.267208	0.237104
0.267208	0.230556
0.267208	0.242743
0.267208	0.239765
0.267208	0.230046
0.267208	0.261260
0.267208	0.266819
0.267208	0.184602
0.267208	0.220133
0.389876	0.246988
0.389876	0.248606
0.389876	0.253375
0.389876	0.254131
0.389876	0.249696
0.389876	0.258964
0.389876	0.257908
0.389876	0.266573
0.389876	0.254802
0.389876	0.259643
0.389876	0.261121
0.377130	0.188154
0.377130	0.189909
0.377130	0.191171
0.377130	0.195028
0.377130	0.190786
0.377130	0.195819
0.377130	0.139715
0.377130	0.144324
0.331778	0.350823
0.331778	0.282021
0.331778	0.293663
0.331778	0.330840
0.331778	0.331790
0.331778	0.308881
0.331778	0.374874
0.331778	0.269983
0.331778	0.374302
0.331778	0.216478
0.331778	0.341646
0.331778	0.323224
0.125483	0.181352
0.125483	0.182084
0.125483	0.203863
0.125483	0.184303
0.125483	0.146884
0.148298	0.231099
0.148298	0.226226
0.148298	0.239028
0.148298	0.241130
0.148298	0.249081
0.148298	0.237570
0.148298	0.248853
0.148298	0.256955
0.090937	0.164681
0.090937	0.148612
0.090937	0.166467
0.090937	0.165447
0.090937	0.137119
0.090937	0.154193
0.083140	0.117612
0.083140	0.112342
0.083140	0.125135
0.083140	0.116363
0.083140	0.102064
0.083140	0.142933
0.134802	0.105228
0.134802	0.108069
0.134802	0.119062
0.134802	0.106518
0.134802	0.114937
0.134802	0.126440
0.134802	0.084281
0.134802	0.166255
0.114619	0.115332
0.114619	0.115973
0.114619	0.129489
0.114619	0.113982
0.158326	0.116722
0.158326	0.117621
0.158326	0.124953
0.158326	0.106624
0.158326	0.114641
0.158326	0.114343
0.158326	0.132086
0.158326	0.142913
0.107344	0.118333
0.107344	0.139626
0.107344	0.131014
0.107344	0.129829
0.107344	0.092554
0.107344	0.143058
0.107344	0.114714
0.107344	0.185295
0.107344	0.122953
0.107344	0.216205
0.107344	0.155851
0.078057	0.108813
0.078057	0.131614
0.078057	0.118007
0.078057	0.129710
0.177113	0.149861
0.177113	0.187254
0.177113	0.181725
0.177113	0.160240
0.177113	0.194094
0.102368	0.128679
0.102368	0.141023
0.102368	0.146680
0.102368	0.127239
0.102368	0.141145
0.102368	0.132875
0.102368	0.117212
0.102368	0.149745
0.077908	0.149137
0.077908	0.167955
0.077908	0.159677
0.077908	0.186922
0.077908	0.228896
0.132359	0.137882
0.132359	0.159000
0.132359	0.153548
0.132359	0.139294
0.132359	0.155967
0.132359	0.162134
0.132359	0.140225
0.099899	0.228060
0.099899	0.237080
0.099899	0.231486
0.099899	0.241113
0.099899	0.243203
0.099899	0.225793
0.099899	0.238737
0.099899	0.177927
0.099899	0.193713
0.100155	0.239048
0.100155	0.155763
0.100155	0.236937
0.100155	0.156044
0.100155	0.179124
0.100155	0.232059
0.100155	0.226122
0.258958	0.243483
0.258958	0.164546
0.258958	0.250139
0.258958	0.158516
0.258958	0.165997
0.258958	0.245914
0.079762	0.243730
0.079762	0.189758
0.079762	0.175201
0.079762	0.186149
0.111444	0.223268
0.111444	0.228443
0.111444	0.234667
0.111444	0.210691
0.111444	0.223039
0.111444	0.164630
0.111444	0.183716
0.111444	0.199907
0.077466	0.227204
0.077466	0.179577
0.077466	0.218592
0.077466	0.216505
0.077466	0.187999
0.077466	0.166774
0.061781	0.168020
0.061781	0.206078
0.061781	0.208697
0.061781	0.205824
0.061781	0.175843
0.061781	0.214347
0.061781	0.204304
0.061781	0.205763
0.061781	0.209277
0.061781	0.219145
0.061781	0.206947
0.115654	0.241853
0.115654	0.222565
0.115654	0.228217
0.115654	0.224871
0.115654	0.235290
0.115654	0.234466
0.115654	0.198072
0.115654	0.217186
0.115654	0.208011
0.103570	0.230221
0.103570	0.237833
0.103570	0.233297
0.103570	0.228660
0.103570	0.245526
0.103570	0.247412
0.103570	0.205246
0.103570	0.210128
0.103570	0.171882
0.174192	0.207883
0.174192	0.207585
0.174192	0.210067
0.174192	0.206623
0.174192	0.204464
0.078691	0.238115
0.078691	0.238577
0.078691	0.245958
0.078691	0.234637
0.078691	0.236475
0.078691	0.239729
0.078691	0.210970
0.078691	0.235711
0.207449	0.230944
0.207449	0.231535
0.207449	0.237290
0.207449	0.236347
0.207449	0.363371
0.207449	0.374278
0.207449	0.355298
0.207449	0.368812
0.207449	0.369483
0.187160	0.237285
0.187160	0.240988
0.187160	0.243393
0.187160	0.183158
0.187160	0.160311
0.187160	0.244133
0.187160	0.208609
0.460396	0.236599
0.460396	0.245831
0.460396	0.243209
0.460396	0.245873
0.460396	0.243816
0.460396	0.250151
0.460396	0.242128
0.460396	0.251241
0.460396	0.244054
0.460396	0.256202
0.460396	0.226366
0.066666	0.199396
0.066666	0.212926
0.066666	0.218117
0.066666	0.189793
0.066666	0.196665
0.066666	0.208069
0.066666	0.159042
0.074854	0.266007
0.074854	0.269281
0.074854	0.279353
0.074854	0.261194
0.074854	0.261890
0.074854	0.282383
0.074854	0.263931
0.074854	0.278016
0.074854	0.272824
0.074854	0.278839
0.074854	0.270446
0.283162	0.227152
0.283162	0.266524
0.283162	0.228489
0.283162	0.257420
0.283162	0.245928
0.283162	0.260827
0.283162	0.234373
0.283162	0.237635
0.283162	0.220643
0.146163	0.244113
0.146163	0.242153
0.146163	0.242165
0.146163	0.316110
0.146163	0.233672
0.146163	0.231774
0.146163	0.224774
0.179925	0.206829
0.179925	0.232284
0.179925	0.217307
0.179925	0.228156
0.179925	0.213976
0.179925	0.204188
0.179925	0.229795
0.179925	0.232277
0.208379	0.226293
0.208379	0.249919
0.208379	0.231482
0.208379	0.236110
0.208379	0.242333
0.208379	0.246661
0.208379	0.258332
0.208379	0.249517
0.208379	0.226932
0.108000	0.204614
0.108000	0.201285
0.108000	0.215702
0.108000	0.231234
0.108000	0.196795
0.108000	0.202871
0.108000	0.214360
0.108000	0.172875
0.212863	0.223706
0.212863	0.253095
0.212863	0.229603
0.212863	0.266104
0.212863	0.256344
0.212863	0.236662
0.212863	0.259231
0.212863	0.259400
0.124752	0.223828
0.124752	0.227452
0.124752	0.227289
0.124752	0.230097
0.124752	0.224886
0.124752	0.230043
0.124752	0.244791
0.124752	0.273908
0.124752	0.260899
0.124752	0.240974
0.076667	0.244357
0.076667	0.238721
0.076667	0.242572
0.076667	0.335881
0.076667	0.200184
0.076667	0.237567
0.076667	0.189055
0.100014	0.296889
0.100014	0.307379
0.100014	0.313500
0.100014	0.294682
0.100014	0.292556
0.100014	0.310425
0.100014	0.302826
0.100014	0.307890
0.100014	0.307304
0.100014	0.315869
0.100014	0.318016
0.100014	0.290351
0.100014	0.274112
0.100014	0.252298
0.120764	0.284135
0.120764	0.271281
0.120764	0.285170
0.120764	0.309005
0.120764	0.268317
0.120764	0.277946
0.120764	0.318188
0.120764	0.262799
0.131370	0.217641
0.131370	0.223830
0.131370	0.221637
0.131370	0.234105
0.131370	0.369658
0.131370	0.325050
0.131370	0.406547
0.131370	0.353155
0.094902	0.327696
0.094902	0.216071
0.094902	0.221586
0.094902	0.380070
0.094902	0.362649
0.094902	0.214673
0.094902	0.215344
0.094615	0.205310
0.094615	0.300123
0.094615	0.202919
0.094615	0.199245
0.094615	0.350715
0.094615	0.199660
0.094615	0.195893
0.034738	0.196203
0.034738	0.191247
0.034738	0.259726
0.034738	0.275384
0.034738	0.289834
0.034738	0.278128
0.034738	0.292629
0.093559	0.205755
0.093559	0.276369
0.093559	0.202089
0.093559	0.329326
0.093559	0.313400
0.088567	0.242179
0.088567	0.247845
0.088567	0.247543
0.088567	0.246562
0.088567	0.231365
0.088567	0.239409
0.088567	0.256950
0.088567	0.284480
0.088567	0.323794
0.125806	0.214756
0.125806	0.225747
0.125806	0.222771
0.125806	0.249193
0.125806	0.363504
0.125806	0.324657
0.125806	0.278934
0.125806	0.282243
0.125806	0.297817
0.207731	0.261847
0.207731	0.331747
0.207731	0.253665
0.207731	0.365165
0.207731	0.332664
0.207731	0.261289
0.207731	0.317039
0.207731	0.330769
0.207731	0.288061
0.202978	0.220470
0.202978	0.245088
0.202978	0.239076
0.202978	0.225293
0.202978	0.231559
0.202978	0.229347
0.202978	0.374722
0.202978	0.365127
0.095089	0.207381
0.095089	0.205745
0.095089	0.215990
0.095089	0.283824
0.095089	0.214277
0.095089	0.215190
0.095089	0.204774
0.095089	0.294075
0.095089	0.216431
0.095089	0.268777
0.095089	0.208249
0.095089	0.238077
0.077741	0.171551
0.077741	0.192430
0.077741	0.178641
0.077741	0.165221
0.077741	0.137309
0.103045	0.218567
0.103045	0.218513
0.103045	0.223685
0.103045	0.226247
0.103045	0.237340
0.103045	0.227755
0.103045	0.254269
0.103045	0.231780
0.103045	0.288659
0.103045	0.238812
0.103045	0.227329
0.103045	0.399765
0.103045	0.281540
0.103045	0.227212
0.074524	0.192016
0.074524	0.158105
0.074524	0.195814
0.074524	0.186726
0.087348	0.207332
0.087348	0.206464
0.087348	0.213688
0.087348	0.243726
0.087348	0.261639
0.087348	0.208715
0.087348	0.207104
0.087348	0.350460
0.087348	0.207314
0.087348	0.275220
0.087348	0.208430
0.087348	0.221001
0.078886	0.217390
0.078886	0.219864
0.078886	0.215762
0.078886	0.219783
0.078886	0.217470
0.078886	0.340329
0.078886	0.328875
0.078886	0.231067
0.078886	0.313573
0.078886	0.333976
0.078886	0.374217
0.081287	0.320126
0.081287	0.287715
0.081287	0.271085
0.081287	0.286045
0.081287	0.280220
0.081287	0.286440
0.081287	0.288715
0.081287	0.326010
0.081287	0.272551
0.118820	0.291904
0.118820	0.313117
0.118820	0.214902
0.118820	0.307195
0.087384	0.214077
0.087384	0.291062
0.087384	0.219101
0.087384	0.215874
0.087384	0.303846
0.087384	0.300216
0.087384	0.347209
0.087384	0.304236
0.087384	0.285927
0.061224	0.296334
0.061224	0.211513
0.061224	0.212191
0.061224	0.311333
0.061224	0.382012
0.056052	0.192831
0.056052	0.268218
0.056052	0.193314
0.056052	0.194670
0.056052	0.289801
0.056052	0.324620
0.056052	0.199885
0.077267	0.302771
0.077267	0.215241
0.077267	0.220130
0.077267	0.355607
0.077267	0.351320
0.077267	0.295608
0.077267	0.219744
0.077267	0.334109
0.077267	0.221828
0.077267	0.309749
0.161074	0.318079
0.161074	0.321990
0.161074	0.302501
0.161074	0.375174
0.161074	0.299186
0.161074	0.463495
0.161074	0.378571
0.077458	0.297587
0.077458	0.175941
0.077458	0.280234
0.077458	0.289652
0.077458	0.247074
0.077458	0.282021
0.093657	0.277716
0.093657	0.282928
0.093657	0.275026
0.093657	0.265261
0.093657	0.233435
0.093657	0.211058
0.093657	0.199234
0.069140	0.233722
0.069140	0.245323
0.069140	0.164301
0.069140	0.162116
0.144661	0.263869
0.144661	0.191274
0.144661	0.212664
0.144661	0.257417
0.144661	0.196493
0.131406	0.146479
0.131406	0.198140
0.131406	0.200995
0.131406	0.189141
0.131406	0.202189
0.131406	0.195160
0.131406	0.166977
0.131406	0.173892
0.050249	0.241548
0.050249	0.250768
0.050249	0.249071
0.050249	0.241504
0.050249	0.257818
0.050249	0.257908
0.050249	0.197714
0.050249	0.265440
0.104254	0.236514
0.104254	0.239066
0.104254	0.238051
0.104254	0.271318
0.104254	0.183219
0.120673	0.246134
0.120673	0.244127
0.120673	0.255331
0.120673	0.256342
0.120673	0.247342
0.120673	0.223715
0.120673	0.253689
0.120673	0.173206
0.120673	0.197832
0.101029	0.206972
0.101029	0.232626
0.101029	0.238281
0.101029	0.223860
0.101029	0.210072
0.190680	0.329905
0.190680	0.330624
0.190680	0.343761
0.190680	0.336207
0.190680	0.353025
0.190680	0.364206
0.190680	0.372922
0.190680	0.381273
0.190680	0.234697
0.190680	0.429181
0.190680	0.235180
0.190680	0.317784
0.210227	0.216873
0.210227	0.279648
0.210227	0.236314
0.210227	0.254835
0.139022	0.202980
0.139022	0.202595
0.139022	0.222797
0.139022	0.197845
0.139022	0.213880
0.139022	0.161012
0.139022	0.273050
0.163311	0.235621
0.163311	0.233592
0.163311	0.250616
0.163311	0.246052
0.163311	0.262892
0.163311	0.228881
0.163311	0.227724
0.163311	0.246736
0.163311	0.269353
0.072071	0.146182
0.072071	0.141138
0.072071	0.158055
0.072071	0.146902
0.072071	0.120428
0.072071	0.139443
0.110276	0.127250
0.110276	0.133204
0.110276	0.137954
0.110276	0.106918
0.110276	0.119774
0.110276	0.141431
0.110276	0.094983
0.134757	0.108681
0.134757	0.105364
0.134757	0.106031
0.134757	0.093741
0.134757	0.119731
0.134757	0.093386
0.134757	0.091771
0.134757	0.078630
0.200526	0.224260
0.200526	0.214728
0.200526	0.230928
0.200526	0.247323
0.200526	0.250399
0.200526	0.250784
0.200526	0.237100
0.200526	0.222184
0.200526	0.227466
0.083934	0.208143
0.083934	0.207665
0.083934	0.218967
0.083934	0.206517
0.083934	0.198590
0.083934	0.211647
0.083934	0.260826
0.083934	0.214328
0.098178	0.123758
0.098178	0.133726
0.098178	0.143469
0.098178	0.118572
0.098178	0.118897
0.098178	0.105593
0.098178	0.101025
0.098178	0.185234
0.181867	0.122361
0.181867	0.145485
0.181867	0.135191
0.181867	0.113657
0.181867	0.114125
0.177148	0.246675
0.177148	0.248994
0.177148	0.246646
0.177148	0.241508
0.177148	0.248969
0.177148	0.260006
0.177148	0.240643
0.177148	0.247646
0.177148	0.247196
0.177148	0.245069
0.177148	0.290448
0.087070	0.249379
0.087070	0.282383
0.087070	0.272460
0.087070	0.235772
0.087070	0.253404
0.087070	0.279679
0.087070	0.316128
0.087070	0.266820
0.087070	0.270925
0.087070	0.273165
0.087070	0.275018
0.087070	0.236768
0.087070	0.288736
0.087070	0.253844
0.107025	0.091666
0.107025	0.121312
0.107025	0.104729
0.107025	0.086850
0.107025	0.097658
0.107025	0.087765
0.107025	0.095238
0.075146	0.217097
0.075146	0.228273
0.075146	0.230031
0.075146	0.261874
0.075146	0.274104
0.075146	0.252496
0.075146	0.244375
0.075146	0.273519
0.075146	0.243438
0.168003	0.188719
0.168003	0.211940
0.168003	0.199702
0.168003	0.175910
0.168003	0.192976
0.168003	0.219658
0.044565	0.202034
0.044565	0.204302
0.044565	0.208287
0.044565	0.242915
0.044565	0.206053
0.044565	0.206681
0.044565	0.247384
0.044565	0.205865
0.074963	0.164660
0.074963	0.179776
0.074963	0.180007
0.074963	0.247622
0.074963	0.202850
0.074963	0.165164
0.074963	0.195204
0.074963	0.129660
0.125996	0.220893
0.125996	0.235320
0.125996	0.228475
0.125996	0.257281
0.125996	0.267868
0.125996	0.267675
0.125996	0.277232
0.125996	0.251630
0.125996	0.253098
0.145421	0.200407
0.145421	0.196739
0.145421	0.199944
0.145421	0.197518
0.145421	0.197447
0.145421	0.249357
0.145421	0.242029
0.162848	0.184383
0.162848	0.183450
0.162848	0.184644
0.162848	0.152828
0.162848	0.158463
0.162848	0.186421
0.162848	0.222636
0.162848	0.158810
0.039164	0.233274
0.039164	0.271043
0.039164	0.248889
0.039164	0.290004
0.039164	0.282621
0.039164	0.271822
0.039164	0.281338
0.039164	0.283485
0.051449	0.213360
0.051449	0.247006
0.051449	0.219036
0.051449	0.228348
0.051449	0.208662
0.051449	0.253318
0.051449	0.220119
0.051449	0.205026
0.211405	0.203015
0.211405	0.251130
0.211405	0.241243
0.211405	0.266069
0.211405	0.272274
0.211405	0.250116
0.211405	0.259183
0.211405	0.306931
0.255728	0.204122
0.255728	0.139257
0.255728	0.201813
0.255728	0.199593
0.255728	0.138200
0.255728	0.139769
0.255728	0.145658
0.255728	0.145143
0.255728	0.211085
0.075962	0.161423
0.075962	0.204113
0.075962	0.202263
0.075962	0.202049
0.075962	0.172096
0.075962	0.166086
0.075962	0.169211
0.075962	0.176488
0.075962	0.147434
0.168678	0.184751
0.168678	0.182452
0.168678	0.183931
0.168678	0.184619
0.168678	0.182717
0.168678	0.189559
0.168678	0.160520
0.067124	0.179105
0.067124	0.182208
0.067124	0.191954
0.067124	0.176270
0.067124	0.169165
0.067124	0.187095
0.067124	0.169709
0.067124	0.163017
0.105404	0.202637
0.105404	0.203925
0.105404	0.207319
0.105404	0.224263
0.105404	0.198778
0.105404	0.225465
0.105404	0.155967
0.105404	0.161626
0.105404	0.150501
0.086882	0.206333
0.086882	0.227270
0.086882	0.208749
0.086882	0.212062
0.086882	0.231240
0.086882	0.188760
0.086882	0.230503
0.086882	0.234596
0.086882	0.181358
0.123628	0.148180
0.123628	0.115730
0.123628	0.168224
0.123628	0.148308
0.102986	0.167061
0.102986	0.180471
0.102986	0.179427
0.102986	0.175349
0.102986	0.163964
0.102986	0.175958
0.102986	0.169194
0.102986	0.169661
0.187519	0.213218
0.187519	0.226680
0.187519	0.222684
0.187519	0.228794
0.187519	0.182291
0.187519	0.228040
0.187519	0.154781
0.187519	0.183644
0.187519	0.195222
0.154793	0.142593
0.154793	0.152965
0.154793	0.154160
0.154793	0.151909
0.154793	0.154712
0.154793	0.148390
0.154793	0.165650
0.154793	0.241819
0.072820	0.152753
0.072820	0.147784
0.072820	0.169607
0.072820	0.164412
0.072820	0.135673
0.098137	0.246374
0.098137	0.245782
0.098137	0.249612
0.098137	0.250708
0.098137	0.250011
0.098137	0.249467
0.098137	0.248387
0.098137	0.253797
0.098137	0.250936
0.091350	0.158396
0.091350	0.148554
0.091350	0.170337
0.091350	0.166659
0.091350	0.244669
0.091350	0.237038
0.173929	0.246401
0.173929	0.246704
0.173929	0.248576
0.173929	0.244011
0.173929	0.245727
0.173929	0.245647
0.173929	0.246934
0.173929	0.247968
0.173929	0.247919
0.173929	0.190542
0.173929	0.249446
0.078731	0.198685
0.078731	0.203745
0.078731	0.202054
0.078731	0.244051
0.078731	0.202694
0.078731	0.209997
0.078731	0.211400
0.078731	0.212734
0.078731	0.202871
0.078731	0.189908
0.078731	0.209345
0.078731	0.191743
0.110573	0.215483
0.110573	0.208505
0.110573	0.227163
0.110573	0.218393
0.110573	0.225707
0.110573	0.219638
0.110573	0.214284
0.110573	0.215824
0.110573	0.238762
0.110573	0.227510
0.110573	0.204343
0.110573	0.195394
0.110573	0.227254
0.110573	0.166862
0.176396	0.233182
0.176396	0.232092
0.176396	0.244854
0.176396	0.242451
0.176396	0.236342
0.176396	0.245631
0.176396	0.262814
0.176396	0.200082
0.176396	0.200181
0.312264	0.217695
0.312264	0.225352
0.312264	0.218163
0.312264	0.221147
0.312264	0.211049
0.312264	0.218405
0.312264	0.221007
0.476470	0.213227
0.476470	0.208635
0.476470	0.227822
0.476470	0.233351
0.180482	0.267330
0.180482	0.246246
0.180482	0.239721
0.180482	0.268163
0.180482	0.255840
0.180482	0.212089
0.180482	0.211805
0.180482	0.237648
0.452123	0.209153
0.452123	0.201755
0.452123	0.209538
0.452123	0.205942
0.452123	0.227910
0.452123	0.202147
0.452123	0.227645
0.452123	0.300115
0.091501	0.201937
0.091501	0.203196
0.091501	0.216702
0.091501	0.224213
0.091501	0.196380
0.091501	0.214462
0.091501	0.207433
0.091501	0.203096
0.091501	0.240023
0.091501	0.141422
0.091501	0.205150
0.091501	0.134881
0.136648	0.223368
0.136648	0.218463
0.136648	0.223747
0.136648	0.226676
0.136648	0.228121
0.136648	0.220205
0.136648	0.225892
0.136648	0.234604
0.136648	0.237550
0.090458	0.137550
0.090458	0.121109
0.090458	0.141822
0.090458	0.141473
0.084078	0.145851
0.084078	0.159877
0.084078	0.158401
0.084078	0.152803
0.084078	0.156667
0.084078	0.139285
0.084078	0.191442
0.084078	0.149578
0.096868	0.208145
0.096868	0.161360
0.096868	0.173268
0.096868	0.232359
0.099707	0.293358
0.099707	0.303405
0.099707	0.307608
0.099707	0.297805
0.099707	0.300050
0.099707	0.320039
0.099707	0.298775
0.099707	0.307237
0.099707	0.325613
0.099707	0.315730
0.099707	0.286169
0.099707	0.263059
0.099707	0.291753
0.099707	0.317225
0.314864	0.255461
0.314864	0.258336
0.314864	0.263056
0.314864	0.252033
0.314864	0.257439
0.314864	0.259875
0.314864	0.262927
0.314864	0.288850
0.314864	0.303350
0.097714	0.210252
0.097714	0.197151
0.097714	0.216013
0.097714	0.196195
0.097714	0.188363
0.097714	0.173144
0.097714	0.210592
0.097714	0.241987
0.234881	0.190578
0.234881	0.195218
0.234881	0.194431
0.234881	0.188741
0.234881	0.203148
0.234881	0.185164
0.234881	0.203702
0.234881	0.286827
0.179522	0.262117
0.179522	0.229324
0.179522	0.236878
0.179522	0.253099
0.179522	0.229683
0.179522	0.167698
0.179522	0.197954
0.179522	0.210907
0.218042	0.228444
0.218042	0.226868
0.218042	0.235853
0.218042	0.252876
0.218042	0.223827
0.218042	0.234023
0.218042	0.224829
0.218042	0.230485
0.218042	0.290099
0.218042	0.235912
0.218042	0.240050
0.218042	0.261334
0.218042	0.249988
0.218042	0.245928
0.280780	0.235621
0.280780	0.229117
0.280780	0.232021
0.280780	0.292545
0.280780	0.282654
0.280780	0.259149
0.280780	0.261393
0.363283	0.201669
0.363283	0.207283
0.363283	0.205984
0.363283	0.235580
0.363283	0.202247
0.363283	0.181657
0.363283	0.200391
0.377550	0.272129
0.377550	0.283348
0.377550	0.235795
0.377550	0.234570
0.377550	0.312012
0.377550	0.282249
0.377550	0.278215
0.377550	0.295525
0.165395	0.229727
0.165395	0.232615
0.165395	0.226563
0.165395	0.222869
0.165395	0.233531
0.165395	0.248258
0.165395	0.241032
0.219804	0.232818
0.219804	0.241545
0.219804	0.238102
0.219804	0.232206
0.219804	0.282652
0.219804	0.278317
0.219804	0.285058
0.219804	0.277363
0.348307	0.199101
0.348307	0.184390
0.348307	0.199839
0.348307	0.241881
0.348307	0.192461
0.348307	0.196160
0.409801	0.195395
0.409801	0.213328
0.409801	0.200525
0.409801	0.211295
0.409801	0.202708
0.409801	0.208695
0.409801	0.202816
0.409801	0.195062
0.289428	0.197678
0.289428	0.201715
0.289428	0.204675
0.289428	0.203730
0.289428	0.205060
0.289428	0.202392
0.289428	0.221488
0.289428	0.218613
0.584073	0.223744
0.584073	0.234690
0.584073	0.226528
0.584073	0.228092
0.584073	0.251792
0.584073	0.234560
0.584073	0.249363
0.584073	0.248354
0.846951	0.233367
0.846951	0.236414
0.846951	0.239502
0.846951	0.248266
0.974963	0.284415
0.974963	0.352040
0.974963	0.290166
0.974963	0.296988
0.974963	0.281088
0.974963	0.271888
0.764347	0.282781
0.764347	0.287409
0.764347	0.284713
0.764347	0.278983
0.764347	0.265178
0.764347	0.259970
0.764347	0.306372
0.764347	0.289963
0.736487	0.305580
0.736487	0.299655
0.736487	0.307428
0.736487	0.302624
0.736487	0.341382
0.736487	0.306077
0.736487	0.351959
0.736487	0.378142
0.422919	0.321164
0.422919	0.324305
0.422919	0.323301
0.422919	0.335067
0.422919	0.327227
0.422919	0.327329
0.422919	0.327971
0.422919	0.324876
0.422919	0.296097
0.802383	0.246869
0.802383	0.251878
0.802383	0.250308
0.802383	0.255821
0.802383	0.246263
0.802383	0.219317
0.802383	0.253041
0.802383	0.227054
0.909542	0.265284
0.909542	0.316388
0.909542	0.269573
0.909542	0.321184
0.909542	0.329461
0.520376	0.315751
0.520376	0.319161
0.520376	0.339572
0.520376	0.203135
0.520376	0.199830
0.520376	0.315844
0.520376	0.230793
0.520376	0.254477
0.652506	0.231475
0.652506	0.180886
0.652506	0.231941
0.652506	0.257949
0.652506	0.199876
0.211396	0.174226
0.211396	0.217968
0.211396	0.223577
0.211396	0.182286
0.211396	0.192300
0.508152	0.257950
0.508152	0.256774
0.508152	0.260153
0.508152	0.254744
0.508152	0.261235
0.508152	0.235404
0.508152	0.273312
0.508152	0.233462
0.508152	0.222885
0.508152	0.294652
0.508152	0.253844
0.237429	0.243584
0.237429	0.235953
0.237429	0.242025
0.237429	0.237647
0.237429	0.236599
0.237429	0.182565
0.237429	0.207024
0.162465	0.193788
0.162465	0.193824
0.162465	0.197156
0.162465	0.162640
0.162465	0.193531
0.162465	0.178074
0.162465	0.181099
0.389086	0.248981
0.389086	0.189193
0.389086	0.258068
0.389086	0.248383
0.389086	0.219863
0.389086	0.215695
0.389086	0.226831
0.389086	0.238802
0.389086	0.192536
0.147331	0.145396
0.147331	0.219314
0.147331	0.227180
0.147331	0.163515
0.147331	0.173437
0.148726	0.220606
0.148726	0.223015
0.148726	0.222494
0.148726	0.245278
0.148726	0.218056
0.148726	0.217277
0.148726	0.165636
0.148726	0.193574
0.035928	0.212783
0.035928	0.252487
0.035928	0.255201
0.035928	0.185215
0.035928	0.185322
0.035928	0.219999
0.035928	0.183141
0.087869	0.253664
0.087869	0.257660
0.087869	0.246929
0.087869	0.213490
0.087869	0.188755
0.087869	0.193825
0.087869	0.185166
0.141703	0.235211
0.141703	0.221908
0.141703	0.234381
0.141703	0.239899
0.141703	0.224089
0.141703	0.214908
0.141703	0.201640
0.153692	0.189218
0.153692	0.188572
0.153692	0.188711
0.153692	0.190466
0.153692	0.189088
0.153692	0.149875
0.153692	0.146340
0.167352	0.190486
0.167352	0.189368
0.167352	0.190209
0.167352	0.136339
0.167352	0.197794
0.167352	0.153962
0.167352	0.141095
0.159085	0.192885
0.159085	0.189412
0.159085	0.189987
0.159085	0.183266
0.159085	0.251846
0.162781	0.186726
0.162781	0.115815
0.162781	0.185999
0.162781	0.188586
0.162781	0.185935
0.162781	0.128162
0.162781	0.131310
0.157164	0.160807
0.157164	0.231059
0.157164	0.228350
0.157164	0.230695
0.157164	0.181675
0.157164	0.229478
0.157164	0.164444
0.157164	0.154697
0.157164	0.150143
0.157164	0.203718
0.157164	0.172107
0.103329	0.192200
0.103329	0.191254
0.103329	0.191346
0.103329	0.195070
0.103329	0.164385
0.135709	0.175474
0.135709	0.165076
0.135709	0.178662
0.135709	0.174171
0.135709	0.173487
0.135709	0.185887
0.218877	0.206266
0.218877	0.210914
0.218877	0.213183
0.218877	0.211898
0.218877	0.205781
0.218877	0.214204
0.218877	0.215353
0.218877	0.212677
0.218877	0.223305
0.218877	0.217150
0.218877	0.202604
0.218877	0.254611
0.218877	0.253635
0.218877	0.212962
0.131153	0.122232
0.131153	0.121259
0.131153	0.137619
0.131153	0.111770
0.131153	0.114989
0.131153	0.093341
0.131153	0.105876
0.168422	0.256006
0.168422	0.260204
0.168422	0.271249
0.168422	0.272399
0.168422	0.222426
0.168422	0.260414
0.168422	0.282021
0.168422	0.270638
0.168422	0.321608
0.168422	0.282288
0.138392	0.274038
0.138392	0.290473
0.138392	0.288779
0.138392	0.276691
0.138392	0.284554
0.138392	0.276239
0.138392	0.295251
0.138392	0.286534
0.138392	0.304332
0.278755	0.282399
0.278755	0.236577
0.278755	0.266696
0.278755	0.292472
0.278755	0.241599
0.278755	0.385637
0.278755	0.336190
0.074197	0.224480
0.074197	0.220222
0.074197	0.261471
0.074197	0.233927
0.142283	0.276947
0.142283	0.262202
0.142283	0.268320
0.142283	0.312816
0.142283	0.319407
0.056114	0.337811
0.056114	0.406662
0.056114	0.357591
0.056114	0.350814
0.056114	0.353463
0.056114	0.357256
0.056114	0.316724
0.043387	0.395882
0.043387	0.379898
0.043387	0.245198
0.043387	0.276623
0.077555	0.207175
0.077555	0.174018
0.077555	0.190418
0.077555	0.180655
0.126685	0.185878
0.126685	0.174541
0.126685	0.199641
0.126685	0.175247
0.126685	0.199503
0.126685	0.201005
0.126685	0.189423
0.126685	0.183921
0.126685	0.211816
0.126685	0.182124
0.126685	0.190938
0.099811	0.126088
0.099811	0.108303
0.099811	0.149058
0.099811	0.143996
0.091732	0.128577
0.091732	0.125740
0.091732	0.139767
0.091732	0.128102
0.091732	0.159397
0.091732	0.117792
0.173437	0.215744
0.173437	0.197215
0.173437	0.240132
0.173437	0.224724
0.173437	0.170846
0.173437	0.233634
0.173437	0.186350
0.173437	0.224514
0.173437	0.196533
0.173437	0.200759
0.173437	0.197368
0.173437	0.223764
0.155834	0.100317
0.155834	0.111307
0.155834	0.117857
0.155834	0.095089
0.155834	0.138107
0.155834	0.095147
0.155834	0.113361
0.102408	0.113527
0.102408	0.108245
0.102408	0.126759
0.102408	0.111152
0.102408	0.107075
0.096049	0.154635
0.096049	0.150128
0.096049	0.160433
0.096049	0.142490
0.096049	0.128439
0.096049	0.178007
0.096049	0.130341
0.096049	0.192753
0.096049	0.146381
0.096049	0.132317
0.096049	0.134045
0.115338	0.156965
0.115338	0.161931
0.115338	0.170224
0.115338	0.143548
0.115338	0.163898
0.115338	0.177379
0.115338	0.129270
0.115338	0.149846
0.157190	0.213736
0.157190	0.214086
0.157190	0.212090
0.157190	0.235824
0.157190	0.284769
0.157190	0.217764
0.157190	0.186169
0.151141	0.237127
0.151141	0.232647
0.151141	0.244217
0.151141	0.279403
0.151141	0.236741
0.151141	0.275587
0.151141	0.263328
0.151141	0.268818
0.151141	0.284221
0.286743	0.231863
0.286743	0.276276
0.286743	0.245810
0.286743	0.295547
0.286743	0.261752
0.286743	0.277701
0.286743	0.229064
0.286743	0.282573
0.286743	0.333775
0.124053	0.230958
0.124053	0.261154
0.124053	0.237133
0.124053	0.238902
0.124053	0.237356
0.124053	0.268380
0.124053	0.248010
0.124053	0.272474
0.124053	0.256060
0.129856	0.157648
0.129856	0.154905
0.129856	0.170872
0.129856	0.146032
0.129856	0.164182
0.129856	0.156603
0.129856	0.205917
0.129856	0.130530
0.089025	0.090275
0.089025	0.076202
0.089025	0.105053
0.089025	0.093756
0.105677	0.091044
0.105677	0.097977
0.105677	0.095957
0.105677	0.083231
0.105677	0.093564
0.105677	0.076104
0.105677	0.094209
0.105677	0.070509
0.173203	0.062818
0.173203	0.064507
0.173203	0.067785
0.173203	0.063517
0.173203	0.071608
0.173203	0.064965
0.173203	0.061445
0.133514	0.091298
0.133514	0.092111
0.133514	0.109384
0.133514	0.099552
0.133514	0.139868
0.133514	0.089956
0.133514	0.102596
0.133514	0.087859
0.096013	0.088347
0.096013	0.089077
0.096013	0.100254
0.096013	0.079837
0.096013	0.087350
0.096013	0.086333
0.096013	0.072649
0.096013	0.081197
0.078023	0.115544
0.078023	0.097112
0.078023	0.109110
0.078023	0.098864
0.078023	0.074274
0.116554	0.201319
0.116554	0.198359
0.116554	0.204409
0.116554	0.198721
0.116554	0.196943
0.116554	0.198767
0.116554	0.193213
0.116554	0.203763
0.142646	0.227665
0.142646	0.222750
0.142646	0.229989
0.142646	0.228864
0.142646	0.216465
0.142646	0.246750
0.142646	0.259865
0.142646	0.305288
0.142646	0.308312
0.206056	0.217358
0.206056	0.207441
0.206056	0.214374
0.206056	0.251966
0.206056	0.225187
0.206056	0.223821
0.206056	0.239093
0.206056	0.257961
0.151305	0.210014
0.151305	0.222485
0.151305	0.220830
0.151305	0.217214
0.151305	0.218727
0.151305	0.218502
0.151305	0.209673
0.151305	0.206098
0.151305	0.212804
0.151305	0.213753
0.151305	0.216024
0.151305	0.232172
0.198873	0.216039
0.198873	0.237541
0.198873	0.239098
0.198873	0.234051
0.198873	0.232871
0.198873	0.223914
0.198873	0.218783
0.373817	0.248676
0.373817	0.224523
0.373817	0.224197
0.373817	0.220217
0.373817	0.222670
0.373817	0.238512
0.373817	0.261468
0.373817	0.283735
0.340709	0.224400
0.340709	0.219610
0.340709	0.226462
0.340709	0.223274
0.340709	0.220282
0.340709	0.219930
0.340709	0.240402
0.085058	0.197015
0.085058	0.241235
0.085058	0.195990
0.085058	0.199831
0.085058	0.215848
0.155090	0.239041
0.155090	0.249949
0.155090	0.250075
0.155090	0.239355
0.155090	0.249084
0.155090	0.234932
0.155090	0.249893
0.155090	0.251862
0.155090	0.241630
0.155090	0.253618
0.155090	0.230984
0.295502	0.111849
0.295502	0.126062
0.295502	0.124922
0.295502	0.109656
0.295502	0.121569
0.295502	0.108314
0.295502	0.102844
0.187842	0.218828
0.187842	0.220300
0.187842	0.222022
0.187842	0.219507
0.187842	0.259277
0.187842	0.243280
0.187842	0.259549
0.187842	0.260639
0.147016	0.147479
0.147016	0.152375
0.147016	0.159966
0.147016	0.129970
0.147016	0.133474
0.166060	0.110619
0.166060	0.133987
0.166060	0.125343
0.166060	0.106436
0.166060	0.103617
0.221823	0.200847
0.221823	0.208130
0.221823	0.207001
0.221823	0.201327
0.221823	0.215539
0.221823	0.210303
0.221823	0.224222
0.221823	0.206300
0.221823	0.257591
0.221823	0.207473
0.221823	0.220593
0.221823	0.186589
0.221823	0.218744
0.221823	0.188847
0.302005	0.221244
0.302005	0.248089
0.302005	0.228911
0.302005	0.241395
0.302005	0.222932
0.302005	0.175002
0.302005	0.154697
0.302005	0.171441
0.302005	0.200770
0.167635	0.131774
0.167635	0.135555
0.167635	0.145818
0.167635	0.136772
0.167635	0.139646
0.167635	0.123998
0.167635	0.206680
0.167635	0.132594
0.142880	0.137411
0.142880	0.154602
0.142880	0.162636
0.142880	0.158151
0.142880	0.152641
0.142880	0.144099
0.142880	0.161673
0.142880	0.119303
0.235436	0.222472
0.235436	0.248339
0.235436	0.225319
0.235436	0.178538
0.235436	0.224100
0.235436	0.224093
0.235436	0.241722
0.235436	0.149083
0.251885	0.210421
0.251885	0.136087
0.251885	0.212941
0.251885	0.127226
0.251885	0.112562
0.317049	0.211375
0.317049	0.215753
0.317049	0.298838
0.317049	0.264038
0.317049	0.226787
0.317049	0.237088
0.317049	0.251089
0.317049	0.256794
