Ground Truth	Predictions
0.154504	0.237862
0.154504	0.250716
0.154504	0.258067
0.154504	0.241517
0.154504	0.240928
0.154504	0.256856
0.154504	0.194430
0.154504	0.196285
0.154504	0.181526
0.154504	0.232649
0.154504	0.193279
0.119038	0.283212
0.119038	0.287031
0.119038	0.278903
0.119038	0.228002
0.119038	0.192922
0.119038	0.201195
0.119038	0.268044
0.082557	0.208701
0.082557	0.166272
0.082557	0.210760
0.082557	0.203538
0.082557	0.181099
0.082557	0.181867
0.082557	0.178864
0.082557	0.163561
0.082557	0.211807
0.084730	0.187753
0.084730	0.193939
0.084730	0.200526
0.084730	0.185826
0.084730	0.182423
0.084730	0.183826
0.084730	0.180609
0.084730	0.182905
0.061932	0.237974
0.061932	0.238444
0.061932	0.242393
0.061932	0.222992
0.061932	0.213884
0.061932	0.215094
0.061932	0.181463
0.159104	0.208927
0.159104	0.213231
0.159104	0.216873
0.159104	0.226399
0.159104	0.155012
0.159104	0.146633
0.159104	0.258250
0.159104	0.149063
0.089698	0.170098
0.089698	0.210182
0.089698	0.185678
0.089698	0.211228
0.089698	0.175819
0.089698	0.173668
0.089698	0.162462
0.089698	0.185694
0.070858	0.244679
0.070858	0.248887
0.070858	0.268253
0.070858	0.265294
0.070858	0.240203
0.070858	0.243156
0.070858	0.216884
0.070858	0.207239
0.170853	0.236732
0.170853	0.239854
0.170853	0.251489
0.170853	0.220123
0.170853	0.229372
0.170853	0.279939
0.170853	0.263272
0.170853	0.254239
0.170853	0.209109
0.170853	0.231450
0.170853	0.241616
0.129719	0.240220
0.129719	0.219396
0.129719	0.245496
0.129719	0.250602
0.246267	0.304255
0.246267	0.291408
0.246267	0.292982
0.246267	0.284116
0.246267	0.284081
0.246267	0.353442
0.246267	0.390222
0.246267	0.362181
0.246267	0.315240
0.368622	0.328790
0.368622	0.327834
0.368622	0.323486
0.368622	0.385428
0.368622	0.480478
0.368622	0.392010
0.390683	0.313244
0.390683	0.351545
0.390683	0.314648
0.390683	0.405962
0.331685	0.272311
0.331685	0.299132
0.331685	0.306089
0.331685	0.303099
0.331685	0.277041
0.331685	0.393885
0.331685	0.279887
0.331685	0.292316
0.331685	0.462220
0.149008	0.305355
0.149008	0.307436
0.149008	0.280368
0.149008	0.281948
0.123543	0.344858
0.123543	0.334320
0.123543	0.352533
0.123543	0.316436
0.123543	0.347644
0.123543	0.363374
0.123543	0.347416
0.123543	0.340197
0.123543	0.411290
0.123543	0.315926
0.123543	0.342922
0.123543	0.325541
0.140142	0.262813
0.140142	0.261436
0.140142	0.272263
0.140142	0.255837
0.140142	0.244514
0.140142	0.287509
0.140142	0.257087
0.140142	0.283517
0.140142	0.259138
0.140142	0.292360
0.140142	0.273591
0.140142	0.318414
0.084659	0.087115
0.084659	0.106049
0.084659	0.111719
0.084659	0.080915
0.084659	0.089778
0.084659	0.077582
0.084659	0.101851
0.211888	0.150309
0.211888	0.138148
0.211888	0.141652
0.211888	0.141857
0.211888	0.162451
0.211888	0.160760
0.211888	0.178608
0.211888	0.123311
0.211888	0.126847
0.072912	0.075470
0.072912	0.069011
0.072912	0.089145
0.072912	0.072077
0.072912	0.089367
0.072912	0.062999
0.072912	0.053203
0.072912	0.063793
0.044555	0.060726
0.044555	0.063892
0.044555	0.072617
0.044555	0.062173
0.044555	0.057818
0.044555	0.108702
0.044555	0.081916
0.075594	0.036325
0.075594	0.037588
0.075594	0.041431
0.075594	0.037460
0.075594	0.044147
0.075594	0.027569
0.075594	0.050358
0.068465	0.049248
0.068465	0.041885
0.068465	0.057483
0.068465	0.094162
0.051971	0.087953
0.051971	0.084262
0.051971	0.100564
0.051971	0.091542
0.051971	0.156573
0.051971	0.165749
0.072657	0.143789
0.072657	0.160626
0.072657	0.136646
0.072657	0.150373
0.072657	0.176104
0.072657	0.217245
0.072657	0.185094
0.042367	0.123343
0.042367	0.097085
0.042367	0.111729
0.042367	0.167845
0.042367	0.154611
0.042367	0.194112
0.042367	0.160382
0.091494	0.116882
0.091494	0.109957
0.091494	0.123831
0.091494	0.119912
0.091494	0.123918
0.091494	0.137111
0.091494	0.127457
0.091494	0.130526
0.091494	0.132141
0.193796	0.103779
0.193796	0.094637
0.193796	0.108360
0.193796	0.118102
0.193796	0.089832
0.193796	0.091457
0.193796	0.113371
0.091339	0.078434
0.091339	0.091657
0.091339	0.101982
0.091339	0.080444
0.091339	0.109464
0.091339	0.099685
0.091339	0.093902
0.091339	0.073833
0.219458	0.160597
0.219458	0.145676
0.219458	0.150715
0.219458	0.145311
0.219458	0.139082
0.219458	0.151747
0.219458	0.153836
0.219458	0.204443
0.053480	0.077431
0.053480	0.082189
0.053480	0.087342
0.053480	0.071454
0.053480	0.081352
0.053480	0.084331
0.053480	0.049362
0.053480	0.060438
0.187561	0.135099
0.187561	0.131404
0.187561	0.156014
0.187561	0.127743
0.187561	0.131778
0.187561	0.164916
0.187561	0.126783
0.187561	0.236567
0.092165	0.132162
0.092165	0.154829
0.092165	0.155524
0.092165	0.185288
0.092165	0.202632
0.092165	0.117669
0.092165	0.108067
0.189331	0.214969
0.189331	0.211801
0.189331	0.224231
0.189331	0.199546
0.189331	0.225219
0.189331	0.219526
0.189331	0.206184
0.189331	0.411031
0.044004	0.239989
0.044004	0.256938
0.044004	0.277109
0.044004	0.259444
0.044004	0.197602
0.044004	0.234288
0.044004	0.159806
0.216365	0.268636
0.216365	0.279172
0.216365	0.306626
0.216365	0.370542
0.274595	0.207433
0.274595	0.235558
0.274595	0.222270
0.274595	0.172481
0.274595	0.406883
0.274595	0.232847
0.049837	0.139291
0.049837	0.109823
0.049837	0.132875
0.049837	0.164677
0.049837	0.075205
0.049837	0.100946
0.224366	0.131175
0.224366	0.133110
0.224366	0.132156
0.224366	0.131577
0.224366	0.150821
0.224366	0.133489
0.224366	0.134428
0.224366	0.164420
0.094171	0.126264
0.094171	0.062149
0.094171	0.075944
0.094171	0.079017
0.094171	0.085078
0.094171	0.082456
0.094171	0.057859
0.094171	0.071204
0.094171	0.061636
0.094171	0.067430
0.094171	0.074058
0.113113	0.064179
0.113113	0.061161
0.113113	0.066599
0.113113	0.060250
0.113113	0.051295
0.090677	0.043448
0.090677	0.044095
0.090677	0.046814
0.090677	0.043795
0.090677	0.058119
0.090677	0.036041
0.090677	0.043665
0.058518	0.073239
0.058518	0.077227
0.058518	0.077022
0.058518	0.067498
0.101813	0.080047
0.101813	0.071602
0.101813	0.083414
0.101813	0.122923
0.101813	0.089518
0.186509	0.156256
0.186509	0.158910
0.186509	0.158306
0.186509	0.161408
0.186509	0.172198
0.263513	0.191719
0.263513	0.197777
0.263513	0.159176
0.263513	0.163169
0.263513	0.156759
0.263513	0.146506
0.263513	0.156717
0.222971	0.210600
0.222971	0.186595
0.222971	0.208501
0.222971	0.224570
0.222971	0.243950
0.222971	0.209367
0.222971	0.208409
0.222971	0.231627
0.222971	0.208608
0.222971	0.227170
0.216962	0.241125
0.216962	0.183536
0.216962	0.234696
0.216962	0.203850
0.216962	0.181331
0.216962	0.184729
0.216962	0.181146
0.166294	0.227021
0.166294	0.226986
0.166294	0.247565
0.166294	0.275513
0.166294	0.236372
0.166294	0.242238
0.166294	0.218659
0.166294	0.231474
0.166294	0.194226
0.166294	0.244350
0.166294	0.177812
0.148633	0.188040
0.148633	0.185409
0.148633	0.202238
0.148633	0.174201
0.148633	0.196746
0.148633	0.191058
0.148633	0.190042
0.148633	0.184256
0.235863	0.203743
0.235863	0.154925
0.235863	0.208383
0.235863	0.173222
0.235863	0.239877
0.235863	0.224639
0.235863	0.170098
0.235863	0.224783
0.235863	0.177885
0.235863	0.229888
0.203630	0.175610
0.203630	0.156224
0.203630	0.181710
0.203630	0.172789
0.203630	0.185736
0.203630	0.170905
0.203630	0.156026
0.203630	0.151814
0.203630	0.195663
0.203630	0.233938
0.203630	0.173848
0.078860	0.151611
0.078860	0.147514
0.078860	0.145368
0.078860	0.191287
0.078860	0.107790
0.078860	0.161320
0.078860	0.109947
0.078860	0.183866
0.078860	0.140259
0.078860	0.107861
0.078860	0.153416
0.078860	0.116527
0.073731	0.069829
0.073731	0.075923
0.073731	0.079004
0.073731	0.088600
0.073731	0.073347
0.073731	0.097630
0.073731	0.080683
0.073731	0.127963
0.073731	0.084223
0.073731	0.116639
0.073731	0.079233
0.073731	0.067707
0.103583	0.113675
0.103583	0.121801
0.103583	0.119453
0.103583	0.113045
0.103583	0.104608
0.103583	0.117223
0.103583	0.118945
0.103583	0.148641
0.103583	0.225203
0.193114	0.120504
0.193114	0.116617
0.193114	0.117199
0.193114	0.175363
0.193114	0.114832
0.193114	0.236589
0.193114	0.141737
0.193114	0.219584
0.193114	0.183626
0.193114	0.147155
0.193114	0.124288
0.105947	0.131710
0.105947	0.206789
0.105947	0.139894
0.105947	0.229876
0.105947	0.205297
0.105947	0.195928
0.105947	0.175852
0.105947	0.254125
0.105947	0.231054
0.097351	0.133116
0.097351	0.170849
0.097351	0.202010
0.097351	0.221671
0.097351	0.156268
0.097351	0.140128
0.097351	0.209764
0.097351	0.207442
0.076445	0.081495
0.076445	0.074797
0.076445	0.095989
0.076445	0.165364
0.076445	0.081665
0.076445	0.067586
0.052733	0.136330
0.052733	0.167565
0.052733	0.132334
0.052733	0.169490
0.052733	0.169515
0.052733	0.167556
0.079608	0.082027
0.079608	0.167735
0.079608	0.098449
0.079608	0.190482
0.079608	0.089204
0.079608	0.084840
0.079608	0.163561
0.128189	0.075477
0.128189	0.073083
0.128189	0.084816
0.128189	0.170005
0.128189	0.084132
0.128189	0.097627
0.128189	0.082994
0.128189	0.171618
0.128189	0.142447
0.128189	0.168413
0.128189	0.085134
0.128189	0.121335
0.055768	0.120800
0.055768	0.201471
0.055768	0.126386
0.055768	0.121221
0.055768	0.208825
0.055768	0.179475
0.055768	0.202976
0.055768	0.132573
0.055768	0.160598
0.055768	0.179949
0.055768	0.200478
0.157897	0.191049
0.157897	0.119572
0.157897	0.124144
0.157897	0.160234
0.157897	0.189277
0.157897	0.133212
0.157897	0.142726
0.157897	0.200614
0.163581	0.135212
0.163581	0.156102
0.163581	0.147299
0.163581	0.156016
0.163581	0.134367
0.163581	0.135705
0.163581	0.138613
0.163581	0.165519
0.123843	0.170417
0.123843	0.153085
0.123843	0.128866
0.123843	0.135885
0.123843	0.143187
0.123843	0.133493
0.123843	0.131250
0.123843	0.132736
0.123843	0.130929
0.123843	0.161439
0.123843	0.139172
0.301825	0.139165
0.301825	0.138763
0.301825	0.138822
0.301825	0.172019
0.301825	0.142711
0.301825	0.138839
0.301825	0.152897
0.301825	0.139624
0.301825	0.165683
0.290195	0.110461
0.290195	0.142060
0.290195	0.121689
0.290195	0.126381
0.147690	0.169742
0.147690	0.127151
0.147690	0.175045
0.147690	0.154122
0.147690	0.168869
0.147690	0.124118
0.147690	0.162265
0.175251	0.212033
0.175251	0.272519
0.175251	0.274922
0.175251	0.284529
0.175251	0.211977
0.175251	0.182461
0.175251	0.180375
0.175251	0.198262
0.175251	0.185151
0.175251	0.196489
0.175251	0.183949
0.175251	0.202772
0.181687	0.286889
0.181687	0.290859
0.181687	0.296598
0.181687	0.278951
0.181687	0.283397
0.181687	0.271180
0.181687	0.279163
0.152122	0.266832
0.152122	0.259602
0.152122	0.264671
0.152122	0.281142
0.152122	0.238490
0.152122	0.233335
0.152122	0.267830
0.231704	0.505307
0.231704	0.423019
0.231704	0.397040
0.231704	0.416798
0.231704	0.433901
0.231704	0.528030
0.231704	0.502941
0.231704	0.446021
0.231704	0.498292
0.231704	0.506734
0.231704	0.421518
0.231704	0.449178
0.227472	0.409461
0.227472	0.374404
0.227472	0.516528
0.227472	0.368733
0.227472	0.396647
0.227472	0.521631
0.227472	0.389427
0.167278	0.521872
0.167278	0.447745
0.167278	0.479528
0.167278	0.443618
0.167278	0.463679
0.167278	0.444507
0.167278	0.457710
0.167278	0.477253
0.167278	0.451945
0.206451	0.280201
0.206451	0.243868
0.206451	0.280788
0.206451	0.271829
0.381379	0.237135
0.381379	0.232286
0.381379	0.239987
0.381379	0.234480
0.381379	0.234499
0.381379	0.242827
0.381379	0.215019
0.381379	0.257892
0.381379	0.232376
0.261463	0.270949
0.261463	0.273677
0.261463	0.276608
0.261463	0.272598
0.261463	0.275121
0.261463	0.276940
0.261463	0.271004
0.261463	0.275393
0.261463	0.276792
0.261463	0.276375
0.261463	0.274922
0.261463	0.282486
0.261463	0.272117
0.261463	0.278598
0.209994	0.160651
0.209994	0.158941
0.209994	0.168998
0.209994	0.157921
0.209994	0.168557
0.209994	0.192612
0.209994	0.189443
0.209994	0.140197
0.209994	0.158025
0.228057	0.094184
0.228057	0.088432
0.228057	0.117927
0.228057	0.128688
0.333852	0.125864
0.333852	0.128257
0.333852	0.133116
0.333852	0.129602
0.333852	0.144939
0.333852	0.138497
0.333852	0.098906
0.333852	0.113850
0.333852	0.106007
0.146630	0.077053
0.146630	0.070703
0.146630	0.083731
0.146630	0.083381
0.146630	0.071628
0.146630	0.075825
0.146630	0.140769
0.146630	0.090829
0.084909	0.059657
0.084909	0.048591
0.084909	0.064629
0.084909	0.054795
0.035127	0.054668
0.035127	0.056437
0.035127	0.066223
0.035127	0.053896
0.035127	0.047797
0.035127	0.059874
0.035127	0.182489
0.084375	0.077467
0.084375	0.080900
0.084375	0.085452
0.084375	0.072980
0.084375	0.073517
0.084375	0.071952
0.084375	0.067972
0.084375	0.067098
0.048009	0.050886
0.048009	0.048163
0.048009	0.059351
0.048009	0.059673
0.048009	0.066400
0.048009	0.053479
0.048009	0.160727
0.048009	0.155885
0.049035	0.037102
0.049035	0.039821
0.049035	0.044399
0.049035	0.038814
0.049035	0.037926
0.049035	0.031993
0.049035	0.029613
0.039096	0.065903
0.039096	0.081439
0.039096	0.071262
0.039096	0.060858
0.039096	0.109234
0.039096	0.122299
0.085815	0.112981
0.085815	0.086185
0.085815	0.095624
0.085815	0.103625
0.085815	0.101911
0.085815	0.098673
0.085815	0.082783
0.085815	0.117567
0.174453	0.155433
0.174453	0.128753
0.174453	0.151477
0.174453	0.143708
0.174453	0.117268
0.174453	0.139395
0.174453	0.138863
0.093809	0.180299
0.093809	0.186731
0.093809	0.184299
0.093809	0.176904
0.093809	0.190065
0.093809	0.190991
0.093809	0.152385
0.093809	0.179638
0.093809	0.152036
0.093809	0.155601
0.084311	0.122446
0.084311	0.094305
0.084311	0.141161
0.084311	0.179396
0.105954	0.163367
0.105954	0.178871
0.105954	0.156154
0.105954	0.180159
0.105954	0.184950
0.105954	0.165359
0.105954	0.148046
0.069340	0.164953
0.069340	0.188904
0.069340	0.173605
0.069340	0.155029
0.069340	0.169448
0.069340	0.138220
0.069340	0.163218
0.069340	0.130750
0.084900	0.146954
0.084900	0.113426
0.084900	0.154690
0.084900	0.162954
0.084900	0.105547
0.084900	0.147067
0.084900	0.136492
0.074601	0.093080
0.074601	0.098617
0.074601	0.113474
0.074601	0.114747
0.074601	0.097956
0.074601	0.117077
0.074601	0.101899
0.124120	0.052858
0.124120	0.064820
0.124120	0.061682
0.124120	0.050041
0.124120	0.064582
0.124120	0.052564
0.124120	0.038035
0.069243	0.119847
0.069243	0.112057
0.069243	0.118475
0.069243	0.144601
0.069243	0.119742
0.069243	0.122045
0.069243	0.122855
0.069243	0.101172
0.069243	0.133771
0.069243	0.143290
0.069243	0.115035
0.065838	0.056366
0.065838	0.062675
0.065838	0.063556
0.065838	0.052290
0.065838	0.058433
0.061960	0.114801
0.061960	0.078045
0.061960	0.090413
0.061960	0.099904
0.061960	0.120593
0.061960	0.090881
0.061960	0.111571
0.061960	0.116791
0.055409	0.045925
0.055409	0.046104
0.055409	0.050508
0.055409	0.050951
0.055409	0.062079
0.055409	0.038277
0.055409	0.063111
0.055409	0.034825
0.130879	0.066118
0.130879	0.058640
0.130879	0.066084
0.130879	0.056267
0.130879	0.065052
0.213895	0.063890
0.213895	0.067553
0.213895	0.067220
0.213895	0.054313
0.213895	0.074545
0.123739	0.075474
0.123739	0.083406
0.123739	0.091366
0.123739	0.110132
0.123739	0.080340
0.123739	0.078390
0.123739	0.094431
0.123739	0.072542
0.227172	0.155978
0.227172	0.170856
0.227172	0.182096
0.227172	0.124270
0.227172	0.115944
0.227172	0.142011
0.227172	0.131448
0.292761	0.194736
0.292761	0.184183
0.292761	0.200594
0.292761	0.189444
0.292761	0.225606
0.292761	0.170529
0.292761	0.148988
0.292761	0.162047
0.292761	0.157064
0.117258	0.214142
0.117258	0.196204
0.117258	0.204125
0.117258	0.222411
0.117258	0.193760
0.117258	0.236051
0.302635	0.223901
0.302635	0.247488
0.302635	0.226473
0.302635	0.222952
0.302635	0.215212
0.302635	0.173429
0.302635	0.191487
0.302635	0.164981
0.192391	0.303771
0.192391	0.312235
0.192391	0.268843
0.192391	0.337012
0.192391	0.286354
0.192391	0.271201
0.192391	0.276590
0.192391	0.227980
0.192391	0.222521
0.147376	0.274666
0.147376	0.279379
0.147376	0.276391
0.147376	0.295848
0.147376	0.264382
0.147376	0.283646
0.147376	0.289739
0.147376	0.268316
0.147376	0.297619
0.147376	0.268952
0.147376	0.263675
0.093260	0.233464
0.093260	0.226234
0.093260	0.229653
0.093260	0.253253
0.093260	0.246169
0.093260	0.234167
0.093260	0.234756
0.093260	0.229814
0.093260	0.257449
0.093260	0.222350
0.093260	0.224260
0.175193	0.281084
0.175193	0.252347
0.175193	0.279930
0.175193	0.270994
0.175193	0.271104
0.175193	0.288988
0.175193	0.260005
0.175193	0.313337
0.180953	0.217779
0.180953	0.239180
0.180953	0.246049
0.180953	0.255292
0.180953	0.227060
0.180953	0.181157
0.180953	0.206817
0.180953	0.176844
0.375726	0.267194
0.375726	0.244200
0.375726	0.266089
0.375726	0.209332
0.368095	0.235663
0.368095	0.240930
0.368095	0.237582
0.368095	0.259027
0.368095	0.224989
0.368095	0.255868
0.252120	0.212251
0.252120	0.195394
0.252120	0.210805
0.252120	0.208343
0.252120	0.214874
0.252120	0.163029
0.252120	0.160819
0.252120	0.186789
0.173421	0.204164
0.173421	0.203717
0.173421	0.207433
0.173421	0.223840
0.173421	0.202805
0.173421	0.216145
0.173421	0.242936
0.173421	0.212340
0.173421	0.216949
0.173421	0.218554
0.173421	0.195070
0.173421	0.217228
0.173421	0.201444
0.173421	0.207005
0.225727	0.146008
0.225727	0.146902
0.225727	0.154437
0.225727	0.147758
0.225727	0.160298
0.225727	0.163143
0.225727	0.145049
0.225727	0.148086
0.225727	0.161059
0.072340	0.068315
0.072340	0.060143
0.072340	0.071689
0.072340	0.060931
0.264397	0.081020
0.264397	0.080574
0.264397	0.092330
0.264397	0.070535
0.264397	0.132088
0.264397	0.076773
0.264397	0.093525
0.264397	0.187455
0.081861	0.072204
0.081861	0.070633
0.081861	0.084473
0.081861	0.069645
0.081861	0.073481
0.081861	0.071731
0.081861	0.061632
0.081861	0.107036
0.111833	0.092068
0.111833	0.063706
0.111833	0.087856
0.111833	0.134477
0.183585	0.104487
0.183585	0.117847
0.183585	0.127724
0.183585	0.107408
0.183585	0.110549
0.183585	0.128306
0.183585	0.094144
0.183585	0.198011
0.279620	0.153345
0.279620	0.148976
0.279620	0.161368
0.279620	0.143620
0.279620	0.131114
0.262997	0.202370
0.262997	0.208288
0.262997	0.214268
0.262997	0.198449
0.262997	0.166407
0.262997	0.224531
0.262997	0.205647
0.262997	0.230570
0.262997	0.216572
0.262997	0.216873
0.262997	0.209415
0.262997	0.208141
0.059302	0.174864
0.059302	0.161965
0.059302	0.164445
0.059302	0.156729
0.059302	0.193181
0.397049	0.212423
0.397049	0.214714
0.397049	0.208439
0.397049	0.229863
0.397049	0.163137
0.397049	0.222386
0.397049	0.153308
0.397049	0.167383
0.397049	0.170608
0.296684	0.242887
0.296684	0.259380
0.296684	0.263606
0.296684	0.276690
0.296684	0.265293
0.296684	0.288110
0.296684	0.230469
0.296684	0.293212
0.065068	0.155988
0.065068	0.157290
0.065068	0.161063
0.065068	0.182475
0.065068	0.158172
0.237341	0.176271
0.237341	0.174735
0.237341	0.186098
0.237341	0.182316
0.237341	0.177774
0.237341	0.213243
0.237341	0.194730
0.237341	0.151007
0.237341	0.145840
0.237341	0.195431
0.237341	0.178026
0.203789	0.189398
0.203789	0.188258
0.203789	0.186795
0.203789	0.156430
0.203789	0.176759
0.203789	0.191558
0.203789	0.188149
0.155811	0.188580
0.155811	0.163945
0.155811	0.192939
0.155811	0.192405
0.155811	0.160713
0.155811	0.200493
0.155811	0.201105
0.155811	0.167559
0.106386	0.162578
0.106386	0.185853
0.106386	0.190898
0.106386	0.177903
0.106386	0.213566
0.106386	0.152059
0.106386	0.154887
0.106386	0.147118
0.091528	0.177671
0.091528	0.135177
0.091528	0.188757
0.091528	0.188327
0.091528	0.143742
0.091528	0.153097
0.083526	0.154792
0.083526	0.164324
0.083526	0.158934
0.083526	0.160696
0.083526	0.175768
0.083526	0.169418
0.083526	0.165765
0.083526	0.170902
0.052351	0.144767
0.052351	0.155371
0.052351	0.142526
0.052351	0.158475
0.052351	0.157106
0.052351	0.140057
0.052351	0.139514
0.052351	0.162374
0.052351	0.135653
0.146919	0.116402
0.146919	0.126833
0.146919	0.101436
0.146919	0.079424
0.146919	0.087000
0.146919	0.083009
0.146919	0.079887
0.085585	0.127172
0.085585	0.100976
0.085585	0.077406
0.085585	0.068798
0.085585	0.083975
0.085585	0.092368
0.085585	0.086809
0.085585	0.084688
0.085585	0.066069
0.085585	0.125128
0.085585	0.112843
0.443420	0.115193
0.443420	0.126518
0.443420	0.116111
0.443420	0.099005
0.443420	0.175556
0.443420	0.139897
0.443420	0.102704
0.443420	0.114681
0.443420	0.136579
0.443420	0.093611
0.443420	0.123561
0.238311	0.132580
0.238311	0.148191
0.238311	0.137419
0.238311	0.131609
0.238311	0.136055
0.238311	0.154556
0.238311	0.167577
0.238311	0.167132
0.120642	0.076405
0.120642	0.090264
0.120642	0.088461
0.120642	0.074399
0.120642	0.080192
0.120642	0.151614
0.136396	0.085364
0.136396	0.092764
0.136396	0.101657
0.136396	0.085612
0.136396	0.098352
0.136396	0.106280
0.136396	0.102381
0.136396	0.170031
0.117696	0.121309
0.117696	0.160514
0.117696	0.143600
0.117696	0.111608
0.117696	0.172369
0.117696	0.143065
0.117696	0.165430
0.042056	0.164643
0.042056	0.142792
0.042056	0.176259
0.042056	0.148763
0.042056	0.148849
0.042056	0.148221
0.042056	0.138881
0.042056	0.150308
0.042056	0.157038
0.092249	0.154118
0.092249	0.140694
0.092249	0.141582
0.092249	0.149115
0.092249	0.144994
0.092249	0.146292
0.092249	0.141460
0.092249	0.147470
0.092249	0.163603
0.111092	0.166824
0.111092	0.151354
0.111092	0.181798
0.111092	0.169334
0.111092	0.137688
0.111092	0.162857
0.111092	0.145784
0.087771	0.209769
0.087771	0.176177
0.087771	0.176796
0.087771	0.182537
0.087771	0.178747
0.087771	0.149885
0.087771	0.158384
0.087771	0.177549
0.087771	0.149762
0.087771	0.148286
0.072383	0.174053
0.072383	0.159291
0.072383	0.175318
0.072383	0.138955
0.072383	0.176640
0.072383	0.181864
0.072383	0.175505
0.110089	0.188506
0.110089	0.159099
0.110089	0.180628
0.110089	0.185499
0.110089	0.154405
0.110089	0.158312
0.110089	0.157117
0.114098	0.157521
0.114098	0.161949
0.114098	0.169559
0.114098	0.157806
0.114098	0.156170
0.114098	0.170829
0.114098	0.170689
0.114098	0.182317
0.130301	0.170504
0.130301	0.173498
0.130301	0.179165
0.130301	0.176469
0.130301	0.176795
0.130301	0.172317
0.130301	0.172192
0.130301	0.130654
0.198088	0.181611
0.198088	0.185045
0.198088	0.192442
0.198088	0.176006
0.198088	0.208963
0.198088	0.202041
0.198088	0.187487
0.198088	0.195155
0.198088	0.168240
0.198088	0.184578
0.198088	0.167451
0.057151	0.140283
0.057151	0.137981
0.057151	0.162902
0.057151	0.135954
0.057151	0.099902
0.057151	0.127376
0.082527	0.229012
0.082527	0.230900
0.082527	0.260813
0.082527	0.247148
0.082527	0.256246
0.082527	0.239595
0.082527	0.181461
0.082527	0.195322
0.217473	0.206672
0.217473	0.203712
0.217473	0.209645
0.217473	0.200941
0.217473	0.197835
0.217473	0.237921
0.217473	0.206721
0.217473	0.194667
0.217473	0.220538
0.107739	0.267032
0.107739	0.243205
0.107739	0.262411
0.107739	0.247970
0.107739	0.244553
0.107739	0.266038
0.107739	0.247965
0.107739	0.230197
0.488728	0.248739
0.488728	0.263628
0.488728	0.253650
0.488728	0.295476
0.488728	0.291373
0.488728	0.387576
0.458562	0.219267
0.458562	0.208748
0.458562	0.227495
0.458562	0.360173
0.377582	0.324773
0.377582	0.313293
0.377582	0.275019
0.377582	0.322730
0.377582	0.357305
0.351071	0.455205
0.351071	0.388031
0.351071	0.389293
0.351071	0.400717
0.351071	0.373846
0.351071	0.402124
0.181499	0.366910
0.181499	0.383915
0.181499	0.367398
0.181499	0.394121
0.181499	0.363780
0.181499	0.432491
0.181499	0.335634
0.221698	0.271996
0.221698	0.300616
0.221698	0.261922
0.221698	0.231146
0.143032	0.221083
0.143032	0.221571
0.143032	0.213492
0.143032	0.195110
0.078528	0.194511
0.078528	0.192203
0.078528	0.202471
0.078528	0.190701
0.078528	0.186861
0.078528	0.184846
0.135800	0.172709
0.135800	0.170216
0.135800	0.186417
0.135800	0.177255
0.135800	0.152455
0.135800	0.168861
0.135800	0.168872
0.135800	0.172041
0.073697	0.173638
0.073697	0.171707
0.073697	0.181678
0.073697	0.169466
0.073697	0.178208
0.073697	0.176629
0.073697	0.117957
0.073697	0.131818
0.169812	0.136304
0.169812	0.151791
0.169812	0.161777
0.169812	0.185846
0.169812	0.140122
0.169812	0.176115
0.169812	0.180644
0.169812	0.163444
0.097659	0.150851
0.097659	0.129020
0.097659	0.152572
0.097659	0.124793
0.075872	0.169016
0.075872	0.129191
0.075872	0.167451
0.075872	0.168714
0.107957	0.152162
0.107957	0.205034
0.107957	0.216795
0.107957	0.185659
0.107957	0.171400
0.107957	0.202425
0.107957	0.209700
0.107957	0.186636
0.117283	0.202046
0.117283	0.213641
0.117283	0.203304
0.117283	0.197557
0.117283	0.197358
0.117283	0.216637
0.117283	0.243015
0.117283	0.226854
0.112225	0.244582
0.112225	0.230128
0.112225	0.234646
0.112225	0.278896
0.112225	0.275647
0.112225	0.241940
0.112225	0.262871
0.112225	0.253660
0.112225	0.275894
0.112225	0.245695
0.080120	0.260176
0.080120	0.319441
0.080120	0.263525
0.080120	0.344643
0.080120	0.343190
0.080120	0.340194
0.166259	0.245425
0.166259	0.257355
0.166259	0.255765
0.166259	0.249534
0.166259	0.251605
0.166259	0.250928
0.166259	0.240884
0.166259	0.380568
0.069191	0.248279
0.069191	0.249261
0.069191	0.258847
0.069191	0.328144
0.069191	0.238545
0.069191	0.261519
0.069191	0.252380
0.069191	0.246809
0.069191	0.331006
0.069191	0.247117
0.069191	0.257645
0.069191	0.315676
0.075067	0.225823
0.075067	0.158379
0.075067	0.234361
0.075067	0.242099
0.075067	0.171119
0.075067	0.199442
0.075067	0.192752
0.033691	0.154237
0.033691	0.175728
0.033691	0.140341
0.033691	0.145498
0.060629	0.233742
0.060629	0.143954
0.060629	0.210426
0.060629	0.225058
0.060629	0.163346
0.060629	0.149490
0.060580	0.149554
0.060580	0.187163
0.060580	0.201857
0.060580	0.188523
0.060580	0.143711
0.060580	0.147792
0.060580	0.143351
0.060580	0.184328
0.165795	0.199472
0.165795	0.217414
0.165795	0.214908
0.165795	0.199113
0.165795	0.191154
0.165795	0.217333
0.165795	0.205308
0.165795	0.219856
0.165795	0.202950
0.165795	0.218506
0.165795	0.213817
0.165795	0.147078
0.165795	0.143798
0.165795	0.130912
0.041064	0.222932
0.041064	0.191456
0.041064	0.198557
0.041064	0.205908
0.041064	0.184876
0.041064	0.207896
0.041064	0.161393
0.041064	0.184702
0.041064	0.161021
0.041064	0.207669
0.041064	0.203506
0.041064	0.161537
0.127732	0.137882
0.127732	0.138288
0.127732	0.153584
0.127732	0.126651
0.127732	0.103142
0.127732	0.182941
0.127732	0.096674
0.071089	0.198824
0.071089	0.194290
0.071089	0.195008
0.071089	0.205689
0.071089	0.239074
0.071089	0.248145
0.071089	0.182304
0.050606	0.179845
0.050606	0.184633
0.050606	0.187946
0.050606	0.162886
0.050606	0.185910
0.050606	0.179128
0.050606	0.181877
0.050606	0.189168
0.119571	0.188296
0.119571	0.184704
0.119571	0.192423
0.119571	0.195293
0.119571	0.199224
0.119571	0.188106
0.119571	0.186699
0.119571	0.180865
0.119571	0.176194
0.119571	0.243862
0.119571	0.194428
0.453236	0.213590
0.453236	0.175389
0.453236	0.218385
0.453236	0.215922
0.453236	0.229735
0.453236	0.173781
0.453236	0.177228
0.453236	0.225310
0.453236	0.230006
0.453236	0.235171
0.453236	0.257410
0.177167	0.193063
0.177167	0.189722
0.177167	0.194451
0.177167	0.182647
0.177167	0.186830
0.177167	0.220414
0.177167	0.199157
0.177167	0.206305
0.177167	0.217818
0.501720	0.413208
0.501720	0.415630
0.501720	0.429614
0.501720	0.405498
0.501720	0.426278
0.501720	0.443994
0.501720	0.397326
0.501720	0.439701
0.501720	0.425949
0.501720	0.442010
0.501720	0.454892
0.501720	0.370477
0.501720	0.417570
0.501720	0.389370
0.296428	0.380644
0.296428	0.381121
0.296428	0.388229
0.296428	0.370101
0.296428	0.368711
0.296428	0.396603
0.296428	0.401040
0.296428	0.381812
0.296428	0.400288
0.296428	0.443200
0.296428	0.401203
0.296428	0.608208
0.051600	0.336431
0.051600	0.332111
0.051600	0.339369
0.051600	0.308456
0.051600	0.298560
0.051600	0.349925
0.051600	0.311557
0.051600	0.321939
0.051600	0.305609
0.051600	0.326543
0.051600	0.336583
0.051600	0.307079
0.134296	0.175892
0.134296	0.170517
0.134296	0.181794
0.134296	0.169915
0.134296	0.179750
0.134296	0.169465
0.134296	0.185758
0.134296	0.192124
0.134296	0.193878
0.153032	0.111063
0.153032	0.143399
0.153032	0.137029
0.153032	0.119473
0.153032	0.143680
0.153032	0.098619
0.153032	0.109694
0.127406	0.155973
0.127406	0.115694
0.127406	0.140591
0.127406	0.127892
0.127406	0.134147
0.127406	0.168432
0.127406	0.085917
0.127406	0.172141
0.081254	0.071407
0.081254	0.074380
0.081254	0.083722
0.081254	0.075432
0.081254	0.080822
0.081254	0.077434
0.081254	0.055732
0.081254	0.091083
0.139809	0.057174
0.139809	0.062439
0.139809	0.071544
0.139809	0.126860
0.139809	0.064863
0.139809	0.043879
0.139809	0.044659
0.274887	0.142118
0.274887	0.152141
0.274887	0.146115
0.274887	0.135632
0.274887	0.153613
0.274887	0.119674
0.274887	0.145450
0.274887	0.148030
0.274887	0.093995
0.274887	0.140833
0.274887	0.110719
0.143273	0.039786
0.143273	0.040127
0.143273	0.044340
0.143273	0.037012
0.143273	0.039149
0.143273	0.054350
0.143273	0.032254
0.206443	0.096657
0.206443	0.091860
0.206443	0.111431
0.206443	0.093528
0.206443	0.091373
0.206443	0.086872
0.206443	0.094285
0.206443	0.148319
0.206443	0.076692
0.127940	0.049057
0.127940	0.047026
0.127940	0.050410
0.127940	0.072971
0.127940	0.061123
0.127940	0.056050
0.127940	0.041749
0.127940	0.035467
0.264411	0.112860
0.264411	0.101104
0.264411	0.136987
0.264411	0.087430
0.264411	0.155363
0.264411	0.144141
0.264411	0.105949
0.264411	0.105382
0.209299	0.081660
0.209299	0.083843
0.209299	0.067287
0.209299	0.077717
0.147475	0.144220
0.147475	0.147870
0.147475	0.143443
0.147475	0.151783
0.147475	0.192480
0.147475	0.137001
0.147475	0.094956
0.147475	0.094907
0.147475	0.115102
0.216628	0.148024
0.216628	0.116025
0.216628	0.135922
0.216628	0.118963
0.216628	0.130233
0.216628	0.131404
0.216628	0.121351
0.216628	0.144320
0.130514	0.084208
0.130514	0.116523
0.130514	0.098227
0.130514	0.115412
0.130514	0.097249
0.130514	0.103605
0.130514	0.103498
0.130514	0.123618
0.069039	0.164727
0.069039	0.161477
0.069039	0.110636
0.069039	0.121052
0.069039	0.124088
0.069039	0.112814
0.069039	0.127665
0.069039	0.124536
0.069039	0.113642
0.105804	0.177564
0.105804	0.107806
0.105804	0.131924
0.105804	0.179415
0.105804	0.187061
0.105804	0.121986
0.105804	0.121230
0.105804	0.155000
0.133691	0.154652
0.133691	0.140649
0.133691	0.183216
0.133691	0.180458
0.133691	0.151455
0.133691	0.138745
0.133691	0.182060
0.133691	0.159045
0.163644	0.151777
0.163644	0.131665
0.163644	0.149053
0.163644	0.139590
0.163644	0.159517
0.163644	0.186492
0.136653	0.188431
0.136653	0.187089
0.136653	0.194935
0.136653	0.197201
0.136653	0.199304
0.136653	0.207213
0.136653	0.257906
0.136653	0.219162
0.136653	0.170961
0.050839	0.185574
0.050839	0.187127
0.050839	0.187847
0.050839	0.188016
0.050839	0.190087
0.050839	0.171225
0.050839	0.199141
0.050839	0.212633
0.050839	0.304072
0.135291	0.160085
0.135291	0.177015
0.135291	0.180871
0.135291	0.180831
0.135291	0.142554
0.135291	0.185794
0.135291	0.176098
0.135291	0.186359
0.135291	0.208042
0.135291	0.169971
0.135291	0.177952
0.135291	0.185854
0.139292	0.174218
0.139292	0.176147
0.139292	0.181618
0.139292	0.181799
0.139292	0.198799
0.139292	0.178783
0.139292	0.172684
0.139292	0.167966
0.218418	0.241633
0.218418	0.241242
0.218418	0.245981
0.218418	0.255816
0.218418	0.244622
0.218418	0.253400
0.218418	0.261105
0.218418	0.308158
0.218418	0.244148
0.218418	0.380584
0.218418	0.169832
0.218418	0.193472
0.230947	0.241741
0.230947	0.228378
0.230947	0.231389
0.230947	0.266788
0.230947	0.261005
0.230947	0.235957
0.230947	0.224325
0.230947	0.277509
0.339550	0.223516
0.339550	0.236263
0.339550	0.235828
0.339550	0.223741
0.339550	0.238228
0.339550	0.255992
0.339550	0.269644
0.339550	0.259371
0.339550	0.257049
0.123323	0.207602
0.123323	0.150015
0.123323	0.185216
0.123323	0.143535
0.123323	0.117289
0.123323	0.202590
0.223638	0.226917
0.223638	0.215927
0.223638	0.235805
0.223638	0.188194
0.223638	0.247870
0.223638	0.172374
0.223638	0.212666
0.223638	0.287700
0.069970	0.144385
0.069970	0.145794
0.069970	0.165855
0.069970	0.180929
0.069970	0.159217
0.069970	0.167346
0.069970	0.113863
0.149509	0.238389
0.149509	0.232821
0.149509	0.246181
0.149509	0.223274
0.149509	0.222203
0.149509	0.231927
0.149509	0.221947
0.149509	0.436796
0.112401	0.309731
0.112401	0.329014
0.112401	0.342854
0.112401	0.406923
0.112401	0.326414
0.112401	0.274811
0.168216	0.320176
0.168216	0.364056
0.168216	0.354813
0.168216	0.440401
0.185694	0.330161
0.185694	0.385147
0.185694	0.345751
0.185694	0.323753
0.185694	0.321071
0.185694	0.456201
0.185694	0.388652
0.264972	0.375267
0.264972	0.305617
0.264972	0.302197
0.264972	0.282010
0.264972	0.297523
0.264972	0.424606
0.264972	0.454079
0.131326	0.193270
0.131326	0.190442
0.131326	0.201192
0.131326	0.192933
0.131326	0.194373
0.131326	0.199592
0.131326	0.208083
0.131326	0.400532
0.084243	0.155801
0.084243	0.160599
0.084243	0.179083
0.084243	0.149947
0.084243	0.172860
0.084243	0.167354
0.084243	0.134475
0.084243	0.249259
0.353852	0.205838
0.353852	0.204548
0.353852	0.214139
0.353852	0.199440
0.353852	0.202897
0.353852	0.215183
0.353852	0.219946
0.353852	0.218062
0.353852	0.218899
0.353852	0.300690
0.353852	0.291910
0.096280	0.152321
0.096280	0.150806
0.096280	0.167544
0.096280	0.135069
0.096280	0.144836
0.096280	0.162303
0.096280	0.204321
0.096280	0.222978
0.121643	0.202597
0.121643	0.203621
0.121643	0.197291
0.121643	0.188131
0.121643	0.235450
0.121643	0.192560
0.121643	0.189383
0.394960	0.230713
0.394960	0.202746
0.394960	0.211483
0.394960	0.201330
0.394960	0.256178
0.394960	0.208839
0.394960	0.193850
0.394960	0.261720
0.394960	0.149413
0.258430	0.203800
0.258430	0.208259
0.258430	0.198685
0.258430	0.215983
0.258430	0.175349
0.258430	0.254120
0.258430	0.159634
0.258430	0.172856
0.258430	0.178170
0.104109	0.098611
0.104109	0.105379
0.104109	0.110190
0.104109	0.087671
0.104109	0.105347
0.104109	0.134667
0.104109	0.087531
0.110126	0.146570
0.110126	0.156581
0.110126	0.168368
0.110126	0.133050
0.110126	0.125286
0.110126	0.179389
0.110126	0.159448
0.110126	0.164216
0.110126	0.126899
0.110126	0.219435
0.110126	0.177256
0.301003	0.176589
0.301003	0.213662
0.301003	0.182647
0.301003	0.184098
0.301003	0.195628
0.301003	0.168364
0.301003	0.141833
0.301003	0.171876
0.301003	0.128667
0.129874	0.128787
0.129874	0.147244
0.129874	0.146763
0.129874	0.147592
0.129874	0.161832
0.161056	0.070904
0.161056	0.071056
0.161056	0.080773
0.161056	0.061697
0.161056	0.127615
0.136092	0.071884
0.136092	0.079097
0.136092	0.075335
0.136092	0.060473
0.136092	0.098741
0.136092	0.157523
0.136092	0.059478
0.182763	0.157845
0.182763	0.178097
0.182763	0.172326
0.182763	0.137384
0.182763	0.139652
0.182763	0.163499
0.182763	0.115591
0.182763	0.107252
0.182763	0.114879
0.123634	0.072919
0.123634	0.094240
0.123634	0.082239
0.123634	0.118240
0.123634	0.101089
0.123634	0.124074
0.171014	0.057647
0.171014	0.066933
0.171014	0.067868
0.171014	0.058217
0.171014	0.062468
0.171014	0.052831
0.171014	0.064848
0.171014	0.087269
0.397239	0.148324
0.397239	0.157024
0.397239	0.154468
0.397239	0.160369
0.397239	0.151127
0.397239	0.210852
0.397239	0.153661
0.397239	0.155913
0.397239	0.130048
0.202393	0.131304
0.202393	0.099788
0.202393	0.093103
0.202393	0.097974
0.202393	0.111287
0.247341	0.130866
0.247341	0.097509
0.247341	0.149351
0.247341	0.153219
0.247341	0.166243
0.174924	0.095812
0.174924	0.105271
0.174924	0.125066
0.174924	0.160975
0.174924	0.152149
0.174924	0.090334
0.350145	0.169452
0.350145	0.181093
0.350145	0.108281
0.350145	0.134630
0.350145	0.138400
0.350145	0.125532
0.182890	0.203658
0.182890	0.147677
0.182890	0.199962
0.182890	0.165815
0.182890	0.157332
0.182890	0.198331
0.182890	0.175980
0.323370	0.192026
0.323370	0.205913
0.323370	0.201835
0.323370	0.229418
0.323370	0.201261
0.323370	0.229242
0.323370	0.153451
0.323370	0.189078
0.323370	0.160130
0.386780	0.220428
0.386780	0.226186
0.386780	0.212846
0.386780	0.196840
0.386780	0.213267
0.386780	0.250489
0.386780	0.173830
0.386780	0.194552
0.386780	0.130857
0.305238	0.247479
0.305238	0.231618
0.305238	0.238930
0.305238	0.247751
0.305238	0.222493
0.305238	0.229250
0.305238	0.256604
0.305238	0.190213
0.305238	0.242267
0.305238	0.187549
0.305238	0.226512
0.214798	0.183749
0.214798	0.168764
0.214798	0.230742
0.214798	0.225240
0.214798	0.166932
0.214798	0.164326
0.214798	0.191580
0.204568	0.169075
0.204568	0.221341
0.204568	0.217794
0.204568	0.220538
0.204568	0.217931
0.204568	0.175634
0.204568	0.261822
0.204568	0.151983
0.308531	0.161579
0.308531	0.170031
0.308531	0.208966
0.308531	0.198235
0.137433	0.208282
0.137433	0.211357
0.137433	0.214454
0.137433	0.212070
0.137433	0.215052
0.137433	0.220295
0.137433	0.215814
0.137433	0.218754
0.137433	0.212134
0.137433	0.247874
0.137433	0.224981
0.123439	0.204044
0.123439	0.210260
0.123439	0.216587
0.123439	0.211675
0.123439	0.238178
0.123439	0.216660
0.123439	0.251722
0.123439	0.215340
0.123439	0.258598
0.123439	0.218936
0.123439	0.204425
0.123439	0.238714
0.123439	0.214169
0.123439	0.218382
0.117237	0.208553
0.117237	0.226485
0.117237	0.227837
0.117237	0.249902
0.117237	0.190332
0.117237	0.226494
0.117237	0.200129
0.117237	0.281718
0.329199	0.201861
0.329199	0.260613
0.329199	0.212602
0.329199	0.239089
0.185217	0.212373
0.185217	0.218882
0.185217	0.197478
0.185217	0.202259
0.185217	0.202210
0.185217	0.201282
0.185217	0.193374
0.185217	0.201837
0.185217	0.199194
0.274567	0.220837
0.274567	0.192229
0.274567	0.222687
0.274567	0.231109
0.274567	0.197418
0.274567	0.218992
0.274567	0.172406
0.274567	0.194204
0.274567	0.202411
0.286930	0.183362
0.286930	0.226270
0.286930	0.235292
0.286930	0.224432
0.286930	0.187080
0.286930	0.215033
0.286930	0.221507
0.286930	0.215042
0.293245	0.205954
0.293245	0.203977
0.293245	0.213284
0.293245	0.206927
0.293245	0.216049
0.293245	0.215070
0.293245	0.189518
0.264981	0.224012
0.264981	0.224622
0.264981	0.232078
0.264981	0.195686
0.264981	0.186479
0.264981	0.180062
0.328695	0.285993
0.328695	0.211864
0.328695	0.211285
0.328695	0.212971
0.328695	0.283816
0.328695	0.289928
0.328695	0.300718
0.328695	0.286493
0.328695	0.294262
0.328695	0.289286
0.328695	0.237525
0.328695	0.286465
0.328695	0.240131
0.328695	0.226100
0.244960	0.217883
0.244960	0.197015
0.244960	0.253067
0.244960	0.253603
0.244960	0.204056
0.244960	0.208283
0.244960	0.203414
0.244960	0.194409
0.244960	0.185861
0.228937	0.209171
0.228937	0.254784
0.228937	0.257783
0.228937	0.212530
0.228937	0.219698
0.368336	0.186568
0.368336	0.207168
0.368336	0.183487
0.368336	0.207804
0.143328	0.250922
0.143328	0.209678
0.143328	0.257571
0.143328	0.220458
0.143328	0.194452
0.143328	0.251869
0.143328	0.205946
0.285991	0.208394
0.285991	0.200107
0.285991	0.201287
0.285991	0.213735
0.285991	0.218889
0.285991	0.227468
0.285991	0.205904
0.174599	0.183719
0.174599	0.173293
0.174599	0.184364
0.174599	0.172835
0.174599	0.178340
0.174599	0.193073
0.174599	0.178552
0.242614	0.198798
0.242614	0.185886
0.242614	0.191550
0.242614	0.170062
0.242614	0.261581
0.242614	0.197235
0.242614	0.216967
0.242614	0.186549
0.242614	0.195351
0.242614	0.189246
0.242614	0.179235
0.242614	0.214935
0.242614	0.168125
0.242614	0.181849
0.189371	0.168387
0.189371	0.164494
0.189371	0.168069
0.189371	0.183994
0.189371	0.173928
0.189371	0.146820
0.189371	0.173132
0.189371	0.165512
0.126148	0.135164
0.126148	0.157901
0.126148	0.152257
0.126148	0.150584
0.126148	0.148085
0.126148	0.103379
0.126148	0.144058
0.126148	0.152504
0.176979	0.080957
0.176979	0.081171
0.176979	0.114234
0.176979	0.100233
0.176979	0.063303
0.176979	0.116910
0.176979	0.100943
0.176979	0.110381
0.176979	0.141793
0.176979	0.183761
0.176979	0.168119
0.099649	0.083052
0.099649	0.111877
0.099649	0.073938
0.099649	0.066981
0.099649	0.080811
0.099649	0.070167
0.099649	0.063018
0.208396	0.043815
0.208396	0.045559
0.208396	0.045744
0.208396	0.037301
0.208396	0.038701
0.208396	0.089320
0.208396	0.110178
0.144365	0.048854
0.144365	0.048690
0.144365	0.056673
0.144365	0.046604
0.144365	0.051103
0.144365	0.054065
0.144365	0.072894
0.144365	0.056080
0.058187	0.046816
0.058187	0.045008
0.058187	0.051951
0.058187	0.044126
0.058187	0.080323
0.058187	0.047557
0.129013	0.054258
0.129013	0.050828
0.129013	0.060138
0.129013	0.048538
0.129013	0.057505
0.129013	0.072922
0.129013	0.067663
0.129013	0.058877
0.133559	0.070483
0.133559	0.069332
0.133559	0.084832
0.133559	0.066032
0.133559	0.062262
0.133559	0.097156
0.133559	0.069977
0.133559	0.094855
0.133559	0.071458
0.133559	0.080566
0.133559	0.082403
0.133559	0.087922
0.125977	0.072881
0.125977	0.071324
0.125977	0.081767
0.125977	0.065405
0.125977	0.066200
0.125977	0.089059
0.125977	0.063343
0.125977	0.076743
0.112564	0.126087
0.112564	0.119787
0.112564	0.136470
0.112564	0.106511
0.112564	0.134753
0.112564	0.112525
0.112564	0.178336
0.112564	0.274695
0.126831	0.134322
0.126831	0.160676
0.126831	0.155496
0.126831	0.180487
0.191106	0.215479
0.191106	0.209215
0.191106	0.208325
0.191106	0.229168
0.191106	0.226742
0.191106	0.218526
0.191106	0.203100
0.191106	0.252307
0.191106	0.201338
0.222340	0.230974
0.222340	0.174998
0.222340	0.240052
0.222340	0.231705
0.222340	0.228344
0.222340	0.187814
0.222340	0.193416
0.305811	0.257655
0.305811	0.259460
0.305811	0.234517
0.305811	0.207820
0.305811	0.178866
0.305811	0.198869
0.305811	0.217764
0.119996	0.208185
0.119996	0.193084
0.119996	0.204141
0.119996	0.205469
0.119996	0.162785
0.119996	0.191422
0.119996	0.203062
0.119996	0.166439
0.333228	0.177951
0.333228	0.183102
0.333228	0.188257
0.333228	0.181104
0.333228	0.194474
0.333228	0.196804
0.333228	0.184229
0.333228	0.173594
0.333228	0.216350
0.119986	0.110363
0.119986	0.105105
0.119986	0.140601
0.119986	0.126999
0.119986	0.080877
0.119986	0.115418
0.061121	0.111223
0.061121	0.115583
0.061121	0.133104
0.061121	0.110431
0.061121	0.123604
0.061121	0.143994
0.061121	0.115912
0.061121	0.163282
0.061121	0.128760
0.061121	0.102951
0.061121	0.107363
0.097047	0.144068
0.097047	0.145711
0.097047	0.152863
0.097047	0.147519
0.097047	0.136454
0.097047	0.145889
0.097047	0.138028
0.097047	0.157308
0.097047	0.096477
0.097047	0.119220
0.097047	0.111542
0.171887	0.064175
0.171887	0.065181
0.171887	0.077454
0.171887	0.065657
0.171887	0.062358
0.171887	0.072346
0.171887	0.051814
0.171887	0.090641
0.117119	0.060992
0.117119	0.061719
0.117119	0.069748
0.117119	0.062812
0.117119	0.067147
0.117119	0.163501
0.117119	0.124903
0.105979	0.064455
0.105979	0.081166
0.105979	0.074119
0.105979	0.062725
0.105979	0.068212
0.105979	0.078571
0.105979	0.084161
0.105979	0.065133
0.214124	0.074952
0.214124	0.074695
0.214124	0.077812
0.214124	0.061427
0.214124	0.081921
0.214124	0.086999
0.214124	0.144339
0.214124	0.069114
0.200811	0.108301
0.200811	0.078889
0.200811	0.086935
0.200811	0.069925
0.200811	0.067585
0.200811	0.087375
0.200811	0.075041
0.263412	0.165762
0.263412	0.166989
0.263412	0.173138
0.263412	0.253403
0.263412	0.205819
0.263412	0.181389
0.263412	0.154185
0.263412	0.189139
0.263412	0.259741
0.275228	0.161470
0.275228	0.171251
0.275228	0.168700
0.275228	0.177863
0.275228	0.154110
0.275228	0.175834
0.275228	0.162491
0.275228	0.161177
0.275228	0.213613
0.144279	0.123671
0.144279	0.129795
0.144279	0.151408
0.144279	0.147287
0.144279	0.138728
0.144279	0.168924
0.144279	0.164230
0.144279	0.138556
0.144279	0.211002
0.144279	0.155320
0.144279	0.168943
0.144279	0.110739
0.249296	0.122147
0.249296	0.128292
0.249296	0.142257
0.249296	0.141983
0.249296	0.129468
0.249296	0.114808
0.249296	0.166494
0.249296	0.165138
0.448161	0.199470
0.448161	0.201399
0.448161	0.201695
0.448161	0.192314
0.448161	0.208711
0.448161	0.210459
0.448161	0.194821
0.448161	0.211722
0.448161	0.213834
0.448161	0.221603
0.448161	0.244042
0.368473	0.226623
0.368473	0.214436
0.368473	0.223326
0.368473	0.266771
0.368473	0.306381
0.368473	0.311354
0.368473	0.299005
0.282128	0.260674
0.282128	0.280727
0.282128	0.272444
0.282128	0.350241
0.282128	0.268744
0.282128	0.430019
0.282128	0.247795
0.526581	0.280235
0.526581	0.286964
0.526581	0.266526
0.526581	0.290777
0.526581	0.292202
0.526581	0.345367
0.526581	0.286295
0.526581	0.339134
0.526581	0.295959
0.900901	0.272066
0.900901	0.274365
0.900901	0.279849
0.900901	0.276135
0.900901	0.288329
0.900901	0.239639
0.900901	0.231598
0.900901	0.222508
0.508532	0.227915
0.508532	0.249899
0.508532	0.220954
0.508532	0.223719
0.508532	0.220434
0.508532	0.197391
0.508532	0.229966
0.508532	0.223568
0.251734	0.232077
0.251734	0.214682
0.251734	0.221116
0.251734	0.223672
0.251734	0.259272
0.251734	0.209307
0.339094	0.222106
0.339094	0.218156
0.339094	0.228695
0.339094	0.217313
0.339094	0.211577
0.339094	0.230851
0.339094	0.235480
0.339094	0.214095
0.339094	0.227553
0.339094	0.225808
0.339094	0.234659
0.339094	0.254096
0.436525	0.193579
0.436525	0.201502
0.436525	0.204107
0.436525	0.198722
0.436525	0.221195
0.436525	0.195821
0.436525	0.280256
0.436525	0.229115
0.436525	0.281088
0.185760	0.199803
0.185760	0.187744
0.185760	0.187147
0.185760	0.249038
0.185760	0.180127
0.185760	0.196330
0.185760	0.219677
0.185760	0.180971
0.185760	0.200158
0.185760	0.159061
0.185760	0.182396
0.114062	0.158577
0.114062	0.181062
0.114062	0.187681
0.114062	0.153354
0.114062	0.104379
0.058014	0.128325
0.058014	0.125882
0.058014	0.143519
0.058014	0.165977
0.058014	0.114173
0.058014	0.132195
0.058014	0.099716
0.058014	0.126695
0.162112	0.195186
0.162112	0.205054
0.162112	0.204042
0.162112	0.192427
0.162112	0.299036
0.162112	0.158573
0.188225	0.221669
0.188225	0.207167
0.188225	0.225028
0.188225	0.237093
0.188225	0.224200
0.188225	0.209171
0.188225	0.211313
0.188225	0.254799
0.188225	0.223191
0.236063	0.257912
0.236063	0.373654
0.236063	0.278093
0.236063	0.292416
0.236063	0.241607
0.236063	0.250635
0.168312	0.333154
0.168312	0.462640
0.168312	0.326688
0.168312	0.471064
0.168312	0.448592
0.168312	0.463029
0.376776	0.317880
0.376776	0.572961
0.376776	0.338206
0.376776	0.337947
0.376776	0.390523
0.376776	0.376101
0.376776	0.581545
0.090610	0.229639
0.090610	0.190582
0.090610	0.225049
0.090610	0.221136
0.079357	0.187865
0.079357	0.182889
0.079357	0.203458
0.079357	0.177560
0.079357	0.148243
0.079357	0.197049
0.079357	0.169042
0.123095	0.153581
0.123095	0.156530
0.123095	0.181295
0.123095	0.142132
0.123095	0.151377
0.123095	0.122349
0.123095	0.210586
0.209569	0.145314
0.209569	0.137175
0.209569	0.165193
0.209569	0.150725
0.209569	0.135367
0.209569	0.147952
0.209569	0.180578
0.209569	0.122139
0.106603	0.182010
0.106603	0.118608
0.106603	0.183265
0.106603	0.130466
0.272721	0.188499
0.272721	0.194232
0.272721	0.191228
0.272721	0.155846
0.272721	0.227256
0.187558	0.097379
0.187558	0.124864
0.187558	0.106583
0.187558	0.100537
0.187558	0.117389
0.187558	0.066750
0.187558	0.059361
0.146845	0.112535
0.146845	0.124879
0.146845	0.132195
0.146845	0.120138
0.146845	0.130730
0.146845	0.118063
0.146845	0.169502
0.146845	0.108454
0.054443	0.132445
0.054443	0.171632
0.054443	0.158283
0.054443	0.162184
0.054443	0.153179
0.054443	0.164528
0.054443	0.121470
0.054443	0.143244
0.310935	0.181355
0.310935	0.179298
0.310935	0.185965
0.310935	0.197286
0.310935	0.183056
0.310935	0.180935
0.310935	0.192097
0.310935	0.263186
0.310935	0.220520
0.177751	0.094298
0.177751	0.094667
0.177751	0.107684
0.177751	0.106479
0.096458	0.179296
0.096458	0.165140
0.096458	0.202227
0.096458	0.214470
0.096458	0.171589
0.096458	0.221491
0.096458	0.206475
0.096458	0.163833
0.096458	0.212015
0.096458	0.196752
0.096458	0.168752
0.113513	0.226543
0.113513	0.228739
0.113513	0.242437
0.113513	0.228521
0.113513	0.207035
0.113513	0.253202
0.113513	0.217528
0.113513	0.225302
0.113513	0.229239
0.113513	0.220599
0.113513	0.241302
0.113513	0.220863
0.061674	0.113321
0.061674	0.117037
0.061674	0.135851
0.061674	0.107982
0.061674	0.142345
0.061674	0.084967
0.061674	0.114054
0.070982	0.128655
0.070982	0.132691
0.070982	0.157265
0.070982	0.114685
0.070982	0.142792
0.070982	0.127482
0.070982	0.086804
0.042566	0.246102
0.042566	0.260213
0.042566	0.272076
0.042566	0.236936
0.042566	0.210190
0.042566	0.276861
0.042566	0.243271
0.042566	0.239522
0.042566	0.238980
0.042566	0.252306
0.042566	0.246196
0.046274	0.161387
0.046274	0.160951
0.046274	0.165452
0.046274	0.153318
0.046274	0.158044
0.046274	0.171362
0.046274	0.171875
0.046274	0.179613
0.338297	0.176645
0.338297	0.182648
0.338297	0.179623
0.338297	0.192638
0.338297	0.174377
0.338297	0.179270
0.338297	0.176917
0.338297	0.175920
0.338297	0.176282
0.338297	0.178741
0.338297	0.217125
0.026676	0.183450
0.026676	0.152854
0.026676	0.190884
0.026676	0.162800
0.026676	0.179152
0.061682	0.198559
0.061682	0.168783
0.061682	0.165116
0.061682	0.188547
0.061682	0.162222
0.061682	0.163898
0.061682	0.153904
0.061682	0.163281
0.061682	0.166676
0.061682	0.252668
0.061682	0.137519
0.090944	0.180338
0.090944	0.190134
0.090944	0.186570
0.090944	0.206190
0.090944	0.172079
0.090944	0.206491
0.090944	0.188026
0.090944	0.162194
0.090944	0.146680
0.039561	0.165963
0.039561	0.166133
0.039561	0.175100
0.039561	0.167726
0.039561	0.177186
0.039561	0.156639
0.039561	0.168824
0.039561	0.171126
0.039561	0.170056
0.039561	0.186861
0.039561	0.184641
0.065640	0.166519
0.065640	0.169755
0.065640	0.187160
0.065640	0.149868
0.065640	0.178288
0.065640	0.171717
0.065640	0.115285
0.065640	0.133836
0.051596	0.125900
0.051596	0.095117
0.051596	0.151476
0.051596	0.119939
0.113063	0.157928
0.113063	0.159548
0.113063	0.177704
0.113063	0.147846
0.113063	0.151028
0.113063	0.196026
0.113063	0.162470
0.113063	0.188667
0.113063	0.149914
0.113063	0.211183
0.113063	0.195585
0.048876	0.158631
0.048876	0.167469
0.048876	0.171517
0.048876	0.132423
0.048876	0.111963
0.192074	0.147712
0.192074	0.140640
0.192074	0.142273
0.192074	0.119715
0.192074	0.146155
0.192074	0.196042
0.192074	0.170834
0.255890	0.195149
0.255890	0.198629
0.255890	0.205034
0.255890	0.181426
0.255890	0.137016
0.255890	0.176905
0.121823	0.221382
0.121823	0.243859
0.121823	0.232141
0.121823	0.257313
0.121823	0.261800
0.272725	0.243679
0.272725	0.287992
0.272725	0.256209
0.272725	0.307489
0.272725	0.271615
0.272725	0.392205
0.299499	0.216566
0.299499	0.229584
0.299499	0.217657
0.299499	0.233785
0.299499	0.209834
0.299499	0.217558
0.299499	0.208341
0.299499	0.213675
0.299499	0.228986
0.299499	0.216297
0.226298	0.220174
0.226298	0.153277
0.226298	0.216658
0.226298	0.211218
0.226298	0.246722
0.226298	0.236997
0.226298	0.242505
0.284767	0.179957
0.284767	0.222766
0.284767	0.180009
0.284767	0.197978
0.284767	0.212816
0.284767	0.208188
0.284767	0.207656
0.284767	0.248389
0.284767	0.195784
0.284767	0.213811
0.325563	0.219104
0.325563	0.200013
0.325563	0.186223
0.325563	0.222590
0.325563	0.220525
0.325563	0.224626
0.325563	0.217960
0.325563	0.266908
0.194973	0.228321
0.194973	0.185685
0.194973	0.234007
0.194973	0.200331
0.194973	0.217607
0.194973	0.220061
0.194973	0.192332
0.194973	0.193218
0.194973	0.156111
0.185025	0.221833
0.185025	0.164953
0.185025	0.235114
0.185025	0.188356
0.185025	0.249473
0.185025	0.236481
0.185025	0.258603
0.185025	0.187576
0.185025	0.210573
0.185025	0.168825
0.185025	0.178497
0.263917	0.192102
0.263917	0.178673
0.263917	0.196064
0.263917	0.209333
0.263917	0.179891
0.263917	0.178932
0.263917	0.210633
0.263917	0.209035
0.263917	0.197869
0.263917	0.212847
0.263917	0.196069
0.176684	0.147504
0.176684	0.157875
0.176684	0.179732
0.176684	0.172399
0.176684	0.139037
0.176684	0.130712
0.176684	0.169233
0.238456	0.115943
0.238456	0.116417
0.238456	0.122701
0.238456	0.146550
0.238456	0.135784
0.074657	0.125619
0.074657	0.114788
0.074657	0.138357
0.074657	0.103810
0.074657	0.198191
0.076979	0.091880
0.076979	0.081657
0.076979	0.089412
0.076979	0.157407
0.076979	0.119074
0.076979	0.063242
0.076979	0.051471
0.110844	0.170167
0.110844	0.135985
0.110844	0.175904
0.110844	0.161817
0.110844	0.127810
0.110844	0.117282
0.110844	0.117001
0.110844	0.110998
0.110844	0.131480
0.040969	0.180211
0.040969	0.147350
0.040969	0.175820
0.040969	0.106615
0.136029	0.187978
0.136029	0.182424
0.136029	0.186595
0.136029	0.149580
0.136029	0.195483
0.136029	0.163153
0.136029	0.128906
0.115685	0.175747
0.115685	0.144874
0.115685	0.194325
0.115685	0.188928
0.115685	0.198601
0.115685	0.190047
0.115685	0.177357
0.115685	0.153592
0.115685	0.175372
0.115685	0.147929
0.115685	0.122692
0.247586	0.152803
0.247586	0.185631
0.247586	0.192318
0.247586	0.204808
0.247586	0.122961
0.247586	0.173313
0.247586	0.183224
0.173226	0.176610
0.173226	0.161590
0.173226	0.179882
0.173226	0.174485
0.173226	0.168911
0.173226	0.212239
0.173226	0.193407
0.059462	0.190746
0.059462	0.205261
0.059462	0.209925
0.059462	0.213018
0.059462	0.205322
0.059462	0.159317
0.059462	0.168942
0.059462	0.176895
0.087536	0.223151
0.087536	0.235617
0.087536	0.204781
0.087536	0.207132
0.087536	0.212632
0.087536	0.155818
0.087536	0.183333
0.087536	0.165892
0.139034	0.198057
0.139034	0.183239
0.139034	0.186698
0.139034	0.187843
0.139034	0.196850
0.139034	0.167116
0.139034	0.141345
0.139034	0.192360
0.217835	0.212049
0.217835	0.224619
0.217835	0.211000
0.217835	0.282701
0.217835	0.244685
0.217835	0.239311
0.217835	0.177501
0.217835	0.165759
0.217835	0.206411
0.136055	0.208031
0.136055	0.223600
0.136055	0.210185
0.136055	0.238185
0.136055	0.229864
0.136055	0.162521
0.136055	0.190142
0.136055	0.172762
0.110197	0.170694
0.110197	0.167624
0.110197	0.181294
0.110197	0.179616
0.110197	0.150639
0.110197	0.170503
0.169213	0.187843
0.169213	0.203147
0.169213	0.193256
0.169213	0.232468
0.118821	0.274898
0.118821	0.260326
0.118821	0.262585
0.118821	0.284725
0.118821	0.263222
0.118821	0.266105
0.118821	0.257939
0.118821	0.269979
0.118821	0.207477
0.118821	0.220743
0.118821	0.265801
0.118821	0.214036
0.130103	0.242391
0.130103	0.251441
0.130103	0.263754
0.130103	0.283140
0.130103	0.269366
0.130103	0.249383
0.130103	0.261710
0.130103	0.302663
