Ground Truth	Predictions
0.090008	0.082040
0.090008	0.067602
0.090008	0.154521
0.090008	0.071670
0.090008	0.066348
0.090008	0.184661
0.090008	0.138813
0.090008	0.081830
0.048289	0.114139
0.048289	0.083945
0.048289	0.228490
0.048289	0.118222
0.048289	0.093227
0.048289	0.061939
0.048289	0.065037
0.048289	0.070917
0.048289	0.062131
0.048289	0.062808
0.116190	0.075614
0.116190	0.148660
0.116190	0.167469
0.116190	0.074199
0.116190	0.074652
0.116190	0.074378
0.116190	0.070492
0.116190	0.071893
0.116190	0.073022
0.091805	0.134941
0.091805	0.142249
0.091805	0.158229
0.091805	0.128067
0.091805	0.142614
0.091805	0.082236
0.091805	0.065803
0.091805	0.065949
0.091805	0.065669
0.198635	0.097840
0.198635	0.101513
0.198635	0.095307
0.198635	0.108149
0.198635	0.073590
0.198635	0.069254
0.198635	0.064877
0.094167	0.080564
0.094167	0.086088
0.094167	0.080774
0.094167	0.073684
0.094167	0.063162
0.160863	0.081705
0.160863	0.087925
0.160863	0.082722
0.160863	0.074865
0.160863	0.051747
0.160863	0.075230
0.160863	0.074990
0.079857	0.079167
0.079857	0.062627
0.079857	0.076407
0.079857	0.061481
0.079857	0.058978
0.079857	0.083143
0.079857	0.044560
0.079857	0.077710
0.122970	0.069090
0.122970	0.051149
0.122970	0.081645
0.122970	0.056022
0.122970	0.064352
0.122970	0.053788
0.122970	0.062662
0.122970	0.060339
0.150741	0.137763
0.150741	0.071548
0.150741	0.156432
0.150741	0.129019
0.150741	0.072658
0.150741	0.127418
0.150741	0.072830
0.150741	0.246086
0.150741	0.070738
0.183610	0.086527
0.183610	0.086322
0.183610	0.089175
0.183610	0.086614
0.183610	0.119545
0.151249	0.113658
0.151249	0.087111
0.151249	0.110672
0.151249	0.099479
0.151249	0.085804
0.151249	0.086828
0.151249	0.089122
0.151249	0.088705
0.130758	0.122451
0.130758	0.130860
0.130758	0.135622
0.130758	0.144314
0.130758	0.090369
0.130758	0.146624
0.130758	0.104436
0.130758	0.104545
0.162241	0.060093
0.162241	0.048629
0.162241	0.053281
0.162241	0.051892
0.154463	0.093225
0.154463	0.095151
0.154463	0.106951
0.154463	0.090257
0.154463	0.109586
0.154463	0.121252
0.154463	0.095799
0.154463	0.123431
0.116582	0.060025
0.116582	0.061600
0.116582	0.066461
0.116582	0.062047
0.116582	0.109806
0.116582	0.108529
0.116582	0.109341
0.125048	0.038300
0.125048	0.037455
0.125048	0.040334
0.125048	0.037033
0.125048	0.052071
0.125048	0.038781
0.125048	0.036049
0.206624	0.099734
0.206624	0.102771
0.206624	0.108372
0.206624	0.096164
0.206624	0.095827
0.206624	0.092022
0.206624	0.112370
0.206624	0.074798
0.206624	0.073169
0.097665	0.054397
0.097665	0.048913
0.097665	0.061275
0.097665	0.053393
0.097665	0.052023
0.097665	0.051056
0.097665	0.053073
0.097665	0.035234
0.100260	0.076599
0.100260	0.074183
0.100260	0.086562
0.100260	0.086605
0.100260	0.088936
0.100260	0.063028
0.100260	0.061745
0.100260	0.061229
0.086148	0.093456
0.086148	0.097737
0.086148	0.096158
0.086148	0.103229
0.086148	0.090360
0.086148	0.102438
0.086148	0.098664
0.086148	0.076721
0.086148	0.104939
0.086148	0.074064
0.086148	0.094784
0.086148	0.112190
0.106094	0.060976
0.106094	0.053599
0.106094	0.046230
0.106094	0.055641
0.106094	0.059911
0.106094	0.055848
0.106094	0.052864
0.106094	0.058470
0.106094	0.060880
0.048331	0.046497
0.048331	0.047157
0.048331	0.120835
0.048331	0.049108
0.137353	0.161667
0.137353	0.159375
0.137353	0.171014
0.137353	0.162537
0.137353	0.063178
0.137353	0.134868
0.137353	0.104162
0.137353	0.118051
0.137353	0.121743
0.176239	0.107799
0.176239	0.090437
0.176239	0.095325
0.176239	0.062301
0.176239	0.051509
0.176239	0.051483
0.176239	0.054470
0.210555	0.080398
0.210555	0.074252
0.210555	0.085168
0.210555	0.077786
0.210555	0.085852
0.210555	0.063481
0.210555	0.076580
0.210555	0.077352
0.163720	0.088161
0.163720	0.079953
0.163720	0.084133
0.163720	0.076086
0.163720	0.089205
0.163720	0.087412
0.163720	0.088677
0.104787	0.058940
0.104787	0.059896
0.104787	0.074143
0.104787	0.064040
0.104787	0.093144
0.104787	0.073741
0.104787	0.058501
0.104787	0.078810
0.104787	0.059283
0.104787	0.075523
0.104787	0.070438
0.354714	0.141000
0.354714	0.136305
0.354714	0.159590
0.354714	0.145338
0.354714	0.132689
0.354714	0.165008
0.354714	0.128905
0.354714	0.099320
0.354714	0.090267
0.354714	0.332842
0.354714	0.134461
0.105339	0.039016
0.105339	0.036645
0.105339	0.039575
0.105339	0.053796
0.105339	0.031018
0.105339	0.047044
0.105339	0.034628
0.105339	0.042957
0.171434	0.041876
0.171434	0.050598
0.171434	0.045967
0.171434	0.042791
0.171434	0.045998
0.171434	0.041607
0.171434	0.036028
0.171434	0.065086
0.207789	0.100988
0.207789	0.059098
0.207789	0.052550
0.207789	0.048369
0.207789	0.047868
0.207789	0.054672
0.207789	0.036530
0.207789	0.075342
0.147261	0.029936
0.147261	0.028897
0.147261	0.031429
0.147261	0.052463
0.147261	0.033614
0.147261	0.025561
0.147261	0.026557
0.245731	0.114646
0.245731	0.130851
0.245731	0.123381
0.245731	0.158837
0.245731	0.216447
0.245731	0.244559
0.245731	0.293525
0.245731	0.216753
0.071081	0.069234
0.071081	0.064854
0.071081	0.073802
0.071081	0.119810
0.071081	0.056316
0.071081	0.075491
0.071081	0.056227
0.160737	0.118936
0.160737	0.150349
0.160737	0.105920
0.160737	0.124321
0.160737	0.147763
0.160737	0.094038
0.160737	0.118747
0.204347	0.220655
0.204347	0.292163
0.204347	0.229573
0.204347	0.182317
0.204347	0.281301
0.204347	0.357617
0.204347	0.237387
0.204347	0.246519
0.204347	0.218731
0.141163	0.191774
0.141163	0.135941
0.141163	0.138472
0.141163	0.127853
0.141163	0.238917
0.141163	0.212549
0.141163	0.213098
0.141163	0.103349
0.141163	0.205301
0.141163	0.183030
0.141163	0.181781
0.309011	0.253017
0.309011	0.144843
0.309011	0.141419
0.309011	0.144922
0.309011	0.175596
0.309011	0.130814
0.309011	0.146324
0.309011	0.156621
0.110441	0.229947
0.110441	0.225339
0.110441	0.245623
0.110441	0.234916
0.110441	0.216796
0.110441	0.237519
0.110441	0.208718
0.110441	0.239039
0.110441	0.221385
0.206494	0.123882
0.206494	0.114078
0.206494	0.203829
0.206494	0.159819
0.206494	0.125382
0.206494	0.106700
0.206494	0.121363
0.206494	0.106655
0.206494	0.132278
0.143495	0.117268
0.143495	0.104259
0.143495	0.093386
0.143495	0.088532
0.143495	0.090456
0.143495	0.104024
0.143495	0.111227
0.143495	0.101902
0.143495	0.118194
0.143495	0.100472
0.143495	0.089437
0.143495	0.083868
0.088757	0.076862
0.088757	0.061110
0.088757	0.084104
0.088757	0.077736
0.156483	0.107347
0.156483	0.101480
0.156483	0.107024
0.156483	0.111435
0.156483	0.117647
0.156483	0.110603
0.156483	0.090829
0.089862	0.136713
0.089862	0.207909
0.089862	0.139267
0.089862	0.211611
0.089862	0.193407
0.089862	0.188174
0.089862	0.202666
0.089862	0.135249
0.089862	0.199754
0.069122	0.059561
0.069122	0.063843
0.069122	0.064573
0.069122	0.060988
0.069122	0.058384
0.093885	0.069948
0.093885	0.076558
0.093885	0.075739
0.093885	0.067380
0.093885	0.079339
0.093885	0.087529
0.043857	0.091440
0.043857	0.102686
0.043857	0.095688
0.043857	0.089148
0.043857	0.186183
0.101622	0.096539
0.101622	0.223634
0.101622	0.098662
0.101622	0.104603
0.101622	0.223018
0.101622	0.106381
0.101622	0.213253
0.101622	0.094822
0.101622	0.206046
0.101622	0.108485
0.101622	0.102774
0.169318	0.056741
0.169318	0.066676
0.169318	0.063595
0.169318	0.052751
0.169318	0.063554
0.169318	0.062465
0.169318	0.099943
0.102467	0.121615
0.102467	0.130083
0.102467	0.131151
0.102467	0.115364
0.102467	0.234244
0.102467	0.123236
0.102467	0.230976
0.102467	0.240922
0.102467	0.221634
0.028593	0.160124
0.028593	0.199470
0.028593	0.193655
0.028593	0.161454
0.028593	0.257649
0.028593	0.265541
0.028593	0.234666
0.028593	0.222371
0.028593	0.233230
0.122339	0.102638
0.122339	0.217517
0.122339	0.105562
0.122339	0.117777
0.122339	0.108823
0.122339	0.105821
0.122339	0.212184
0.122339	0.212157
0.100818	0.046714
0.100818	0.056091
0.100818	0.054285
0.100818	0.061218
0.100818	0.066407
0.100818	0.036469
0.100818	0.059160
0.108169	0.144611
0.108169	0.164819
0.108169	0.167910
0.108169	0.173603
0.108169	0.175359
0.108169	0.179744
0.108169	0.181118
0.108169	0.172561
0.108169	0.173022
0.056054	0.191244
0.056054	0.213843
0.056054	0.220263
0.056054	0.250640
0.056054	0.206197
0.056054	0.176010
0.056054	0.182470
0.056054	0.209731
0.073443	0.091318
0.073443	0.092418
0.073443	0.103813
0.073443	0.183208
0.073443	0.084301
0.126104	0.238504
0.126104	0.067499
0.126104	0.251010
0.126104	0.100751
0.126104	0.077236
0.126104	0.078634
0.126104	0.079416
0.126104	0.074049
0.126104	0.053329
0.194584	0.162041
0.194584	0.069225
0.194584	0.181141
0.194584	0.168646
0.194584	0.070934
0.194584	0.070569
0.194584	0.070644
0.194584	0.070662
0.194584	0.070091
0.103942	0.084094
0.103942	0.062513
0.103942	0.070757
0.103942	0.077275
0.103942	0.071135
0.103942	0.085367
0.103942	0.065242
0.103942	0.076000
0.070238	0.105225
0.070238	0.105603
0.070238	0.115079
0.070238	0.107643
0.070238	0.106000
0.070238	0.119884
0.070238	0.104607
0.070238	0.148896
0.070238	0.072801
0.102689	0.039705
0.102689	0.041625
0.102689	0.048267
0.102689	0.043179
0.102689	0.046196
0.102689	0.030526
0.102689	0.040452
0.093037	0.103977
0.093037	0.106911
0.093037	0.108857
0.093037	0.105045
0.093037	0.099841
0.093037	0.103421
0.093037	0.111779
0.093037	0.114246
0.093037	0.080189
0.093196	0.097157
0.093196	0.086139
0.093196	0.090756
0.093196	0.091426
0.093196	0.092167
0.093196	0.091854
0.093196	0.091373
0.093196	0.080694
0.093196	0.080732
0.093196	0.095593
0.093196	0.111408
0.099035	0.140818
0.099035	0.108357
0.099035	0.119129
0.099035	0.072851
0.099035	0.095459
0.099035	0.112786
0.099035	0.116627
0.099035	0.104677
0.169405	0.188115
0.169405	0.062049
0.169405	0.232285
0.169405	0.064657
0.169405	0.070110
0.169405	0.062786
0.169405	0.069990
0.169405	0.073400
0.169405	0.058433
0.194718	0.101251
0.194718	0.055407
0.194718	0.054274
0.194718	0.061959
0.498033	0.059119
0.498033	0.066618
0.498033	0.193321
0.498033	0.194978
0.498033	0.057527
0.498033	0.175540
0.498033	0.059731
0.498033	0.062705
0.498033	0.068397
0.116172	0.192794
0.116172	0.185063
0.116172	0.177926
0.116172	0.152534
0.116172	0.075030
0.116172	0.064989
0.116172	0.064819
0.116172	0.172836
0.116172	0.064896
0.116172	0.064569
0.116172	0.068589
0.130694	0.089961
0.130694	0.086664
0.130694	0.091897
0.130694	0.104561
0.130694	0.057868
0.130694	0.070026
0.130694	0.081540
0.355247	0.181262
0.355247	0.196240
0.355247	0.232255
0.355247	0.071543
0.355247	0.124430
0.355247	0.201999
0.355247	0.160570
0.355247	0.210253
0.216342	0.291820
0.216342	0.114846
0.216342	0.294034
0.216342	0.114222
0.216342	0.127331
0.216342	0.292512
0.216342	0.130241
0.216342	0.114658
0.216342	0.100079
0.130450	0.303690
0.130450	0.103959
0.130450	0.106483
0.130450	0.120022
0.130450	0.131621
0.130450	0.152060
0.130450	0.152646
0.130450	0.120004
0.130450	0.179646
0.130450	0.114535
0.130450	0.100259
0.130450	0.107947
0.074462	0.117390
0.074462	0.064460
0.074462	0.144897
0.074462	0.084046
0.165217	0.171786
0.165217	0.184582
0.165217	0.192890
0.165217	0.160560
0.165217	0.173638
0.165217	0.070657
0.165217	0.072016
0.165217	0.185710
0.165217	0.070567
0.165217	0.078721
0.165217	0.094636
0.131049	0.062222
0.131049	0.063661
0.131049	0.063462
0.131049	0.055457
0.198734	0.059558
0.198734	0.057531
0.198734	0.063373
0.198734	0.068435
0.198734	0.058278
0.198734	0.058643
0.198734	0.056446
0.198734	0.067758
0.138322	0.059518
0.138322	0.051345
0.138322	0.058918
0.138322	0.058550
0.138322	0.046013
0.050500	0.055708
0.050500	0.057020
0.050500	0.069256
0.050500	0.057503
0.050500	0.054418
0.050500	0.072467
0.050500	0.065390
0.050500	0.053458
0.050500	0.059702
0.050500	0.057890
0.050500	0.061811
0.050500	0.059962
0.068716	0.104303
0.068716	0.095157
0.068716	0.099211
0.068716	0.091991
0.068716	0.109352
0.068716	0.101875
0.068716	0.100028
0.068716	0.112738
0.068716	0.099135
0.114496	0.064876
0.114496	0.066297
0.114496	0.083161
0.114496	0.070051
0.114496	0.071063
0.114496	0.082051
0.114496	0.072714
0.114496	0.062739
0.114496	0.063937
0.114496	0.099049
0.114496	0.075334
0.114496	0.100074
0.117112	0.086932
0.117112	0.087400
0.117112	0.090935
0.117112	0.100339
0.117112	0.086827
0.122887	0.211692
0.122887	0.085306
0.122887	0.078889
0.122887	0.079775
0.122887	0.081022
0.122887	0.082577
0.122887	0.084381
0.122887	0.094852
0.230375	0.167669
0.230375	0.099213
0.230375	0.091328
0.230375	0.094813
0.089751	0.189308
0.089751	0.247034
0.089751	0.201330
0.089751	0.188930
0.089751	0.262333
0.089751	0.259718
0.089751	0.251094
0.089751	0.265733
0.089751	0.279594
0.068885	0.107257
0.068885	0.060905
0.068885	0.071730
0.068885	0.067741
0.068885	0.075476
0.068885	0.056766
0.068885	0.062205
0.068885	0.065993
0.082373	0.024208
0.082373	0.029820
0.082373	0.025903
0.082373	0.021626
0.082373	0.026532
0.082373	0.027400
0.082373	0.027215
0.042558	0.090450
0.042558	0.093976
0.042558	0.090969
0.042558	0.086379
0.042558	0.081415
0.042558	0.095034
0.042558	0.083421
0.042558	0.077879
0.065936	0.100623
0.065936	0.106414
0.065936	0.114424
0.065936	0.099854
0.065936	0.106476
0.065936	0.159104
0.065936	0.217646
0.065936	0.223986
0.065936	0.211542
0.067467	0.070811
0.067467	0.108711
0.067467	0.071740
0.067467	0.066928
0.067467	0.064148
0.106899	0.039828
0.106899	0.045360
0.106899	0.044927
0.106899	0.038001
0.106899	0.044850
0.106899	0.042445
0.106899	0.036716
0.106899	0.040599
0.081943	0.033001
0.081943	0.036569
0.081943	0.036427
0.081943	0.035735
0.081943	0.037916
0.081943	0.025406
0.081943	0.032844
0.121370	0.118050
0.121370	0.120321
0.121370	0.130793
0.121370	0.117794
0.121370	0.155806
0.121370	0.213134
0.121370	0.194641
0.121370	0.111207
0.121370	0.157352
0.121370	0.136014
0.121370	0.110465
0.050563	0.100756
0.050563	0.107493
0.050563	0.109982
0.050563	0.112549
0.050563	0.108972
0.050563	0.104556
0.050563	0.088907
0.050563	0.118059
0.050563	0.136502
0.080509	0.045555
0.080509	0.046635
0.080509	0.051165
0.080509	0.042338
0.099481	0.046004
0.099481	0.053567
0.099481	0.056989
0.099481	0.048021
0.099481	0.050886
0.099481	0.047089
0.099481	0.096227
0.099481	0.049162
0.125662	0.055388
0.125662	0.058382
0.125662	0.056272
0.125662	0.065453
0.125662	0.040500
0.123901	0.105011
0.123901	0.107030
0.123901	0.114339
0.123901	0.104612
0.123901	0.144039
0.123901	0.112121
0.123901	0.229149
0.123901	0.133473
0.123901	0.114924
0.177890	0.052121
0.177890	0.051972
0.177890	0.055690
0.177890	0.149680
0.177890	0.132444
0.177890	0.136455
0.177890	0.036589
0.303787	0.102767
0.303787	0.211034
0.303787	0.206126
0.303787	0.225317
0.303787	0.246042
0.561144	0.301401
0.561144	0.298872
0.561144	0.229046
0.561144	0.334690
0.561144	0.247403
0.561144	0.237232
0.561144	0.248163
0.561144	0.245641
0.561144	0.249407
0.561144	0.255477
0.561144	0.237490
0.561144	0.222337
0.552639	0.131032
0.552639	0.115002
0.552639	0.117716
0.552639	0.237663
0.552639	0.216573
0.552639	0.193439
0.552639	0.203029
0.540178	0.214294
0.540178	0.198828
0.540178	0.187221
0.540178	0.164195
0.540178	0.344257
0.540178	0.217126
0.540178	0.304476
0.540178	0.195747
0.540178	0.287054
0.540178	0.181270
0.540178	0.195052
0.540178	0.257147
0.575838	0.287505
0.575838	0.221477
0.575838	0.210738
0.575838	0.200239
0.575838	0.207570
0.575838	0.222804
0.575838	0.206194
0.575838	0.219933
0.575838	0.260814
0.450269	0.089313
0.450269	0.108405
0.450269	0.117347
0.450269	0.120292
0.334478	0.119606
0.334478	0.118321
0.334478	0.133998
0.334478	0.139372
0.334478	0.133080
0.334478	0.133361
0.334478	0.129930
0.334478	0.134570
0.235020	0.132492
0.235020	0.139775
0.235020	0.146866
0.235020	0.062996
0.235020	0.117364
0.235020	0.058434
0.235020	0.064774
0.235020	0.062815
0.047395	0.117875
0.047395	0.097405
0.047395	0.125035
0.047395	0.096272
0.047395	0.106682
0.047395	0.178773
0.047395	0.094035
0.061198	0.149930
0.061198	0.177311
0.061198	0.165124
0.061198	0.128896
0.061198	0.142510
0.061198	0.162547
0.061198	0.091034
0.061198	0.154608
0.061198	0.084590
0.061198	0.178290
0.193820	0.151834
0.193820	0.156122
0.193820	0.159907
0.193820	0.136338
0.193820	0.173927
0.193820	0.167991
0.193820	0.234257
0.193820	0.245084
0.193820	0.280323
0.030840	0.249972
0.030840	0.189339
0.030840	0.217398
0.030840	0.173960
0.030840	0.248409
0.030840	0.225828
0.030840	0.212397
0.030840	0.206826
0.030840	0.224241
0.087684	0.136565
0.087684	0.135753
0.087684	0.123708
0.087684	0.119504
0.087684	0.202297
0.087684	0.128316
0.087684	0.204277
0.087684	0.192420
0.081904	0.071317
0.081904	0.078668
0.081904	0.075908
0.081904	0.064432
0.081904	0.075161
0.081904	0.080059
0.081904	0.064355
0.081904	0.069360
0.031679	0.158274
0.031679	0.172417
0.031679	0.190879
0.031679	0.220164
0.031679	0.226127
0.031679	0.219768
0.031679	0.231128
0.031679	0.168404
0.031679	0.191693
0.031679	0.122944
0.031679	0.122039
0.149186	0.143240
0.149186	0.192084
0.149186	0.128942
0.149186	0.143919
0.149186	0.149377
0.149186	0.143408
0.149186	0.125464
0.149186	0.109338
0.149186	0.112586
0.205731	0.083453
0.205731	0.091374
0.205731	0.084990
0.205731	0.078856
0.205731	0.081971
0.101194	0.099528
0.101194	0.106898
0.101194	0.108374
0.101194	0.101110
0.101194	0.094304
0.101194	0.131690
0.101194	0.122539
0.101194	0.144972
0.101194	0.109585
0.068892	0.082099
0.068892	0.119353
0.068892	0.086211
0.068892	0.081003
0.068892	0.132887
0.382230	0.148351
0.382230	0.154342
0.382230	0.153790
0.382230	0.127332
0.382230	0.121098
0.382230	0.087571
0.382230	0.092310
0.382230	0.111068
0.382230	0.100747
0.051777	0.070529
0.051777	0.071797
0.051777	0.075156
0.051777	0.068528
0.051777	0.052691
0.091195	0.107599
0.091195	0.106602
0.091195	0.118700
0.091195	0.137558
0.091195	0.114954
0.091195	0.144447
0.091195	0.140463
0.091195	0.100977
0.091195	0.092628
0.204272	0.175743
0.204272	0.121012
0.204272	0.189670
0.204272	0.139600
0.204272	0.122772
0.204272	0.127211
0.204272	0.128126
0.204272	0.127777
0.204272	0.132553
0.151435	0.180229
0.151435	0.120229
0.151435	0.194761
0.151435	0.131186
0.151435	0.111382
0.151435	0.120464
0.151435	0.115182
0.151435	0.119874
0.151435	0.117429
0.079077	0.160006
0.079077	0.168920
0.079077	0.177444
0.079077	0.112092
0.079077	0.114439
0.079077	0.121245
0.079077	0.144672
0.079077	0.140127
0.079077	0.093535
0.035374	0.059379
0.035374	0.069701
0.035374	0.069381
0.035374	0.063939
0.035374	0.065709
0.035374	0.053947
0.035374	0.056613
0.035374	0.083954
0.090748	0.098103
0.090748	0.118719
0.090748	0.102871
0.090748	0.100429
0.090748	0.094448
0.090748	0.113143
0.090748	0.103477
0.090748	0.118339
0.110528	0.057979
0.110528	0.068044
0.110528	0.071229
0.110528	0.072635
0.110528	0.083810
0.110528	0.052374
0.110528	0.102113
0.110528	0.057165
0.071360	0.087591
0.071360	0.070964
0.071360	0.072367
0.071360	0.079267
0.071360	0.096801
0.071360	0.115820
0.071360	0.096686
0.071360	0.109244
0.071360	0.125803
0.071360	0.115507
0.071360	0.073448
0.071360	0.125445
0.071360	0.076050
0.071360	0.078967
0.268817	0.124513
0.268817	0.112430
0.268817	0.099230
0.268817	0.088167
0.268817	0.098538
0.268817	0.078966
