Ground Truth	Predictions
0.129196	1.000000
0.129196	0.587883
0.129196	0.587883
0.129196	0.587883
0.129196	1.000000
0.129196	1.000000
0.161019	0.605100
0.161019	0.587883
0.161019	0.587883
0.161019	0.587883
0.161019	1.000000
0.161019	1.000000
0.161019	1.000000
0.161019	1.000000
0.161019	1.000000
0.139143	0.587883
0.139143	0.587883
0.139143	0.587883
0.139143	1.000000
0.139143	1.000000
0.084762	0.536432
0.084762	0.486442
0.084762	0.495504
0.084762	0.556749
0.084762	0.322679
0.084762	0.587883
0.084762	1.000000
0.084762	1.000000
0.111018	0.046121
0.111018	0.048711
0.111018	0.064662
0.111018	0.060595
0.111018	0.108462
0.111018	0.061416
0.111018	0.132790
0.111018	1.000000
0.102531	0.159664
0.102531	0.248341
0.102531	0.221120
0.102531	1.000000
0.102531	1.000000
0.102531	1.000000
0.102531	1.000000
0.102531	1.000000
0.110837	0.587883
0.110837	1.000000
0.110837	0.587883
0.110837	0.587883
0.110837	1.000000
0.110837	1.000000
0.110837	1.000000
0.110837	0.587883
0.110837	1.000000
0.110837	1.000000
0.110837	1.000000
0.069359	0.011945
0.069359	0.009075
0.069359	0.014821
0.069359	0.012458
0.069359	0.009030
0.069359	0.010956
0.069359	0.005283
0.069359	0.011638
0.107515	0.143336
0.107515	0.167102
0.107515	0.218504
0.107515	0.198308
0.107515	1.000000
0.107515	0.201187
0.107515	1.000000
0.107515	0.146793
0.107515	1.000000
0.123048	0.071716
0.123048	1.000000
0.123048	0.069705
0.123048	0.124261
0.123048	1.000000
0.123048	1.000000
0.219601	0.173710
0.219601	0.315600
0.219601	0.231174
0.219601	0.224798
0.219601	1.000000
0.219601	1.000000
0.219601	1.000000
0.219601	1.000000
0.135040	0.009523
0.135040	0.008951
0.135040	0.020507
0.135040	0.525255
0.135040	0.018088
0.135040	0.007622
0.135040	0.009013
0.135040	0.051785
0.173042	0.074056
0.173042	0.214872
0.173042	0.181770
0.173042	1.000000
0.173042	1.000000
0.173042	0.154882
0.173042	1.000000
0.173042	1.000000
0.173042	0.251581
0.173042	0.162168
0.173042	0.199485
0.196649	0.587883
0.196649	1.000000
0.196649	0.587883
0.196649	1.000000
0.196649	1.000000
0.196649	1.000000
0.196649	1.000000
0.196649	1.000000
0.247762	1.000000
0.247762	1.000000
0.247762	1.000000
0.247762	1.000000
0.247762	0.587883
0.247762	1.000000
0.247762	1.000000
0.247762	1.000000
0.247762	1.000000
0.247762	1.000000
0.247762	1.000000
0.137674	1.000000
0.137674	1.000000
0.137674	1.000000
0.137674	1.000000
0.137674	0.587883
0.137674	0.312856
0.137674	1.000000
0.137674	0.203438
0.137674	0.573570
0.137674	0.170112
0.137674	0.219633
0.137674	0.358401
0.060665	0.288806
0.060665	1.000000
0.060665	0.312345
0.060665	1.000000
0.060665	1.000000
0.060665	1.000000
0.060665	1.000000
0.056667	0.043426
0.056667	0.009551
0.056667	0.060928
0.056667	0.219485
0.084122	0.105113
0.084122	0.078482
0.084122	0.079860
0.084122	0.298362
0.084122	0.048655
0.084122	0.052619
0.084122	0.026001
0.092412	0.166874
0.092412	0.159783
0.092412	0.160066
0.092412	0.155052
0.092412	1.000000
0.092412	1.000000
0.092412	1.000000
0.174541	0.664713
0.174541	0.587883
0.174541	0.621715
0.174541	1.000000
0.174541	1.000000
0.174541	1.000000
0.174541	1.000000
0.174541	1.000000
0.174541	1.000000
0.029780	0.692305
0.029780	1.000000
0.029780	0.708253
0.029780	1.000000
0.029780	1.000000
0.029780	1.000000
0.029780	1.000000
0.029780	1.000000
0.068168	0.439804
0.068168	0.558885
0.068168	0.525838
0.068168	0.587883
0.068168	1.000000
0.068168	1.000000
0.068168	1.000000
0.068168	1.000000
0.082402	0.152798
0.082402	0.075856
0.082402	0.164825
0.082402	1.000000
0.082402	0.492566
0.082402	1.000000
0.082402	1.000000
0.090212	0.024996
0.090212	1.000000
0.090212	0.053905
0.090212	0.046826
0.090212	0.031894
0.090212	0.010209
0.090212	1.000000
0.090212	0.007419
0.143060	1.000000
0.143060	0.049023
0.143060	0.075821
0.143060	1.000000
0.143060	1.000000
0.143060	1.000000
0.143060	1.000000
0.092900	0.004370
0.092900	0.002346
0.092900	0.006649
0.092900	0.008083
0.092900	0.001560
0.092900	0.001180
0.092900	0.004293
0.135154	0.256623
0.135154	0.182994
0.135154	0.245818
0.135154	0.302007
0.135154	0.312774
0.135154	1.000000
0.135154	1.000000
0.108927	0.002824
0.108927	0.001662
0.108927	0.008502
0.108927	0.016203
0.108927	0.013631
0.108927	0.002184
0.108927	0.005626
0.108927	0.000498
0.205264	0.023429
0.205264	0.734069
0.205264	0.035999
0.205264	0.028459
0.076467	0.019222
0.076467	0.002912
0.076467	0.013619
0.076467	0.043696
0.076467	0.013266
0.076467	0.016370
0.076467	0.003452
0.076467	0.008346
0.076467	0.016811
0.076467	0.007404
0.076467	0.017639
0.148485	0.012782
0.148485	0.004452
0.148485	0.013997
0.148485	0.012437
0.148485	1.000000
0.148485	1.000000
0.148485	1.000000
0.085062	0.000294
0.085062	0.000129
0.085062	0.000454
0.085062	0.001100
0.085062	0.000306
0.085062	0.000086
0.085062	0.000554
0.085062	0.000112
0.262162	0.091644
0.262162	0.071024
0.262162	0.089714
0.262162	0.103898
0.262162	0.118583
0.262162	0.307018
0.262162	0.337675
0.262162	0.325720
0.262162	1.000000
0.093653	0.008084
0.093653	0.004561
0.093653	0.012080
0.093653	0.013513
0.093653	1.000000
0.093653	0.008889
0.093653	0.012220
0.093653	1.000000
0.042559	0.000000
0.042559	0.000000
0.042559	0.000000
0.042559	0.000119
0.042559	0.000000
0.042559	0.000000
0.042559	0.000000
0.042559	0.000000
0.131044	0.000003
0.131044	0.000029
0.131044	0.000014
0.131044	0.025174
0.131044	0.000003
0.131044	1.000000
0.131044	1.000000
0.177080	0.006159
0.177080	0.012125
0.177080	0.007238
0.177080	0.006313
0.177080	0.011178
0.177080	1.000000
0.177080	1.000000
0.177080	1.000000
0.177080	1.000000
0.070564	0.000003
0.070564	0.000000
0.070564	0.000000
0.070564	1.000000
0.070564	0.000000
0.038303	0.004784
0.038303	1.000000
0.038303	0.003850
0.038303	0.004535
0.038303	0.012258
0.038303	1.000000
0.038303	1.000000
0.038303	1.000000
0.045070	1.000000
0.045070	0.000084
0.045070	0.000377
0.045070	1.000000
0.045070	1.000000
0.045070	1.000000
0.032158	0.015853
0.032158	1.000000
0.032158	0.015786
0.032158	1.000000
0.032158	1.000000
0.032158	1.000000
0.029422	0.006390
0.029422	1.000000
0.029422	0.013928
0.029422	1.000000
0.029422	1.000000
0.029422	0.023537
0.029422	1.000000
0.031637	0.003667
0.031637	0.001638
0.031637	0.002880
0.031637	0.003718
0.031637	0.004825
0.031637	0.005209
0.031637	1.000000
0.031637	1.000000
0.129932	0.005755
0.129932	0.003324
0.129932	0.009073
0.129932	0.015942
0.129932	0.017224
0.129932	0.006255
0.129932	0.009367
0.129932	1.000000
0.129932	1.000000
0.079469	0.000000
0.079469	0.000000
0.079469	0.000000
0.079469	0.000000
0.079469	0.000000
0.079469	0.000000
0.079469	0.000000
0.249224	0.002118
0.249224	0.000929
0.249224	0.003662
0.249224	0.003883
0.249224	0.002708
0.249224	0.010652
0.249224	0.007334
0.249224	1.000000
0.102288	0.000018
0.102288	0.000002
0.102288	0.000040
0.102288	0.000035
0.102288	0.000016
0.102288	0.000001
0.102288	0.001172
0.102288	0.000006
0.075294	0.000094
0.075294	0.000027
0.075294	0.000134
0.075294	0.000080
0.075294	0.000095
0.075294	1.000000
0.075294	1.000000
0.089404	0.008606
0.089404	0.006957
0.089404	0.011975
0.089404	0.026206
0.089404	0.015034
0.089404	0.022896
0.089404	0.013954
0.089404	0.018835
0.089404	0.023215
0.089404	0.029504
0.089404	0.013332
0.089404	0.057847
0.166603	0.515800
0.166603	0.496172
0.166603	0.587883
0.166603	0.587883
0.166603	1.000000
0.166603	1.000000
0.166603	1.000000
0.166603	1.000000
0.166603	1.000000
0.166603	1.000000
0.166603	1.000000
0.166603	1.000000
0.101181	0.430292
0.101181	0.229640
0.101181	0.429693
0.101181	0.406799
0.101181	0.320371
0.101181	0.403472
0.101181	0.552596
0.101181	0.998149
0.101181	0.889330
0.291049	0.999030
0.291049	0.948995
0.291049	0.999126
0.291049	0.999974
0.291049	1.000000
0.291049	0.999999
0.291049	1.000000
0.291049	1.000000
0.291049	1.000000
0.128295	0.694629
0.128295	0.566642
0.128295	0.752557
0.128295	0.794245
0.128295	0.599902
0.128295	0.639926
0.128295	0.726346
0.128295	0.912477
0.128295	1.000000
0.371646	0.895819
0.371646	0.764487
0.371646	0.927702
0.371646	0.974198
0.371646	0.999085
0.371646	1.000000
0.371646	1.000000
0.371646	1.000000
0.371646	1.000000
0.371646	1.000000
0.371646	1.000000
0.095373	0.249858
0.095373	0.530872
0.095373	0.355395
0.095373	0.322306
0.095373	0.154304
0.095373	0.351609
0.095373	0.294270
0.095373	0.339788
0.095373	0.502784
0.095373	0.339352
0.095373	0.269579
0.095373	0.241847
0.095373	0.312338
0.095373	0.356909
0.106614	0.431936
0.106614	0.288002
0.106614	0.397798
0.106614	1.000000
0.106614	1.000000
0.106614	0.464533
0.106614	1.000000
0.106614	1.000000
0.106614	1.000000
0.104048	0.034718
0.104048	0.046109
0.104048	0.049887
0.104048	0.044938
0.104048	0.033972
0.104048	0.027315
0.104048	0.113164
0.104048	0.119576
0.076825	0.587883
0.076825	0.253008
0.076825	1.000000
0.076825	1.000000
0.076825	1.000000
0.076825	1.000000
0.076825	1.000000
0.076825	1.000000
0.070242	0.078157
0.070242	1.000000
0.070242	0.043523
0.070242	0.121120
0.070242	1.000000
0.070242	0.106288
0.072336	0.006936
0.072336	0.007405
0.072336	0.010843
0.072336	0.011841
0.072336	0.005991
0.072336	0.005968
0.072336	0.019291
0.072336	0.340594
0.076909	0.038487
0.076909	0.022565
0.076909	0.045215
0.076909	1.000000
0.076909	1.000000
0.076909	0.015452
0.076909	1.000000
0.076909	1.000000
0.061232	0.079655
0.061232	1.000000
0.061232	1.000000
0.061232	1.000000
0.061232	0.164256
0.061232	0.104507
0.061232	0.080304
0.061232	0.076546
0.061232	0.106800
0.061232	0.092960
0.061232	0.065729
0.061232	0.071512
0.061232	0.058733
0.061232	0.048092
0.073631	1.000000
0.073631	1.000000
0.073631	0.416554
0.073631	0.437441
0.073631	1.000000
0.073631	1.000000
0.073631	1.000000
0.073631	1.000000
0.047305	0.212435
0.047305	0.159387
0.047305	0.169227
0.047305	0.154148
0.047305	1.000000
0.047305	1.000000
0.047305	1.000000
0.081309	0.587883
0.081309	0.587883
0.081309	0.587883
0.081309	1.000000
0.081309	1.000000
0.081309	1.000000
0.081309	1.000000
0.081309	1.000000
0.081679	0.587883
0.081679	1.000000
0.081679	1.000000
0.081679	1.000000
0.081679	1.000000
0.081679	1.000000
0.081679	1.000000
0.081679	1.000000
0.081679	1.000000
0.116061	0.118277
0.116061	0.106291
0.116061	0.152526
0.116061	0.129231
0.116061	0.184371
0.116061	0.174792
0.116061	0.097368
0.116061	0.100484
0.116061	0.259878
0.116061	0.192562
0.116061	1.000000
0.116061	1.000000
0.128811	1.000000
0.128811	1.000000
0.128811	0.284085
0.128811	1.000000
0.089800	0.587883
0.089800	0.587883
0.089800	0.587883
0.089800	1.000000
0.089800	1.000000
0.089800	1.000000
0.089800	1.000000
0.089800	1.000000
0.096112	0.103391
0.096112	1.000000
0.096112	0.107064
0.096112	0.132688
0.096112	0.088997
0.096112	1.000000
0.096112	1.000000
0.096112	0.091042
0.048418	1.000000
0.048418	0.155906
0.048418	0.194613
0.048418	0.240945
0.048418	1.000000
0.048418	1.000000
0.048418	1.000000
0.033911	0.492165
0.033911	0.322037
0.033911	0.432685
0.033911	1.000000
0.033911	0.376182
0.033911	1.000000
0.033911	1.000000
0.033911	1.000000
0.101909	0.133663
0.101909	1.000000
0.101909	0.181039
0.101909	0.171428
0.101909	0.135164
0.101909	0.211441
0.101909	0.136188
0.101909	0.122157
0.101909	0.179839
0.101909	0.104587
0.101909	0.188501
0.092634	1.000000
0.092634	0.587883
0.092634	0.636677
0.092634	1.000000
0.092634	1.000000
0.092634	1.000000
0.092634	1.000000
0.092634	0.699437
0.092634	1.000000
0.092634	1.000000
0.092634	1.000000
0.120918	0.168726
0.120918	1.000000
0.120918	0.182180
0.120918	0.183194
0.120918	0.196405
0.120918	0.529115
0.120918	0.189677
0.068157	1.000000
0.068157	0.332285
0.068157	0.388705
0.068157	0.437352
0.068157	1.000000
0.068157	1.000000
0.089569	0.330736
0.089569	0.361136
0.089569	1.000000
0.089569	1.000000
0.089569	1.000000
0.111911	1.000000
0.111911	1.000000
0.111911	0.587883
0.111911	1.000000
0.111911	1.000000
0.138247	0.587883
0.138247	1.000000
0.138247	1.000000
0.138247	1.000000
0.138247	0.587883
0.138247	1.000000
0.138247	1.000000
0.138247	1.000000
0.131526	0.087515
0.131526	0.237274
0.131526	1.000000
0.131526	1.000000
0.131526	0.187486
0.131526	0.058787
0.131526	0.130806
0.131526	0.115148
0.112909	1.000000
0.112909	1.000000
0.112909	0.368214
0.112909	0.551375
0.112909	1.000000
0.112909	0.432496
0.112909	1.000000
0.112909	0.349210
0.112909	1.000000
0.112909	0.423229
0.112909	0.424286
0.112909	0.458702
0.112909	0.393445
0.112909	0.407139
0.076509	1.000000
0.076509	0.120696
0.076509	0.172974
0.076509	1.000000
0.076509	0.236658
0.076509	1.000000
0.076509	0.195071
0.055468	0.119485
0.055468	0.082719
0.055468	0.091782
0.055468	1.000000
0.055468	0.110803
0.055468	0.038941
0.055468	0.041613
0.067422	0.999969
0.067422	0.999100
0.067422	0.977719
0.067422	0.963469
0.067422	1.000000
0.067422	1.000000
0.067422	1.000000
0.067422	1.000000
0.078101	0.045937
0.078101	0.015378
0.078101	0.030742
0.078101	1.000000
0.078101	0.029112
0.078101	0.010744
0.078101	0.017504
0.078101	0.028165
0.064508	0.000000
0.064508	0.000000
0.064508	0.000000
0.064508	0.000000
0.064508	0.000000
0.064508	1.000000
0.064508	1.000000
0.122202	0.019770
0.122202	0.000396
0.122202	0.001474
0.122202	0.051922
0.122202	0.001454
0.186416	0.022237
0.186416	0.036059
0.186416	0.060624
0.186416	1.000000
0.186416	1.000000
0.186416	1.000000
0.186416	1.000000
0.186416	1.000000
0.186416	1.000000
0.186416	1.000000
0.186416	1.000000
0.186416	0.286484
0.043280	0.000000
0.043280	1.000000
0.043280	0.000000
0.043280	0.000000
0.043280	1.000000
0.043280	0.000000
0.112723	0.000000
0.112723	0.000000
0.112723	0.000000
0.112723	1.000000
0.112723	0.000000
0.112723	1.000000
0.049592	0.000000
0.049592	1.000000
0.049592	1.000000
0.049592	1.000000
0.049592	1.000000
0.049592	0.000000
0.049592	1.000000
0.223187	1.000000
0.223187	1.000000
0.223187	1.000000
0.223187	1.000000
0.223187	1.000000
0.223187	1.000000
0.223187	1.000000
0.223187	1.000000
0.223187	1.000000
0.223187	1.000000
0.223187	1.000000
0.296885	0.735736
0.296885	1.000000
0.296885	0.005949
0.296885	0.963086
0.296885	1.000000
0.296885	1.000000
0.296885	1.000000
0.145806	0.000000
0.145806	0.000000
0.145806	0.000000
0.145806	1.000000
0.145806	0.000000
0.145806	1.000000
0.145806	0.000000
0.383197	1.000000
0.383197	1.000000
0.383197	1.000000
0.383197	1.000000
0.383197	1.000000
0.383197	1.000000
0.383197	1.000000
0.383197	1.000000
0.383197	1.000000
0.107568	1.000000
0.107568	0.000000
0.107568	0.000000
0.107568	1.000000
0.107568	1.000000
0.107568	1.000000
0.107568	1.000000
0.162066	0.628267
0.162066	1.000000
0.162066	1.000000
0.162066	1.000000
0.162066	1.000000
0.162066	0.587883
0.162066	1.000000
0.162066	1.000000
0.102528	0.921541
0.102528	0.941332
0.102528	1.000000
0.102528	1.000000
0.102528	1.000000
0.102528	0.999382
0.094367	0.999916
0.094367	1.000000
0.094367	0.995745
0.094367	1.000000
0.094367	1.000000
0.094367	1.000000
0.094367	1.000000
0.045370	1.000000
0.045370	0.949078
0.045370	0.998096
0.045370	0.999997
0.045370	1.000000
0.045370	1.000000
0.045370	0.998825
0.045370	1.000000
0.045370	0.999846
0.097191	0.330734
0.097191	0.310494
0.097191	0.419988
0.097191	1.000000
0.097191	0.493577
0.097191	1.000000
0.097191	0.420077
0.097191	1.000000
0.078873	0.183106
0.078873	0.209327
0.078873	0.252117
0.078873	0.227829
0.078873	0.221129
0.183206	0.054215
0.183206	0.041285
0.183206	0.064472
0.183206	0.087018
0.183206	0.109549
0.183206	1.000000
0.183206	1.000000
0.070109	0.009658
0.070109	0.007425
0.070109	0.013542
0.070109	0.011306
0.070109	0.005132
0.070109	0.005852
0.070109	0.020214
0.217498	0.064483
0.217498	0.053787
0.217498	0.071568
0.217498	0.084857
0.217498	1.000000
0.217498	0.115941
0.217498	1.000000
0.025439	0.226767
0.025439	0.169605
0.025439	0.277967
0.025439	0.342560
0.025439	0.159467
0.025439	0.251008
0.025439	0.413541
0.025439	1.000000
0.025439	1.000000
0.025439	1.000000
0.198695	0.435646
0.198695	0.546036
0.198695	0.426390
0.198695	0.481201
0.198695	1.000000
0.198695	0.580200
0.198695	0.394717
0.198695	1.000000
0.051566	0.021130
0.051566	0.007036
0.051566	0.034477
0.051566	0.044479
0.304871	0.063767
0.304871	0.042125
0.304871	0.086739
0.304871	0.096540
0.304871	0.112540
0.304871	0.319164
0.109652	0.019805
0.109652	0.014496
0.109652	0.029097
0.109652	0.028069
0.109652	0.013782
0.109652	0.009537
0.109652	0.019395
0.267855	0.207565
0.267855	0.175008
0.267855	0.273507
0.267855	0.417648
0.267855	0.546307
0.267855	0.251861
0.267855	1.000000
0.267855	1.000000
0.092694	0.348185
0.092694	0.345362
0.092694	0.310453
0.092694	0.347573
0.092694	0.367519
0.092694	0.410534
0.092694	0.308410
0.092694	0.587883
0.092694	0.398797
0.092694	1.000000
0.092694	0.345127
0.264007	0.610198
0.264007	0.369416
0.264007	0.556492
0.264007	1.000000
0.264007	1.000000
0.264007	0.559665
0.264007	1.000000
0.264007	1.000000
0.133089	0.697858
0.133089	0.640041
0.133089	0.643049
0.133089	0.707983
0.133089	0.731904
0.133089	0.756068
0.133089	0.483685
0.097957	0.587883
0.097957	0.541858
0.097957	0.587883
0.097957	0.645734
0.097957	0.643741
0.086505	0.405994
0.086505	0.189387
0.086505	0.441493
0.086505	0.464395
0.086505	0.258184
0.086505	0.412701
0.086505	0.373404
0.086505	0.999431
0.086505	1.000000
0.315468	0.383785
0.315468	0.294516
0.315468	0.507921
0.315468	0.514671
0.315468	0.549935
0.315468	0.482245
0.315468	1.000000
0.315468	1.000000
0.315468	1.000000
0.315468	1.000000
0.315468	1.000000
0.127690	0.000635
0.127690	0.000385
0.127690	0.001120
0.127690	0.000951
0.127690	0.000536
0.127690	0.000205
0.127690	0.001136
0.127690	0.000435
0.169841	0.000940
0.169841	0.000190
0.169841	0.000586
0.169841	0.000826
0.169841	0.000120
0.169841	0.001599
0.062406	0.000254
0.062406	0.000119
0.062406	0.000380
0.062406	0.000421
0.062406	0.000134
0.062406	0.000614
0.062406	0.000210
0.062406	0.000395
0.062406	0.000429
0.062406	0.000208
0.062406	0.004549
0.049387	0.000252
0.049387	0.000141
0.049387	0.000300
0.049387	1.000000
0.049387	0.003398
0.049387	1.000000
0.049387	1.000000
0.049387	1.000000
0.096611	0.000000
0.096611	1.000000
0.096611	0.000000
0.096611	0.000000
0.096611	0.000000
0.096611	0.000000
0.105194	1.000000
0.105194	0.000251
0.105194	0.000764
0.105194	1.000000
0.105194	1.000000
0.105194	1.000000
0.105194	0.002053
0.105194	1.000000
0.031747	0.000006
0.031747	0.000000
0.031747	0.000002
0.031747	0.000003
0.031747	0.000001
0.031747	0.000014
0.031747	0.000000
0.062739	0.000011
0.062739	1.000000
0.062739	0.000006
0.062739	1.000000
0.062739	1.000000
0.062739	1.000000
0.062739	1.000000
0.137652	0.000332
0.137652	1.000000
0.137652	0.000002
0.137652	0.000001
0.055681	0.000000
0.055681	0.000000
0.055681	0.000000
0.055681	0.000000
0.055681	0.000000
0.055681	1.000000
0.055681	0.000000
0.278400	0.001267
0.278400	0.001833
0.278400	0.002802
0.278400	1.000000
0.278400	1.000000
0.278400	1.000000
0.278400	1.000000
0.278400	1.000000
0.187039	0.000134
0.187039	1.000000
0.187039	0.000163
0.187039	0.000278
0.187039	1.000000
0.187039	1.000000
0.255229	0.085997
0.255229	0.016899
0.255229	0.044809
0.255229	1.000000
0.255229	1.000000
0.255229	1.000000
0.255229	1.000000
0.255229	1.000000
0.255229	1.000000
0.126213	0.023946
0.126213	1.000000
0.126213	0.018951
0.126213	0.026033
0.126213	1.000000
0.126213	1.000000
0.126213	1.000000
0.126213	1.000000
0.126213	1.000000
0.104879	0.000000
0.104879	0.000000
0.104879	0.000000
0.104879	1.000000
0.071186	0.000000
0.071186	1.000000
0.071186	0.000000
0.071186	0.000000
0.071186	0.000000
0.093528	1.000000
0.093528	0.000000
0.093528	0.000004
0.093528	1.000000
0.093528	1.000000
0.093528	1.000000
0.093528	1.000000
0.159068	0.000000
0.159068	1.000000
0.159068	0.000000
0.159068	0.000000
0.159068	0.000000
0.159068	0.000000
0.074552	1.000000
0.074552	0.000001
0.074552	0.000024
0.074552	1.000000
0.074552	1.000000
0.051667	0.000001
0.051667	0.000008
0.051667	0.000002
0.051667	0.000001
0.051667	0.000000
0.051667	0.000000
0.051667	0.000000
0.106210	0.067313
0.106210	0.012093
0.106210	0.022736
0.106210	0.022652
0.106210	0.016616
0.106210	1.000000
0.106210	1.000000
0.106210	1.000000
0.106210	1.000000
0.081489	0.001815
0.081489	0.000805
0.081489	0.002943
0.081489	0.004122
0.081489	0.003757
0.081489	0.004554
0.081489	0.001329
0.081489	0.003780
0.081489	0.000816
0.081489	0.003482
0.081489	0.004526
0.115647	0.001487
0.115647	0.000482
0.115647	0.001952
0.115647	0.003122
0.156492	0.137221
0.156492	0.039461
0.156492	0.060458
0.156492	0.570004
0.156492	0.157449
0.156492	0.084725
0.130595	0.259265
0.130595	0.230119
0.130595	0.284134
0.130595	1.000000
0.130595	0.265305
0.130595	0.349941
0.130595	1.000000
0.130595	0.423900
0.130595	1.000000
0.130595	1.000000
0.130595	0.553234
0.130595	1.000000
0.130595	1.000000
0.130595	1.000000
0.232664	0.134320
0.232664	1.000000
0.232664	0.275665
0.232664	1.000000
0.232664	1.000000
0.232664	1.000000
0.232664	1.000000
0.193141	0.246160
0.193141	0.232395
0.193141	0.391898
0.193141	0.920549
0.193141	0.115327
0.193141	0.333290
0.193141	0.248881
0.193141	1.000000
0.193141	1.000000
0.193141	1.000000
0.193141	1.000000
0.193141	1.000000
0.231545	0.225236
0.231545	0.316606
0.231545	0.157011
0.231545	0.123352
0.231545	0.322241
0.231545	0.095932
0.222643	0.116278
0.222643	0.030740
0.222643	0.088636
0.222643	1.000000
0.333070	0.260873
0.333070	1.000000
0.333070	0.335615
0.333070	1.000000
0.333070	0.163207
0.333070	0.428481
0.333070	1.000000
0.333070	0.210924
0.333070	1.000000
0.333070	1.000000
0.333070	1.000000
0.158057	0.407544
0.158057	0.421225
0.158057	0.585250
0.158057	0.523942
0.158057	0.313929
0.158057	1.000000
0.158057	1.000000
0.158057	1.000000
0.158057	1.000000
0.062291	0.015905
0.062291	0.010771
0.062291	0.022804
0.062291	0.086148
0.062291	0.019500
0.062291	0.010704
0.062291	0.012865
0.062291	0.014320
0.269340	0.395524
0.269340	0.245594
0.269340	0.418150
0.269340	0.365656
0.269340	1.000000
0.269340	1.000000
0.269340	0.746805
0.269340	1.000000
0.169733	0.004260
0.169733	0.001532
0.169733	0.007382
0.169733	0.017510
0.169733	0.004404
0.169733	0.006177
0.169733	0.003161
0.169733	0.000389
0.348144	0.502766
0.348144	0.380944
0.348144	0.568562
0.348144	0.584846
0.348144	0.665024
0.348144	1.000000
0.348144	1.000000
0.348144	1.000000
0.348144	1.000000
0.328270	0.111915
0.328270	0.042812
0.328270	0.094234
0.328270	1.000000
0.328270	0.049095
0.328270	1.000000
0.328270	0.035863
0.318209	0.999637
0.318209	1.000000
0.318209	1.000000
0.318209	1.000000
0.318209	1.000000
0.318209	1.000000
0.318209	1.000000
0.318209	1.000000
0.097209	0.436657
0.097209	1.000000
0.097209	0.499763
0.097209	0.863728
0.097209	1.000000
0.097209	1.000000
0.097209	1.000000
0.248576	1.000000
0.248576	0.563933
0.248576	0.804269
0.248576	0.816776
0.248576	1.000000
0.248576	1.000000
0.248576	1.000000
0.248576	1.000000
0.240712	0.399654
0.240712	0.329770
0.240712	0.559780
0.240712	0.981990
0.240712	1.000000
0.240712	1.000000
0.240712	1.000000
0.240712	1.000000
0.240712	1.000000
0.110780	0.000431
0.110780	0.000596
0.110780	0.000611
0.110780	1.000000
0.110780	0.000108
0.110780	0.000205
0.110780	0.000013
0.087001	0.342124
0.087001	1.000000
0.087001	0.285102
0.087001	0.364219
0.087001	1.000000
0.087001	1.000000
0.087001	1.000000
0.087001	1.000000
0.166879	1.000000
0.166879	0.006883
0.166879	0.016486
0.166879	1.000000
0.166879	1.000000
0.166879	0.005316
0.166879	1.000000
0.166879	0.001624
0.149288	0.316085
0.149288	1.000000
0.149288	1.000000
0.149288	1.000000
0.149288	1.000000
0.149288	1.000000
0.282360	0.587883
0.282360	1.000000
0.282360	0.587883
0.282360	1.000000
0.282360	1.000000
0.282360	0.627876
0.085070	0.043978
0.085070	0.015369
0.085070	0.035576
0.085070	1.000000
0.085070	1.000000
0.085070	0.061191
0.085070	0.017882
0.085070	1.000000
0.085070	0.016858
0.085070	0.049295
0.085070	0.028922
0.085070	0.044565
0.109407	0.093418
0.109407	1.000000
0.109407	0.091318
0.109407	0.088761
0.109407	0.216347
0.109407	1.000000
0.109407	1.000000
0.109407	1.000000
0.109407	1.000000
0.109407	1.000000
0.109407	1.000000
0.109407	1.000000
0.046854	1.000000
0.046854	1.000000
0.046854	0.073903
0.046854	1.000000
0.046854	1.000000
0.055097	0.068280
0.055097	0.070729
0.055097	0.059455
0.055097	1.000000
0.055097	1.000000
0.055097	1.000000
0.067768	0.000902
0.067768	0.005851
0.067768	0.001819
0.067768	0.003929
0.067768	0.000355
0.067768	0.001629
0.244448	0.050791
0.244448	1.000000
0.244448	0.012089
0.244448	1.000000
0.244448	1.000000
0.244448	1.000000
0.244448	1.000000
0.244448	1.000000
0.244448	1.000000
0.105809	0.000023
0.105809	0.000002
0.105809	0.000073
0.105809	0.000032
0.105809	0.000004
0.105809	0.000116
0.105809	0.000016
0.105809	0.000002
0.105809	0.001205
0.105809	0.000014
0.105809	0.000193
0.105809	1.000000
0.251981	0.003814
0.251981	0.004363
0.251981	0.006736
0.251981	0.007030
0.251981	1.000000
0.251981	1.000000
0.251981	1.000000
0.251981	1.000000
0.251981	1.000000
0.108874	1.000000
0.108874	0.000000
0.108874	0.000005
0.108874	1.000000
0.108874	1.000000
0.108874	0.000000
0.108874	0.000000
0.108874	0.000000
0.239969	0.000050
0.239969	1.000000
0.239969	0.000243
0.239969	1.000000
0.239969	1.000000
0.239969	0.000032
0.239969	1.000000
0.239969	1.000000
0.058386	0.000439
0.058386	1.000000
0.058386	0.000691
0.058386	0.000612
0.058386	1.000000
0.058386	1.000000
0.123720	0.001014
0.123720	0.000036
0.123720	0.000097
0.123720	0.000982
0.123720	0.000002
0.169184	0.002475
0.169184	0.001116
0.169184	0.002785
0.169184	0.003377
0.169184	1.000000
0.169184	1.000000
0.169184	1.000000
0.099843	0.083100
0.099843	0.043900
0.099843	0.091647
0.099843	0.251449
0.099843	0.128284
0.099843	0.057539
0.099843	0.077085
0.099843	0.173524
0.099843	0.094014
0.109799	0.010954
0.109799	0.022647
0.109799	0.015939
0.109799	0.019285
0.109799	1.000000
0.109799	1.000000
0.109799	1.000000
0.456711	0.975936
0.456711	0.546595
0.456711	0.795955
0.456711	1.000000
0.456711	1.000000
0.456711	0.803927
0.456711	1.000000
0.456711	0.802863
0.456711	1.000000
0.456711	1.000000
0.456711	1.000000
0.073423	0.307938
0.073423	1.000000
0.073423	0.394070
0.073423	0.420083
0.073423	1.000000
0.073423	1.000000
0.073423	1.000000
0.073423	0.722420
0.073423	1.000000
0.430728	1.000000
0.430728	0.009151
0.430728	0.024122
0.430728	1.000000
0.430728	1.000000
0.430728	1.000000
0.430728	1.000000
0.321648	0.587883
0.321648	1.000000
0.321648	0.587883
0.321648	0.587883
0.321648	1.000000
0.321648	1.000000
0.321648	1.000000
0.321648	1.000000
0.321648	1.000000
0.280123	1.000000
0.280123	0.719333
0.280123	0.776919
0.280123	1.000000
0.280123	1.000000
0.280123	1.000000
0.280123	1.000000
0.280123	1.000000
0.280123	1.000000
0.280123	1.000000
0.225004	0.911466
0.225004	1.000000
0.225004	0.924139
0.225004	1.000000
0.225004	1.000000
0.225004	1.000000
0.225004	1.000000
0.225004	1.000000
0.225004	1.000000
0.225004	1.000000
0.225004	1.000000
0.225004	1.000000
0.091710	1.000000
0.091710	1.000000
0.091710	0.978404
0.091710	1.000000
0.091710	1.000000
0.091710	1.000000
0.160364	0.992898
0.160364	1.000000
0.160364	0.990704
0.160364	1.000000
0.160364	1.000000
0.160364	1.000000
0.303015	0.823691
0.303015	0.822799
0.303015	0.901758
0.303015	1.000000
0.303015	0.973898
0.303015	1.000000
0.370450	0.845379
0.370450	1.000000
0.370450	0.838579
0.370450	1.000000
0.370450	1.000000
0.370450	1.000000
0.370450	1.000000
0.500805	0.966994
0.500805	0.753384
0.500805	0.940369
0.500805	0.999868
0.500805	0.959716
0.500805	0.985898
0.500805	1.000000
0.500805	1.000000
0.500805	1.000000
0.298041	0.306018
0.298041	0.159603
0.298041	0.242251
0.298041	0.310719
0.298041	1.000000
0.298041	1.000000
0.298041	0.248748
0.292728	0.107260
0.292728	0.150704
0.292728	0.158787
0.292728	0.196824
0.292728	0.515517
0.292728	0.164957
0.292728	0.095793
0.292728	1.000000
0.292728	0.224601
0.292728	1.000000
0.292728	1.000000
0.292728	1.000000
0.426598	0.034280
0.426598	0.001932
0.426598	0.007195
0.426598	0.158283
0.426598	0.016137
0.426598	0.002658
0.426598	0.000423
0.426598	1.000000
0.169550	0.051588
0.169550	0.032326
0.169550	0.072379
0.169550	0.083297
0.169550	0.032826
0.169550	0.059534
0.169550	0.146587
0.169550	0.990518
0.090069	0.000131
0.090069	0.000064
0.090069	0.000216
0.090069	0.000402
0.090069	0.000296
0.090069	0.000001
0.090069	0.000226
0.060337	0.015083
0.060337	0.009461
0.060337	0.020705
0.060337	0.043197
0.060337	0.018220
0.060337	0.018291
0.060337	0.030047
0.060337	1.000000
0.101180	0.000039
0.101180	0.000012
0.101180	0.000049
0.101180	0.000182
0.101180	0.000013
0.101180	0.000038
0.101180	0.000007
0.101180	0.002935
0.086489	0.000000
0.086489	0.000000
0.086489	0.000000
0.086489	0.000004
0.086489	1.000000
0.086489	1.000000
0.086489	1.000000
0.136898	0.000000
0.136898	0.000000
0.136898	0.000000
0.136898	0.000000
0.136898	0.000000
0.136898	0.000000
0.136898	0.000000
0.075156	0.000716
0.075156	0.000289
0.075156	0.000821
0.075156	0.000721
0.075156	0.001005
0.075156	0.000255
0.075156	1.000000
0.075156	1.000000
0.075156	1.000000
0.086813	0.000000
0.086813	0.000000
0.086813	0.000000
0.086813	0.000000
0.086813	0.000000
0.086813	0.000000
0.086813	0.000000
0.086813	0.000000
0.086813	0.000000
0.086813	0.000013
0.086813	0.000000
0.161523	0.001792
0.161523	0.000743
0.161523	0.001762
0.161523	0.002217
0.161523	0.000619
0.161523	0.002806
0.161523	0.000446
0.161523	0.007510
0.161523	0.002087
0.161523	1.000000
0.161523	1.000000
0.410695	0.001441
0.410695	0.001137
0.410695	0.002005
0.410695	0.011686
0.410695	1.000000
0.410695	1.000000
0.410695	1.000000
0.410695	1.000000
0.410695	1.000000
0.078391	0.075237
0.078391	0.039012
0.078391	0.067722
0.078391	1.000000
0.078391	1.000000
0.078391	1.000000
0.078391	1.000000
0.078391	0.063364
0.078391	0.039188
0.078391	1.000000
0.078391	0.086431
0.428629	0.343769
0.428629	1.000000
0.428629	1.000000
0.428629	1.000000
0.428629	1.000000
0.428629	1.000000
0.428629	1.000000
0.428629	0.421836
0.428629	0.435461
0.428629	1.000000
0.428629	0.291753
