Ground Truth	Predictions
0.146148	0.000000
0.146148	0.003457
0.146148	0.004685
0.146148	0.000000
0.146148	0.000000
0.146148	0.000000
0.146148	0.000000
0.146148	0.004060
0.137121	0.000332
0.137121	0.000436
0.137121	0.000320
0.137121	0.000664
0.137121	0.000500
0.137121	0.000326
0.137121	0.000671
0.137121	0.000000
0.145512	0.009588
0.145512	0.026151
0.145512	0.005140
0.145512	0.015912
0.145512	0.000000
0.145512	0.000000
0.145512	0.000000
0.145512	0.000000
0.125378	0.000525
0.125378	0.000270
0.125378	0.000455
0.125378	0.000574
0.125378	0.002069
0.125378	0.000268
0.125378	0.000285
0.125378	0.000000
0.125378	0.000000
0.071952	0.000000
0.071952	0.000000
0.071952	0.000000
0.071952	0.000000
0.071952	0.000000
0.071952	0.000000
0.071952	0.000000
0.071952	0.000000
0.094464	0.000000
0.094464	0.000000
0.094464	0.000000
0.094464	0.000000
0.094464	0.000000
0.094464	0.000000
0.094464	0.000000
0.195999	0.000000
0.195999	0.000000
0.195999	0.000000
0.195999	0.000000
0.195999	0.000000
0.195999	0.000000
0.195999	0.000000
0.195999	0.000000
0.175663	0.000000
0.175663	0.000000
0.175663	0.000000
0.175663	0.000000
0.175663	0.000000
0.279052	0.000000
0.279052	0.000000
0.279052	0.000000
0.279052	0.000000
0.279052	0.000000
0.279052	0.000000
0.279052	0.000000
0.279052	0.000000
0.293228	0.000000
0.293228	0.000000
0.293228	0.000000
0.293228	0.000000
0.293228	0.000000
0.293228	0.000000
0.293228	0.000000
0.293228	0.000000
0.293228	0.000000
0.293228	0.000000
0.293228	0.000000
0.100005	0.000000
0.100005	0.000000
0.100005	0.000000
0.100005	0.000000
0.413732	0.000000
0.413732	0.000000
0.413732	0.000000
0.413732	0.000000
0.413732	0.000000
0.413732	0.000000
0.413732	0.000000
0.413732	0.000000
0.413732	0.000000
0.268065	0.000000
0.268065	0.000000
0.268065	0.000000
0.268065	0.000000
0.268065	0.000000
0.268065	0.000000
0.268065	0.000000
0.268065	0.000000
0.108733	0.000000
0.108733	0.000000
0.108733	0.000000
0.108733	0.000000
0.108733	0.000000
0.073424	0.000000
0.073424	0.000000
0.073424	0.000000
0.073424	0.000000
0.073424	0.000000
0.073424	0.000000
0.073424	0.000000
0.073424	0.000000
0.393459	0.000000
0.393459	0.000000
0.393459	0.000000
0.393459	0.000000
0.393459	0.000000
0.393459	0.000000
0.393459	0.000000
0.393459	0.000000
0.393459	0.000000
0.393459	0.000000
0.393459	0.000000
0.150082	0.000000
0.150082	0.000000
0.150082	0.000000
0.150082	0.000000
0.150082	0.000000
0.150082	0.000000
0.150082	0.000000
0.150082	0.000000
0.069610	0.000000
0.069610	0.000000
0.069610	0.000000
0.069610	0.000000
0.069610	0.000000
0.069610	0.000000
0.069610	0.000000
0.069610	0.000000
0.237434	0.000000
0.237434	0.000000
0.237434	0.000000
0.237434	0.000000
0.237434	0.000000
0.237434	0.000000
0.237434	0.000000
0.237434	0.000000
0.237434	0.000000
0.237434	0.000000
0.237434	0.000000
0.130024	0.000000
0.130024	0.000000
0.130024	0.000000
0.130024	0.000000
0.130024	0.000000
0.097681	0.000000
0.097681	0.000000
0.097681	0.000000
0.097681	0.000000
0.097681	0.000000
0.097681	0.000000
0.105684	0.000000
0.105684	0.000000
0.105684	0.000000
0.105684	0.000000
0.105684	0.000000
0.105684	0.000000
0.105684	0.000000
0.105684	0.000000
0.105684	0.000000
0.099446	0.000000
0.099446	0.000000
0.099446	0.000000
0.099446	0.000000
0.099446	0.000000
0.099446	0.000000
0.099446	0.000000
0.099446	0.000000
0.099446	0.000000
0.114409	0.000000
0.114409	0.000000
0.114409	0.000000
0.114409	0.000000
0.114409	0.000000
0.114409	0.000000
0.114409	0.000000
0.114409	0.000000
0.132578	0.000000
0.132578	0.000000
0.132578	0.000000
0.132578	0.000000
0.096942	0.000114
0.096942	0.000009
0.096942	0.000166
0.096942	0.000418
0.096942	0.000000
0.096942	0.000007
0.096942	0.000000
0.096942	0.000182
0.129869	0.000000
0.129869	0.000000
0.129869	0.000000
0.129869	0.000000
0.129869	0.000000
0.129869	0.000000
0.129869	0.000000
0.129869	0.000000
0.129869	0.000000
0.093311	0.000000
0.093311	0.000000
0.093311	0.000000
0.093311	0.000000
0.093311	0.000000
0.093311	0.000000
0.093311	0.000000
0.099133	0.000000
0.099133	0.000000
0.099133	0.000000
0.099133	0.000000
0.099133	0.000000
0.099133	0.000000
0.099133	0.000000
0.096294	0.000000
0.096294	0.000000
0.096294	0.000000
0.096294	0.000000
0.096294	0.000000
0.209142	0.000000
0.209142	0.000000
0.209142	0.000000
0.209142	0.000000
0.209142	0.000000
0.209142	0.000000
0.209142	0.000000
0.125874	0.000000
0.125874	0.000000
0.125874	0.000000
0.125874	0.000000
0.125874	0.000000
0.125874	0.000000
0.125874	0.000000
0.125874	0.000000
0.125874	0.000000
0.125874	0.000000
0.086631	0.000000
0.086631	0.000000
0.086631	0.000000
0.086631	0.000000
0.086631	0.000000
0.086631	0.000000
0.067469	0.000000
0.067469	0.000000
0.067469	0.000000
0.067469	0.000000
0.067469	0.000000
0.067469	0.000000
0.059600	0.000000
0.059600	0.000000
0.059600	0.000000
0.059600	0.000000
0.059600	0.000000
0.151770	0.000000
0.151770	0.000000
0.151770	0.000000
0.151770	0.000000
0.151770	0.000000
0.151770	0.000000
0.151770	0.000000
0.151770	0.000000
0.094421	0.000000
0.094421	0.000000
0.094421	0.000000
0.094421	0.000000
0.094421	0.000000
0.094421	0.000000
0.094421	0.000000
0.094421	0.000000
0.094421	0.000000
0.094421	0.000000
0.094421	0.000000
0.088000	0.000000
0.088000	0.000000
0.088000	0.000000
0.088000	0.000000
0.088000	0.000000
0.088000	0.000000
0.088000	0.000000
0.088000	0.000000
0.105693	0.000000
0.105693	0.000000
0.105693	0.000000
0.105693	0.000000
0.105693	0.000000
0.105693	0.000000
0.105693	0.000000
0.105693	0.000000
0.186070	0.000000
0.186070	0.000000
0.186070	0.000000
0.186070	0.000000
0.186070	0.000000
0.186070	0.000000
0.186070	0.000000
0.186070	0.000000
0.186070	0.000000
0.063325	0.000000
0.063325	0.000000
0.063325	0.000000
0.063325	0.000000
0.063325	0.000000
0.063325	0.000000
0.063325	0.000000
0.063325	0.000000
0.063325	0.000000
0.063325	0.000000
0.072693	0.000000
0.072693	0.000000
0.072693	0.000000
0.072693	0.000000
0.072693	0.000000
0.072693	0.000000
0.072693	0.000000
0.090078	0.000000
0.090078	0.000000
0.090078	0.000000
0.090078	0.000000
0.090078	0.000000
0.090078	0.000000
0.090078	0.000000
0.090078	0.000000
0.189666	0.000000
0.189666	0.000000
0.189666	0.000000
0.189666	0.000000
0.189666	0.000000
0.189666	0.000000
0.189666	0.000000
0.189666	0.000000
0.074722	0.000000
0.074722	0.000000
0.074722	0.000000
0.074722	0.000000
0.074722	0.000000
0.082133	0.000000
0.082133	0.000000
0.082133	0.000000
0.082133	0.000000
0.082133	0.000000
0.082133	0.000000
0.082133	0.000000
0.082133	0.000000
0.095977	0.000000
0.095977	0.000000
0.095977	0.000000
0.095977	0.000000
0.095977	0.000000
0.095977	0.000000
0.095977	0.000000
0.095977	0.000000
0.095977	0.000000
0.104121	0.000000
0.104121	0.000000
0.104121	0.000000
0.104121	0.000000
0.104121	0.000000
0.104121	0.000000
0.104121	0.000000
0.092561	0.000000
0.092561	0.000000
0.092561	0.000000
0.092561	0.000000
0.092561	0.000000
0.092561	0.000000
0.092561	0.000000
0.085627	0.000000
0.085627	0.000000
0.085627	0.000000
0.085627	0.000000
0.085627	0.000000
0.085627	0.000000
0.146337	0.000000
0.146337	0.000000
0.146337	0.000000
0.146337	0.000000
0.146337	0.000000
0.146337	0.000000
0.146337	0.000000
0.146337	0.000000
0.068572	0.000000
0.068572	0.000000
0.068572	0.000000
0.068572	0.000000
0.096877	0.000000
0.096877	0.000000
0.096877	0.000000
0.096877	0.000000
0.096877	0.000000
0.096877	0.000000
0.096877	0.000000
0.092855	0.000000
0.092855	0.000000
0.092855	0.000000
0.092855	0.000000
0.092855	0.000000
0.133863	0.000000
0.133863	0.000000
0.133863	0.000000
0.133863	0.000000
0.133863	0.000000
0.133863	0.000000
0.133863	0.000000
0.235123	0.000000
0.235123	0.000000
0.235123	0.000000
0.235123	0.000000
0.235123	0.000000
0.235123	0.000000
0.096122	0.000000
0.096122	0.000000
0.096122	0.000000
0.096122	0.000000
0.096122	0.000000
0.096122	0.000000
0.096122	0.000000
0.059924	0.000000
0.059924	0.000000
0.059924	0.000000
0.059924	0.000000
0.059924	0.000000
0.059924	0.000000
0.059924	0.000000
0.059924	0.000000
0.059924	0.000000
0.090596	0.000000
0.090596	0.000000
0.090596	0.000000
0.090596	0.000000
0.090596	0.000000
0.090596	0.000000
0.250101	0.000000
0.250101	0.000000
0.250101	0.000000
0.250101	0.000000
0.250101	0.000000
0.250101	0.000000
0.250101	0.000000
0.250101	0.000000
0.250101	0.000000
0.250101	0.000000
0.250101	0.000000
0.250101	0.000000
0.093412	0.000000
0.093412	0.000000
0.093412	0.000000
0.093412	0.000000
0.093412	0.000000
0.093412	0.000000
0.093412	0.000000
0.093412	0.000000
0.130012	0.316992
0.130012	0.000000
0.130012	0.316992
0.130012	0.316992
0.130012	0.316992
0.130012	0.000000
0.130012	0.000000
0.130012	0.000000
0.190647	0.021233
0.190647	0.028392
0.190647	0.019804
0.190647	0.013203
0.190647	0.028375
0.190647	0.023527
0.190647	0.027594
0.190647	0.000000
0.080304	0.074610
0.080304	0.000000
0.080304	0.081524
0.080304	0.068446
0.080304	0.000000
0.080304	0.000000
0.080304	0.000000
0.084835	0.003245
0.084835	0.000000
0.084835	0.003209
0.084835	0.008903
0.084835	0.000000
0.116246	0.000305
0.116246	0.000504
0.116246	0.000364
0.116246	0.000511
0.116246	0.000370
0.116246	0.000702
0.116246	0.001193
0.116246	0.001140
0.147860	0.000456
0.147860	0.000968
0.147860	0.000576
0.147860	0.000547
0.147860	0.000648
0.147860	0.001996
0.147860	0.000000
0.147860	0.000000
0.134454	0.000667
0.134454	0.000681
0.134454	0.000891
0.134454	0.000711
0.134454	0.000000
0.134454	0.000000
0.086159	0.000168
0.086159	0.000297
0.086159	0.000198
0.086159	0.000156
0.086159	0.000318
0.065749	0.000116
0.065749	0.000098
0.065749	0.000113
0.065749	0.000124
0.065749	0.000172
0.115420	0.017583
0.115420	0.000000
0.115420	0.000000
0.115420	0.000000
0.115420	0.000000
0.115420	0.000000
0.115420	0.000000
0.115420	0.000000
0.115420	0.000000
0.103435	0.000466
0.103435	0.000000
0.103435	0.000623
0.103435	0.000000
0.103435	0.000000
0.103435	0.000401
0.103435	0.000000
0.103435	0.000000
0.100666	0.000013
0.100666	0.000000
0.100666	0.000298
0.100666	0.000000
0.100666	0.000000
0.100666	0.000176
0.100666	0.000000
0.113358	0.000284
0.113358	0.000000
0.113358	0.000465
0.113358	0.000000
0.098940	0.000000
0.098940	0.000000
0.098940	0.000125
0.098940	0.000000
0.098940	0.000000
0.134006	0.000000
0.134006	0.000000
0.134006	0.000007
0.134006	0.000004
0.134006	0.000080
0.134006	0.000000
0.134006	0.000000
0.098435	0.000122
0.098435	0.000084
0.098435	0.000112
0.098435	0.000112
0.098435	0.000052
0.089044	0.000095
0.089044	0.000102
0.089044	0.000109
0.089044	0.000095
0.089044	0.000137
0.089044	0.000150
0.089044	0.000090
0.089044	0.000400
0.185720	0.002085
0.185720	0.001685
0.185720	0.002218
0.185720	0.002220
0.185720	0.005064
0.185720	0.002516
0.185720	0.007502
0.185720	0.001690
0.185720	0.062602
0.185720	0.001927
0.163543	0.000000
0.163543	0.000000
0.163543	0.000000
0.163543	0.000000
0.163543	0.000000
0.163543	0.000000
0.163543	0.000000
0.127479	0.000000
0.127479	0.000000
0.127479	0.000000
0.127479	0.000000
0.279600	0.000000
0.279600	0.000000
0.279600	0.000000
0.279600	0.000000
0.279600	0.000000
0.279600	0.000000
0.279600	0.000000
0.279600	0.000000
0.279600	0.000000
0.279600	0.000000
0.279600	0.000000
0.279600	0.000000
0.284701	0.000000
0.284701	0.000000
0.284701	0.000000
0.284701	0.000000
0.363211	0.000000
0.363211	0.000000
0.363211	0.000000
0.363211	0.000000
0.363211	0.000000
0.363211	0.000000
0.363211	0.000000
0.363211	0.000000
0.363211	0.000000
0.363211	0.000000
0.363211	0.000000
0.111774	0.140371
0.111774	0.116797
0.111774	0.166933
0.111774	0.151343
0.111774	0.274106
0.111774	0.167887
0.111774	0.076586
0.111774	0.000000
0.269693	0.098468
0.269693	0.055554
0.269693	0.075219
0.269693	0.316992
0.269693	0.104019
0.269693	0.054029
0.215008	0.873103
0.215008	0.775292
0.215008	0.887921
0.215008	0.000000
0.215008	0.000000
0.215008	0.769805
0.215008	0.928124
0.215008	0.000000
0.215008	0.898232
0.077065	0.608887
0.077065	0.000000
0.077065	0.538081
0.077065	0.655843
0.077065	0.000000
0.077065	0.000000
0.077065	0.000000
0.077065	0.000000
0.126313	0.000000
0.126313	0.316992
0.126313	0.316992
0.126313	0.316992
0.126313	0.000000
0.219740	0.411169
0.219740	0.397984
0.219740	0.316992
0.219740	0.316992
0.219740	0.000000
0.219740	0.000000
0.219740	0.000000
0.219740	0.000000
0.118334	0.172413
0.118334	0.266168
0.118334	0.180965
0.118334	0.152995
0.118334	0.118863
0.118334	0.237181
0.118334	0.260155
0.118334	0.195750
0.118334	0.316992
0.118334	0.262196
0.118334	0.316992
0.100691	0.019951
0.100691	0.024711
0.100691	0.031954
0.100691	0.038756
0.100691	0.046581
0.138922	0.316992
0.138922	0.000000
0.138922	0.316992
0.138922	0.316992
0.138922	0.316992
0.138922	0.000000
0.138922	0.000000
0.138922	0.000000
0.138922	0.000000
0.236667	0.316992
0.236667	0.316992
0.236667	0.316992
0.236667	0.316992
0.236667	0.316992
0.236667	0.000000
0.236667	0.316992
0.236667	0.316992
0.236667	0.000000
0.075260	0.000870
0.075260	0.001483
0.075260	0.000956
0.075260	0.000679
0.075260	0.000863
0.075260	0.000695
0.075260	0.000953
0.220500	0.142015
0.220500	0.145646
0.220500	0.000000
0.220500	0.000000
0.220500	0.000000
0.220500	0.000000
0.220500	0.316992
0.220500	0.000000
0.220500	0.316992
0.092082	0.316992
0.092082	0.000000
0.092082	0.316992
0.092082	0.000000
0.092082	0.000000
0.092082	0.000000
0.092082	0.000000
0.092082	0.000000
0.092082	0.000000
0.092082	0.000000
0.092082	0.000000
0.091995	0.013227
0.091995	0.000000
0.091995	0.000000
0.091995	0.000000
0.091995	0.000000
0.091995	0.017614
0.139359	0.004125
0.139359	0.000000
0.139359	0.000000
0.139359	0.000000
0.139537	0.000956
0.139537	0.001298
0.139537	0.001671
0.139537	0.000000
0.139537	0.001065
0.139537	0.001679
0.139537	0.001691
0.139537	0.004912
0.139537	0.003868
0.139537	0.000000
0.139537	0.000000
0.162899	0.000355
0.162899	0.000431
0.162899	0.000426
0.162899	0.000420
0.162899	0.000299
0.162899	0.000000
0.162899	0.000000
0.162899	0.000000
0.177121	0.001280
0.177121	0.001425
0.177121	0.001762
0.177121	0.006299
0.177121	0.002413
0.177121	0.002179
0.177121	0.002195
0.177121	0.002022
0.177121	0.001039
0.177121	0.002997
0.177121	0.005357
0.121368	0.000492
0.121368	0.000741
0.121368	0.000580
0.121368	0.002293
0.121368	0.000357
0.121368	0.000501
0.121368	0.000451
0.121368	0.000440
0.339058	0.004335
0.339058	0.023074
0.339058	0.003815
0.339058	0.009617
0.174764	0.047988
0.174764	0.034059
0.174764	0.047860
0.174764	0.152054
0.174764	0.033501
0.174764	0.032509
0.174764	0.250729
0.192466	0.316992
0.192466	0.316992
0.192466	0.316992
0.192466	0.316992
0.192466	0.000000
0.192466	0.000000
0.192466	0.000000
0.192466	0.000000
0.192466	0.000000
0.090924	0.000000
0.090924	0.258932
0.090924	0.282062
0.090924	0.220295
0.090924	0.000000
0.178806	0.912006
0.178806	0.764048
0.178806	0.765528
0.178806	0.905614
0.178806	0.000000
0.178806	0.000000
0.178806	0.000000
0.178806	0.000000
0.178806	0.000000
0.084667	0.316992
0.084667	0.316992
0.084667	0.316992
0.084667	0.316992
0.084667	0.316992
0.084667	0.338424
0.084667	0.316992
0.112105	0.316992
0.112105	0.316992
0.112105	0.316992
0.112105	0.316992
0.112105	0.316992
0.112105	0.316992
0.112105	0.000000
0.112105	0.316992
0.190065	0.991529
0.190065	0.000000
0.190065	0.997693
0.190065	0.000000
0.190065	0.000000
0.190065	0.000000
0.190065	0.000000
0.190065	0.000000
0.190065	0.000000
0.190065	0.000000
0.190065	0.000000
0.187134	0.316992
0.187134	0.000000
0.187134	0.316992
0.187134	0.316992
0.187134	0.000000
0.187134	0.316992
0.187134	0.000000
0.187134	0.000000
0.147533	0.316992
0.147533	0.316992
0.147533	0.316992
0.147533	0.000000
0.147533	0.316992
0.147533	0.316992
0.147533	0.347678
0.147533	0.316992
0.231931	0.378258
0.231931	0.000000
0.231931	0.000000
0.231931	0.000000
0.172764	0.978915
0.172764	0.000000
0.172764	0.984153
0.172764	0.975372
0.172764	0.000000
0.172764	0.000000
0.172764	0.000000
0.172764	0.000000
0.477426	0.000000
0.477426	0.000000
0.477426	0.945357
0.477426	0.968525
0.477426	0.000000
0.477426	0.000000
0.477426	0.000000
0.477426	0.000000
0.477426	0.000000
0.278559	0.316992
0.278559	0.316992
0.278559	0.316992
0.278559	0.316992
0.278559	0.000000
0.278559	0.000000
0.278559	0.000000
0.054011	0.316992
0.054011	0.000000
0.054011	0.316992
0.054011	0.316992
0.054011	0.000000
0.054011	0.000000
0.133205	0.316992
0.133205	0.316992
0.133205	0.316992
0.133205	0.316992
0.133205	0.907189
0.413068	0.316992
0.413068	0.316992
0.413068	0.316992
0.413068	0.316992
0.413068	0.316992
0.413068	0.316992
0.413068	0.000000
0.413068	0.000000
0.219231	0.316992
0.219231	0.000000
0.219231	0.316992
0.219231	0.316992
0.219231	0.000000
0.075967	0.316992
0.075967	0.316992
0.075967	0.316992
0.075967	0.316992
0.075967	0.917166
0.127798	0.316992
0.127798	0.316992
0.127798	0.316992
0.127798	0.316992
0.127798	0.316992
0.127798	0.316992
0.127798	0.316992
0.127798	0.316992
0.336440	0.316992
0.336440	0.000000
0.336440	0.316992
0.336440	0.000000
0.336440	0.000000
0.336440	0.000000
0.336440	0.000000
0.336440	0.000000
0.336440	0.000000
0.271488	0.316992
0.271488	0.000000
0.271488	0.319857
0.271488	0.000000
0.271488	0.000000
0.271488	0.000000
0.271488	0.000000
0.271488	0.000000
0.271488	0.000000
0.318951	0.316992
0.318951	0.316992
0.318951	0.316992
0.318951	0.316992
0.318951	0.316992
0.124571	0.316992
0.124571	0.000000
0.124571	0.000000
0.124571	0.000000
0.146135	0.224380
0.146135	0.182904
0.146135	0.316992
0.146135	0.000000
0.146135	0.202513
0.146135	0.274244
0.146135	0.316992
0.203807	0.316992
0.203807	0.000000
0.203807	0.316992
0.203807	0.316992
0.203807	0.000000
0.203807	0.000000
0.203807	0.316992
0.146561	0.000000
0.146561	0.316992
0.146561	0.316992
0.146561	0.000000
0.146561	0.000000
0.146561	0.316992
0.285838	0.316992
0.285838	0.169461
0.285838	0.240970
0.285838	0.316992
0.285838	0.000000
0.285838	0.000000
0.285838	0.000000
0.290610	0.316992
0.290610	0.000000
0.290610	0.316992
0.290610	0.316992
0.290610	0.000000
0.290610	0.000000
0.290610	0.000000
0.298711	0.316992
0.298711	0.316992
0.298711	0.316992
0.298711	0.316992
0.168678	0.316992
0.168678	0.316992
0.168678	0.316992
0.168678	0.000000
0.168678	0.316992
0.168678	0.316992
0.372112	0.316992
0.372112	0.000000
0.372112	0.000000
0.372112	0.000000
0.372112	0.000000
0.372112	0.000000
0.372112	0.988896
0.372112	0.000000
0.238573	0.000000
0.238573	0.000000
0.238573	0.000000
0.238573	0.000000
0.228143	0.000000
0.228143	0.316992
0.228143	0.316992
0.228143	0.000000
0.228143	0.000000
0.228143	0.000000
0.228143	0.000000
0.228143	0.000000
0.323277	0.316992
0.323277	0.000000
0.323277	0.316992
0.323277	0.316992
0.323277	0.000000
0.323277	0.000000
0.323277	0.000000
0.323277	0.000000
0.459008	0.000000
0.459008	0.316992
0.459008	0.316992
0.459008	0.000000
0.459008	0.000000
0.459008	0.000000
0.459008	0.316992
0.459008	0.000000
0.441845	0.316992
0.441845	0.316992
0.441845	0.316992
0.441845	0.000000
0.441845	0.000000
0.441845	0.000000
0.441845	0.000000
0.441845	0.000000
0.206560	0.316992
0.206560	0.000000
0.206560	0.316992
0.206560	0.316992
0.206560	0.000000
0.206560	0.000000
0.206560	0.000000
0.206560	0.000000
0.206560	0.000000
0.329923	0.316992
0.329923	0.316992
0.329923	0.316992
0.329923	0.316992
0.329923	0.000000
0.329923	0.316992
0.329923	0.000000
0.329923	0.316992
0.289330	0.316992
0.289330	0.316992
0.289330	0.316992
0.289330	0.316992
0.289330	0.316992
0.289330	0.316992
0.289330	0.316992
0.289330	0.316992
0.289330	0.000000
0.289330	0.000000
0.289330	0.000000
0.244758	0.316992
0.244758	0.316992
0.244758	0.316992
0.244758	0.000000
0.244758	0.000000
0.112707	0.316992
0.112707	0.316992
0.112707	0.316992
0.112707	0.316992
0.112707	0.316992
0.112707	0.000000
0.112707	0.316992
0.112707	0.000000
0.134870	0.316992
0.134870	0.316992
0.134870	0.316992
0.134870	0.316992
0.134870	0.316992
0.141722	0.316992
0.141722	0.000000
0.141722	0.000000
0.141722	0.000000
0.141722	0.000000
0.141722	0.000000
0.141722	0.000000
0.141722	0.000000
0.141722	0.000000
0.361858	0.316992
0.361858	0.000000
0.361858	0.316992
0.361858	0.000000
0.361858	0.000000
0.361858	0.000000
0.361858	0.000000
0.361858	0.000000
0.361858	0.000000
0.361858	0.000000
0.361858	0.000000
0.244869	0.114023
0.244869	0.236582
0.244869	0.175752
0.244869	0.000000
0.244869	0.113237
0.244869	0.246711
0.244869	0.085843
0.244869	0.146984
0.183423	0.316992
0.183423	0.000000
0.183423	0.316992
0.183423	0.316992
0.206510	0.000000
0.206510	0.316992
0.206510	0.316992
0.206510	0.000000
0.206510	0.000000
0.206510	0.316992
0.206510	0.000000
0.206510	0.314101
0.206510	0.000000
0.206510	0.316992
0.206510	0.316992
0.206510	0.316992
0.238509	0.316992
0.238509	0.316992
0.238509	0.316992
0.238509	0.316992
0.238509	0.316992
0.238509	0.316992
0.238509	0.000000
0.110601	0.068488
0.110601	0.069240
0.110601	0.087997
0.110601	0.088252
0.110601	0.084782
0.110601	0.082068
0.110601	0.124455
0.261408	0.304509
0.261408	0.316992
0.261408	0.316992
0.261408	0.303167
0.261408	0.316992
0.261408	0.303128
0.261408	0.000000
0.261408	0.000000
0.152005	0.316992
0.152005	0.316992
0.152005	0.316992
0.152005	0.000000
0.152005	0.316992
0.152005	0.316992
0.152005	0.316992
0.152005	0.316992
0.309167	0.316992
0.309167	0.000000
0.309167	0.000000
0.309167	0.000000
0.309167	0.316992
0.309167	0.000000
0.309167	0.000000
0.309167	0.000000
0.309167	0.000000
0.296955	0.000000
0.296955	0.000000
0.296955	0.807998
0.296955	0.789435
0.296955	0.925594
0.296955	0.000000
0.296955	0.000000
0.296955	0.000000
0.296955	0.000000
0.296955	0.000000
0.296955	0.000000
0.191775	0.000000
0.191775	0.316992
0.191775	0.316992
0.191775	0.000000
0.191775	0.000000
0.191775	0.316992
0.191775	0.000000
0.157705	0.204476
0.157705	0.274376
0.157705	0.266629
0.157705	0.191572
0.157705	0.187812
0.157705	0.269196
0.157705	0.316992
0.162161	0.316992
0.162161	0.316992
0.162161	0.316992
0.162161	0.000000
0.162161	0.000000
0.162161	0.000000
0.162161	0.000000
0.162161	0.316992
0.162161	0.000000
0.162161	0.000000
0.162161	0.000000
0.131896	0.316992
0.131896	0.000000
0.131896	0.316992
0.131896	0.316992
0.177536	0.000000
0.177536	0.316992
0.177536	0.316992
0.177536	0.000000
0.177536	0.000000
0.177536	0.000000
0.177536	0.316992
0.177536	0.000000
0.265606	0.000000
0.265606	0.000000
0.265606	0.000000
0.265606	0.000000
0.265606	0.000000
0.242340	0.316992
0.242340	0.000000
0.242340	0.316992
0.242340	0.316992
0.242340	0.316992
0.242340	0.000000
0.242340	0.000000
0.242340	0.000000
0.242340	0.000000
0.337797	0.316992
0.337797	0.316992
0.337797	0.316992
0.337797	0.316992
0.337797	0.316992
0.337797	0.316992
0.337797	0.316992
0.337797	0.000000
0.254201	0.316992
0.254201	0.316992
0.254201	0.316992
0.254201	0.316992
0.254201	0.000000
0.207862	0.316992
0.207862	0.000000
0.207862	0.316992
0.207862	0.316992
0.207862	0.000000
0.207862	0.000000
0.207862	0.000000
0.207862	0.000000
0.207862	0.000000
0.322976	0.316992
0.322976	0.316992
0.322976	0.316992
0.322976	0.316992
0.322976	0.316992
0.322976	0.000000
0.284999	0.316992
0.284999	0.316992
0.284999	0.316992
0.284999	0.316992
0.284999	0.316992
0.284999	0.316992
0.284999	0.316992
0.284999	0.000000
0.149044	0.316992
0.149044	0.316992
0.149044	0.316992
0.149044	0.000000
0.149044	0.000000
0.149044	0.000000
0.268693	0.316992
0.268693	0.316992
0.268693	0.316992
0.268693	0.000000
0.268693	0.000000
0.268693	0.000000
0.268693	0.000000
0.268693	0.000000
0.254894	0.316992
0.254894	0.000000
0.254894	0.316992
0.254894	0.000000
0.254894	0.316992
0.254894	0.316992
0.254894	0.000000
0.176831	0.842708
0.176831	0.000000
0.176831	0.000000
0.176831	0.000000
0.176831	0.000000
0.176831	0.000000
0.176831	0.000000
0.176831	0.887169
0.176831	0.000000
0.176831	0.000000
0.176831	0.000000
0.190059	0.316992
0.190059	0.000000
0.190059	0.000000
0.190059	0.000000
0.190059	0.000000
0.402356	0.000000
0.402356	0.000000
0.402356	0.316992
0.402356	0.316992
0.402356	0.000000
0.402356	0.000000
0.402356	0.000000
0.402356	0.000000
0.402356	0.000000
0.402356	0.000000
0.402356	0.000000
0.402356	0.000000
0.201190	0.316992
0.201190	0.316992
0.201190	0.316992
0.201190	0.316992
0.201190	0.316992
0.201190	0.316992
0.201190	0.316992
0.201190	0.316992
0.386774	0.316992
0.386774	0.316992
0.386774	0.316992
0.386774	0.316992
0.386774	0.316992
0.386774	0.316992
0.386774	0.000000
0.386774	0.000000
0.386774	0.000000
0.311266	0.316992
0.311266	0.316992
0.311266	0.316992
0.311266	0.000000
0.311266	0.316992
0.311266	0.316992
0.311266	0.316992
0.311266	0.658152
0.311266	0.000000
0.187681	0.316992
0.187681	0.316992
0.187681	0.316992
0.187681	0.316992
0.187681	0.316992
0.187681	0.316992
0.187681	0.000000
0.187681	0.316992
0.187681	0.000000
0.187681	0.316992
0.187681	0.316992
0.187681	0.000000
0.142538	0.000000
0.142538	0.207333
0.142538	0.316992
0.142538	0.000000
0.142538	0.000000
0.142538	0.000000
0.142538	0.000000
0.142538	0.316992
0.270118	0.424460
0.270118	0.364451
0.270118	0.316992
0.270118	0.000000
0.270118	0.000000
0.270118	0.000000
0.270118	0.000000
0.270118	0.000000
0.270118	0.000000
0.211412	0.404075
0.211412	0.370443
0.211412	0.368795
0.211412	0.000000
0.211412	0.000000
0.211412	0.000000
0.211412	0.000000
0.211412	0.000000
0.151651	0.316992
0.151651	0.316992
0.151651	0.316992
0.151651	0.316992
0.151651	0.316992
0.151651	0.316992
0.151651	0.316992
0.137040	0.950969
0.137040	0.956840
0.137040	0.978302
0.137040	0.973972
0.137040	0.975997
0.137040	0.986838
0.137040	0.000000
0.137040	0.977030
0.137040	0.972012
0.137040	0.000000
0.137040	0.991054
0.211590	0.732237
0.211590	0.652770
0.211590	0.714542
0.211590	0.820262
0.211590	0.730440
0.211590	0.837975
0.211590	0.856474
0.211590	0.907942
0.211590	0.000000
0.211590	0.804599
0.165446	0.071572
0.165446	0.066355
0.165446	0.103997
0.165446	0.094487
0.165446	0.082963
0.165446	0.068344
0.165446	0.264248
0.195702	0.850278
0.195702	0.798883
0.195702	0.882548
0.195702	0.898394
0.195702	0.724741
0.195702	0.933544
0.195702	0.866623
0.195702	0.940319
0.195702	0.882459
0.191074	0.000000
0.191074	0.000000
0.191074	0.000000
0.191074	0.000000
0.191074	0.000000
0.191074	0.000000
0.191074	0.000000
0.191074	0.000000
0.114743	0.000000
0.114743	0.000000
0.114743	0.000000
0.114743	0.000000
0.114743	0.000000
0.114743	0.000000
0.114743	0.000000
0.114743	0.000000
0.114743	0.000000
0.096328	0.000000
0.096328	0.000000
0.096328	0.000000
0.096328	0.000000
0.096328	0.000000
0.096328	0.000000
0.096328	0.000000
0.292104	0.000000
0.292104	0.000000
0.292104	0.000000
0.292104	0.000000
0.292104	0.000000
0.292104	0.000000
0.292104	0.000000
0.292104	0.000000
0.251019	0.000000
0.251019	0.000000
0.251019	0.000000
0.251019	0.000000
0.251019	0.000000
0.308789	0.000000
0.308789	0.000000
0.308789	0.000000
0.308789	0.000000
0.308789	0.000000
0.308789	0.000000
0.308789	0.000000
0.308789	0.000000
0.641622	0.000000
0.641622	0.000000
0.641622	0.000000
0.641622	0.000000
0.294017	0.000000
0.294017	0.000000
0.294017	0.000000
0.294017	0.000000
0.294017	0.000000
0.294017	0.000000
0.294017	0.000000
0.294017	0.000000
0.294017	0.000000
0.200353	0.000000
0.200353	0.000000
0.200353	0.000000
0.200353	0.000000
0.313619	0.000000
0.313619	0.000000
0.313619	0.000000
0.313619	0.000000
0.313619	0.000000
0.313619	0.000000
0.313619	0.000000
0.313619	0.000000
0.260937	0.000000
0.260937	0.000000
0.260937	0.000000
0.260937	0.000000
0.260937	0.000000
0.179837	0.000000
0.179837	0.000000
0.179837	0.000000
0.179837	0.000000
0.179837	0.000000
0.179837	0.000000
0.179837	0.000000
0.179837	0.000000
0.145404	0.000000
0.145404	0.000000
0.145404	0.000000
0.145404	0.000000
0.145404	0.000000
0.145404	0.000000
0.145404	0.000000
0.145404	0.000000
0.145404	0.000000
0.145404	0.000000
0.145404	0.000000
0.145404	0.000000
0.161780	0.000000
0.161780	0.000000
0.161780	0.000000
0.161780	0.000000
0.161780	0.000000
0.161780	0.000000
0.161780	0.000000
0.161780	0.000000
0.113339	0.000000
0.113339	0.000000
0.113339	0.000000
0.113339	0.000000
0.113339	0.000000
0.262663	0.000000
0.262663	0.000000
0.262663	0.000000
0.262663	0.000000
0.262663	0.000000
0.262663	0.000000
0.262663	0.000000
0.262663	0.000000
0.262663	0.000000
0.128202	0.000000
0.128202	0.000000
0.128202	0.000000
0.128202	0.000000
0.128202	0.000000
0.128202	0.000000
0.128202	0.000000
0.128202	0.000000
0.128202	0.000000
0.128202	0.000000
0.128202	0.000000
0.083728	0.661460
0.083728	0.576378
0.083728	0.668580
0.083728	0.854474
0.083728	0.596530
0.083728	0.594083
0.083728	0.894683
0.083728	0.980269
0.139781	0.316992
0.139781	0.316992
0.139781	0.316992
0.139781	0.316992
0.139781	0.316992
0.139781	0.316992
0.058935	0.316992
0.058935	0.316992
0.058935	0.316992
0.058935	0.316992
0.058935	0.316992
0.058935	0.316992
0.141118	0.316992
0.141118	0.316992
0.141118	0.316992
0.141118	0.316992
0.141118	0.316992
0.141118	0.350905
0.141118	0.316992
0.141118	0.316992
0.193769	0.951022
0.193769	0.877516
0.193769	0.935706
0.193769	0.980038
0.193769	0.979331
0.193769	0.912193
0.193769	0.934367
0.193769	0.000000
0.193769	0.000000
0.372215	0.997184
0.372215	0.998008
0.372215	0.997779
0.372215	0.998933
0.372215	0.997922
0.372215	0.999039
0.372215	0.996771
0.372215	0.999605
0.372215	0.998626
0.372215	0.999931
0.372215	0.999999
0.360536	0.999807
0.360536	0.000000
0.360536	0.999605
0.360536	0.000000
0.360536	0.000000
0.360536	0.000000
0.360536	0.000000
0.360536	0.000000
0.360536	0.000000
0.360536	0.999958
0.360536	0.000000
0.331522	0.993229
0.331522	0.994239
0.331522	0.986567
0.331522	0.000000
0.331522	0.000000
0.331522	0.000000
0.331522	0.000000
0.331522	0.000000
0.331522	0.000000
0.331522	0.000000
0.288337	0.000000
0.288337	0.000000
0.288337	0.000000
0.288337	0.000000
0.288337	1.000000
0.288337	0.000000
0.288337	0.000000
0.288337	0.000000
0.288337	0.000000
0.291983	0.000000
0.291983	0.000000
0.291983	0.000000
0.291983	0.000000
0.291983	0.000000
0.291983	0.000000
0.291983	0.000000
0.291983	0.000000
0.291983	0.000000
0.173280	0.000000
0.173280	0.000000
0.173280	0.000000
0.173280	0.000000
0.173280	0.000000
0.173280	0.000000
0.173280	0.000000
0.118040	0.000000
0.118040	0.000000
0.118040	0.000000
0.118040	0.000000
0.118040	0.000000
0.118040	0.000000
0.118040	0.000000
0.115383	0.000000
0.115383	0.000000
0.115383	0.000000
0.115383	0.000000
0.115383	0.000000
0.115383	0.000000
0.115383	0.000000
0.115383	0.000000
0.115383	0.000000
0.220071	0.000000
0.220071	0.000000
0.220071	0.000000
0.220071	0.000000
0.220071	0.000000
0.220071	0.000000
0.220071	0.000000
0.220071	0.000000
0.220071	0.000000
0.130577	0.000000
0.130577	0.000000
0.130577	0.000000
0.130577	0.000000
0.130577	0.000000
0.214511	0.000000
0.214511	0.000000
0.214511	0.000000
0.214511	0.000000
0.214511	0.000000
0.214511	0.000000
0.214511	0.000000
0.178580	0.316992
0.178580	0.316992
0.178580	0.316992
0.178580	0.316992
0.178580	0.316992
0.204075	0.316992
0.204075	0.000000
0.204075	0.316992
0.204075	0.316992
0.204075	0.000000
0.204075	0.316992
0.204075	0.316992
0.066210	0.000000
0.066210	0.000000
0.066210	0.316992
0.066210	0.000000
0.265826	0.306537
0.265826	0.304312
0.265826	0.316992
0.265826	0.000000
0.265826	0.316992
0.265826	0.225739
0.265826	0.316992
0.265826	0.316992
0.070747	0.316992
0.070747	0.316992
0.070747	0.316992
0.070747	0.316992
0.070747	0.000000
0.070747	0.000000
0.070747	0.000000
0.327975	0.316992
0.327975	0.316992
0.327975	0.316992
0.327975	0.316992
0.327975	0.000000
0.327975	0.000000
0.327975	0.000000
0.377382	0.730366
0.377382	0.619879
0.377382	0.672359
0.377382	0.000000
0.377382	0.000000
0.377382	0.000000
0.377382	0.000000
0.377382	0.000000
0.377382	0.000000
0.101180	0.316992
0.101180	0.316992
0.101180	0.316992
0.101180	0.316992
0.101180	0.316992
0.101180	0.000000
0.101180	0.000000
0.101180	0.000000
0.409511	0.887792
0.409511	0.958950
0.409511	0.926656
0.409511	0.949625
0.409511	0.902853
0.409511	0.992546
0.409511	0.000000
0.409511	0.000000
0.409511	0.978896
0.409511	0.996757
0.409511	0.000000
0.464896	0.913883
0.464896	0.940600
0.464896	0.944610
0.464896	0.920698
0.464896	0.000000
0.464896	0.953547
0.464896	0.000000
0.464896	0.000000
0.464896	0.000000
0.464896	0.000000
0.464896	0.000000
0.339710	0.316992
0.339710	0.000000
0.339710	0.316992
0.339710	0.316992
0.339710	0.000000
0.339710	0.316992
0.339710	0.000000
0.339710	0.316992
0.339710	0.000000
0.339710	0.000000
0.339710	0.000000
0.339710	0.000000
0.210837	0.268838
0.210837	0.316992
0.210837	0.316992
0.210837	0.262128
0.210837	0.316992
0.210837	0.316992
0.210837	0.316992
0.210837	0.316992
0.137247	0.316992
0.137247	0.316992
0.137247	0.316992
0.137247	0.316992
0.187087	0.391019
0.187087	0.000000
0.187087	0.638035
0.187087	0.000000
0.187087	0.000000
0.187087	0.000000
0.187087	0.000000
0.187087	0.000000
0.187087	0.000000
0.197542	0.914342
0.197542	0.973243
0.197542	0.908682
0.197542	0.958049
0.197542	0.955277
0.197542	0.940332
0.197542	0.887779
0.197542	0.980837
0.197542	0.000000
0.197542	0.000000
0.197542	0.000000
0.120156	0.316992
0.120156	0.316992
0.120156	0.316992
0.120156	0.316992
0.120156	0.316992
0.120156	0.316992
0.142104	0.316992
0.142104	0.316992
0.142104	0.316992
0.142104	0.316992
0.142104	0.000000
0.139842	0.316992
0.139842	0.000000
0.139842	0.316992
0.139842	0.316992
0.139842	0.000000
0.139842	0.000000
0.139842	0.000000
0.139842	0.000000
0.139842	0.000000
0.115852	0.316992
0.115852	0.316992
0.115852	0.316992
0.115852	0.316992
0.115852	0.316992
0.097187	0.316992
0.097187	0.316992
0.097187	0.316992
0.097187	0.316992
0.097187	0.316992
0.097187	0.316992
0.145721	0.297142
0.145721	0.316992
0.145721	0.316992
0.145721	0.000000
0.145721	0.316992
0.145721	0.000000
0.145721	0.000000
0.211598	0.386056
0.211598	0.000000
0.211598	0.530863
0.211598	0.000000
0.211598	0.000000
0.211598	0.000000
0.211598	0.000000
0.211598	0.000000
0.146618	0.316992
0.146618	0.316992
0.146618	0.000000
0.146618	0.000000
0.146618	0.316992
0.146618	0.316992
0.146618	0.316992
0.146618	0.316992
0.261898	0.316992
0.261898	0.000000
0.261898	0.316992
0.261898	0.316992
0.263342	0.188615
0.263342	0.288974
0.263342	0.221770
0.263342	0.316992
0.263342	0.141799
0.263342	0.290110
0.263342	0.243296
0.263342	0.239258
0.263342	0.282832
0.263342	0.219719
0.263342	0.253548
0.263342	0.299812
0.294349	0.316992
0.294349	0.316992
0.294349	0.316992
0.294349	0.337683
0.294349	0.490056
0.294349	0.316992
0.294349	0.000000
0.294349	0.000000
0.294349	0.000000
0.294349	0.000000
0.294349	0.000000
0.351217	0.003881
0.351217	0.018128
0.351217	0.003889
0.351217	0.003322
0.319152	0.026087
0.319152	0.013701
0.319152	0.019324
0.319152	0.053220
0.319152	0.316975
0.101804	0.061045
0.101804	0.054811
0.101804	0.072449
0.101804	0.040457
0.096806	0.000000
0.096806	0.000000
0.096806	0.000000
0.096806	0.000000
0.096806	0.000000
0.096806	0.000000
0.096806	0.000000
0.107039	0.316992
0.107039	0.316992
0.107039	0.316992
0.107039	0.316992
0.107039	0.316992
0.107039	0.316992
0.107039	0.316992
0.107039	0.316992
0.107039	0.316992
0.107039	0.316992
0.107039	0.316992
0.208722	0.914028
0.208722	0.852841
0.208722	0.903884
0.208722	0.934048
0.208722	0.829844
0.208722	0.920001
0.208722	0.934615
0.208722	0.955622
0.208722	0.000000
0.158567	0.316992
0.158567	0.316992
0.158567	0.316992
0.158567	0.316992
0.158567	0.316992
0.158567	0.316992
0.158567	0.316992
0.158567	0.316992
0.158567	0.316992
0.158567	0.316992
0.158567	0.316992
0.136037	0.256160
0.136037	0.257748
0.136037	0.316992
0.136037	0.316992
0.136037	0.316992
0.136037	0.227714
0.136037	0.000000
0.136037	0.000000
0.093681	0.316141
0.093681	0.254319
0.093681	0.316992
0.093681	0.316992
0.093681	0.242320
0.093681	0.316992
0.093681	0.172879
0.093681	0.316992
0.093681	0.291084
0.093681	0.000000
0.093681	0.000000
0.224619	0.316992
0.224619	0.605294
0.224619	0.316992
0.224619	0.596467
0.224619	0.356301
0.224619	0.787888
0.224619	0.499398
0.224619	0.316992
0.224619	0.994206
0.298891	0.000000
0.298891	0.000000
0.298891	0.000000
0.298891	0.000000
0.298891	0.000000
0.298891	0.000000
0.298891	0.000000
0.298891	0.000000
0.110016	0.000000
0.110016	0.000000
0.110016	0.316992
0.110016	0.000000
0.237949	0.316992
0.237949	0.422555
0.237949	0.316992
0.237949	0.316992
0.237949	0.572325
0.237949	0.000000
0.237949	0.000000
0.237949	0.000000
0.237949	0.000000
0.124084	0.316992
0.124084	0.196187
0.124084	0.305927
0.124084	0.316992
0.124084	0.316992
0.124084	0.316992
0.124084	0.316992
0.124084	0.281255
0.124084	0.316992
0.124084	0.241835
0.124084	0.316992
0.176588	0.316992
0.176588	0.316992
0.176588	0.316992
0.176588	0.316992
0.176588	0.316992
0.176588	0.316992
0.176588	0.316992
0.176588	0.316992
0.176588	0.316992
0.176588	0.000000
0.176588	0.316992
0.176588	0.316992
0.233801	0.316992
0.233801	0.316992
0.233801	0.316992
0.233801	0.000000
0.233801	0.316992
0.233801	0.316992
0.233801	0.316992
0.233801	0.316992
0.233801	0.316992
0.233801	0.316992
0.233801	0.316992
0.259970	0.316992
0.259970	0.000000
0.259970	0.316992
0.259970	0.000000
0.259970	0.000000
0.259970	0.316992
0.259970	0.000000
0.259970	0.000000
0.251980	0.940969
0.251980	0.968487
0.251980	0.958510
0.251980	0.970821
0.251980	0.999775
0.251980	0.954095
0.251980	0.000000
0.251980	0.000000
0.251980	0.000000
0.209999	0.379791
0.209999	0.316992
0.209999	0.316992
0.209999	0.000000
0.209999	0.316992
0.209999	0.316992
0.209999	0.316992
0.209999	0.508771
0.254985	0.000000
0.254985	0.000000
0.254985	0.000000
0.254985	0.000000
0.254985	0.000000
0.254985	0.000000
0.254985	0.000000
0.254985	0.000000
0.207932	0.316992
0.207932	0.316992
0.207932	0.316992
0.207932	0.316992
0.207932	0.221616
0.207932	0.521793
0.207932	0.316992
0.230092	0.865115
0.230092	0.979580
0.230092	0.904320
0.230092	0.975394
0.230092	0.976689
0.230092	0.665120
0.230092	0.797032
0.230092	0.960216
0.230092	0.865421
0.230092	0.931255
0.230092	0.000000
0.279382	0.000000
0.279382	0.000000
0.279382	0.000000
0.279382	0.000000
0.279382	0.000000
0.279382	0.000000
0.279382	0.000000
0.279382	0.000000
0.114463	0.000000
0.114463	0.000000
0.114463	0.000000
0.114463	0.000000
0.114463	0.000000
0.114463	0.000000
0.114463	0.000000
0.114463	0.000000
0.114463	0.000000
0.192521	0.000000
0.192521	0.000000
0.192521	0.000000
0.192521	0.000000
0.192521	0.000000
0.192521	0.000000
0.192521	0.000000
0.214242	0.000000
0.214242	0.000000
0.214242	0.000000
0.214242	0.000000
0.214242	0.000000
0.214242	0.000000
0.214242	0.000000
0.214242	0.000000
0.214242	0.000000
0.229260	0.000000
0.229260	0.000000
0.229260	0.000000
0.229260	0.000000
0.229260	0.000000
0.229260	0.000000
0.229260	0.000000
0.229260	0.000000
0.229260	0.000000
0.229260	0.000000
0.137093	0.000000
0.137093	0.000000
0.137093	0.000000
0.137093	0.000000
0.137093	0.000000
0.137093	0.000000
0.137093	0.000000
0.079311	0.000000
0.079311	0.000000
0.079311	0.000000
0.079311	0.000000
0.079311	0.000000
0.079311	0.000000
0.079311	0.000000
0.150669	0.000000
0.150669	0.000000
0.150669	0.000000
0.150669	0.000000
0.150669	0.000000
0.150669	0.000000
0.150669	0.000000
0.205084	0.000000
0.205084	0.000000
0.205084	0.000000
0.205084	0.000000
0.205084	0.000000
0.205084	0.000000
0.205084	0.000000
0.205084	0.000000
0.205084	0.000000
0.066116	0.000000
0.066116	0.000000
0.066116	0.000000
0.066116	0.000000
0.066116	0.000000
0.066116	0.000000
0.066116	0.000000
0.066116	0.000000
0.116326	0.000000
0.116326	0.000000
0.116326	0.000000
0.116326	0.000000
0.116326	0.000000
0.116326	0.000000
0.116326	0.000000
0.116326	0.000000
0.244945	0.000000
0.244945	0.000000
0.244945	0.000000
0.244945	0.000000
0.244945	0.000000
0.244945	0.000000
0.244945	0.000000
0.226748	0.000000
0.226748	0.000000
0.226748	0.000000
0.226748	0.000000
0.140290	0.000000
0.140290	0.000000
0.140290	0.000000
0.140290	0.000000
0.140290	0.000000
0.140290	0.000000
0.140290	0.000000
0.232267	0.000000
0.232267	0.000000
0.232267	0.000000
0.232267	0.000000
0.232267	0.000000
0.232267	0.000000
0.232267	0.000000
0.232267	0.000000
0.244866	0.000000
0.244866	0.000000
0.244866	0.000000
0.244866	0.000000
0.244866	0.000000
0.244866	0.000000
0.244866	0.000000
0.244866	0.000000
0.270156	0.000000
0.270156	0.000000
0.270156	0.000000
0.270156	0.000000
0.270156	0.000000
0.270156	0.000000
0.270156	0.000000
0.270156	0.000000
0.189143	0.000000
0.189143	0.000000
0.189143	0.000000
0.189143	0.000000
0.189143	0.000000
0.189143	0.000000
0.189143	0.000000
0.189143	0.000000
0.189143	0.000000
0.211719	0.000000
0.211719	0.000000
0.211719	0.000000
0.211719	0.000000
0.211719	0.000000
0.211719	0.000000
0.211719	0.000000
0.211719	0.000000
0.211719	0.000000
0.309158	0.018129
0.309158	0.039412
0.309158	0.020794
0.309158	0.025874
0.309158	0.056347
0.309158	0.033108
0.309158	0.059107
0.309158	0.055361
0.309158	0.154062
0.150960	0.000279
0.150960	0.000387
0.150960	0.000333
0.150960	0.000421
0.150960	0.000374
0.150960	0.000519
0.150960	0.000474
0.150960	0.001311
0.176929	0.000000
0.176929	0.000000
0.176929	0.000000
0.176929	0.000000
0.176929	0.000000
0.176929	0.000000
0.176929	0.000000
0.176929	0.000000
0.176929	0.000000
0.176929	0.000000
0.176929	0.000000
0.297325	0.001088
0.297325	0.001415
0.297325	0.001544
0.297325	0.018744
0.297325	0.002838
0.297325	0.002585
0.297325	0.002325
0.297325	0.003181
0.162561	0.000652
0.162561	0.001520
0.162561	0.000884
0.162561	0.000000
0.162561	0.002124
0.104128	0.000916
0.104128	0.001774
0.104128	0.000000
0.104128	0.000000
0.104128	0.008376
0.168351	0.005777
0.168351	0.000000
0.168351	0.011167
0.168351	0.000000
0.098701	0.000000
0.098701	0.000000
0.098701	0.000000
0.098701	0.000000
0.098701	0.000000
0.098701	0.000000
0.098701	0.000000
0.098701	0.000000
0.098701	0.000000
0.174003	0.000000
0.174003	0.000000
0.174003	0.000000
0.174003	0.000000
0.174003	0.000000
0.174003	0.000000
0.174003	0.000000
0.296421	0.000000
0.296421	0.000000
0.296421	0.000000
0.296421	0.000000
0.296421	0.000000
0.296421	0.000000
0.296421	0.000000
0.296421	0.000000
0.163537	0.000000
0.163537	0.000000
0.163537	0.000000
0.163537	0.000000
0.163537	0.000000
0.163537	0.000000
0.254335	0.000000
0.254335	0.000000
0.254335	0.000000
0.254335	0.000000
0.254335	0.000000
0.254335	0.000000
0.254335	0.000000
0.254335	0.000000
0.248280	0.000000
0.248280	0.000000
0.248280	0.000000
0.248280	0.000000
0.248280	0.000000
0.248280	0.000000
0.248280	0.000000
0.248280	0.000000
0.248280	0.000000
0.237946	0.000000
0.237946	0.000000
0.237946	0.000000
0.237946	0.000000
0.237946	0.000000
0.237946	0.000000
0.237946	0.000000
0.237946	0.000000
0.237946	0.000000
0.134267	0.000000
0.134267	0.000000
0.134267	0.000000
0.134267	0.000000
0.134267	0.000000
0.134267	0.000000
0.134267	0.000000
0.134267	0.000000
0.134267	0.000000
0.207714	0.000000
0.207714	0.000000
0.207714	0.000000
0.207714	0.000000
0.207714	0.000000
0.207714	0.000000
0.207714	0.000000
0.207714	0.000000
0.207714	0.000000
0.298887	0.000000
0.298887	0.000000
0.298887	0.000000
0.298887	0.000000
0.298887	0.000000
0.298887	0.000000
0.298887	0.000000
0.313505	0.000000
0.313505	0.000000
0.313505	0.000000
0.313505	0.000000
0.313505	0.000000
0.313505	0.000000
0.313505	0.000000
0.313505	0.000000
0.313505	0.000000
0.313505	0.000000
0.313018	0.000000
0.313018	0.000000
0.313018	0.000000
0.313018	0.000000
0.313018	0.000000
0.313018	0.000000
0.313018	0.000000
0.240337	0.000000
0.240337	0.000000
0.240337	0.000000
0.240337	0.000000
0.240337	0.000000
0.240337	0.000000
0.240337	0.000000
0.240337	0.000000
0.240337	0.000000
0.240337	0.000000
0.240337	0.000000
0.112612	0.000000
0.112612	0.000000
0.112612	0.000000
0.112612	0.000000
0.099814	0.000000
0.099814	0.000000
0.099814	0.000000
0.099814	0.000000
0.099814	0.000000
0.099814	0.000000
0.099814	0.000000
0.099814	0.000000
0.099814	0.000000
0.099814	0.000000
0.093981	0.000000
0.093981	0.000000
0.093981	0.000000
0.093981	0.000000
0.093981	0.000000
0.152519	0.000000
0.152519	0.000000
0.152519	0.000000
0.152519	0.000000
0.152519	0.000000
0.152519	0.000000
0.152519	0.000000
0.066309	0.000000
0.066309	0.000000
0.066309	0.000000
0.066309	0.000000
0.066309	0.000000
0.066309	0.000000
0.066309	0.000000
0.066309	0.000000
0.066309	0.000000
0.093041	0.000000
0.093041	0.000000
0.093041	0.000000
0.093041	0.000000
0.093041	0.000000
0.093041	0.000000
0.235248	0.000000
0.235248	0.000000
0.235248	0.000000
0.235248	0.000000
0.235248	0.000000
0.235248	0.000000
0.235248	0.000000
0.235248	0.000000
0.235248	0.000000
0.235248	0.000000
0.235248	0.000000
0.094746	0.000000
0.094746	0.000000
0.094746	0.000000
0.094746	0.000000
0.094746	0.000000
0.094746	0.000000
0.094746	0.000000
0.094746	0.000000
0.286557	0.000000
0.286557	0.000000
0.286557	0.000000
0.286557	0.000000
0.286557	0.000000
0.286557	0.000000
0.286557	0.000000
0.286557	0.000000
0.104950	0.000000
0.104950	0.000000
0.104950	0.000000
0.104950	0.000000
0.104950	0.000000
0.374679	0.000000
0.374679	0.000000
0.374679	0.000000
0.374679	0.000000
0.374679	0.000000
0.374679	0.000000
0.374679	0.000000
0.374679	0.000000
0.374679	0.000000
0.184428	0.000000
0.184428	0.000000
0.184428	0.000000
0.184428	0.000000
0.184428	0.000000
0.184428	0.000000
0.184428	0.000000
0.184428	0.000000
0.265787	0.000000
0.265787	0.000000
0.265787	0.000000
0.265787	0.000000
0.265787	0.000000
0.265787	0.000000
0.265787	0.000000
0.360165	0.000000
0.360165	0.000000
0.360165	0.000000
0.360165	0.000000
0.360165	0.000000
0.360165	0.000000
0.360165	0.000000
0.360165	0.000000
0.084605	0.000000
0.084605	0.000000
0.084605	0.000000
0.084605	0.000000
0.084605	0.000000
0.084605	0.000000
0.084605	0.000000
0.370628	0.000000
0.370628	0.000000
0.370628	0.000000
0.370628	0.000000
0.370628	0.000000
0.370628	0.000000
0.370628	0.000000
0.370628	0.000000
0.370628	0.000000
0.370628	0.000000
0.370628	0.000000
0.184581	0.000000
0.184581	0.000000
0.184581	0.000000
0.184581	0.000000
0.184581	0.000000
0.184581	0.000000
0.184581	0.000000
0.184581	0.000000
0.274954	0.000000
0.274954	0.000000
0.274954	0.000000
0.274954	0.000000
0.274954	0.000000
0.274954	0.000000
0.274954	0.000000
0.185763	0.000000
0.185763	0.000000
0.185763	0.000000
0.185763	0.000000
0.185763	0.000000
0.185763	0.000000
0.110972	0.000000
0.110972	0.000000
0.110972	0.000000
0.110972	0.000000
0.110972	0.000000
0.110972	0.000000
0.110972	0.000000
0.055880	0.000000
0.055880	0.000000
0.055880	0.000000
0.055880	0.000000
0.076609	0.000000
0.076609	0.000000
0.076609	0.000000
0.076609	0.000000
0.076609	0.000000
0.076609	0.000000
0.076609	0.000000
0.076609	0.000000
0.076609	0.000000
0.087344	0.000000
0.087344	0.000000
0.087344	0.000000
0.087344	0.000000
0.087344	0.000000
0.087344	0.000000
0.087344	0.000000
0.087344	0.000000
0.061851	0.000000
0.061851	0.000000
0.061851	0.000000
0.061851	0.000000
0.061851	0.000000
0.061851	0.000000
0.061851	0.000000
0.178567	0.000000
0.178567	0.000000
0.178567	0.000000
0.178567	0.000000
0.178567	0.000000
0.178567	0.000000
0.178567	0.000000
0.178567	0.000000
0.178567	0.000000
0.178567	0.000000
0.178567	0.000000
0.132886	0.000000
0.132886	0.000000
0.132886	0.000000
0.132886	0.000000
0.132886	0.000000
0.132886	0.000000
0.132886	0.000000
0.132886	0.000000
0.132886	0.000000
0.132886	0.000000
0.132886	0.000000
0.277469	0.000000
0.277469	0.000000
0.277469	0.000000
0.277469	0.000000
0.277469	0.000000
0.277469	0.000000
0.277469	0.000000
0.277469	0.000000
0.277469	0.000000
0.277469	0.000000
0.109217	0.000000
0.109217	0.000000
0.109217	0.000000
0.109217	0.000000
0.109217	0.000000
0.082373	0.000000
0.082373	0.000000
0.082373	0.000000
0.082373	0.000000
0.082373	0.000000
0.082373	0.000000
0.082373	0.000000
0.211296	0.000000
0.211296	0.000000
0.211296	0.000000
0.211296	0.000000
0.191775	0.000000
0.191775	0.000000
0.191775	0.000000
0.191775	0.000000
0.281950	0.000000
0.281950	0.000000
0.281950	0.000000
0.281950	0.000000
0.281950	0.000000
0.281950	0.000000
0.281950	0.000000
0.281950	0.000000
0.281950	0.000000
0.281950	0.000000
0.281950	0.000000
0.149748	0.000000
0.149748	0.000000
0.149748	0.000000
0.149748	0.000000
0.116528	0.000000
0.116528	0.000000
0.116528	0.000000
0.116528	0.000000
0.116528	0.000000
0.116528	0.000000
0.116528	0.000000
0.161575	0.000000
0.161575	0.000000
0.161575	0.000000
0.161575	0.000000
0.161575	0.000000
0.161575	0.000000
0.161575	0.000000
0.161575	0.000000
0.161575	0.000000
0.161575	0.000000
0.161575	0.000000
0.053843	0.000000
0.053843	0.000000
0.053843	0.000000
0.053843	0.000000
0.053843	0.000000
0.053843	0.000000
0.053843	0.000000
0.053843	0.000000
0.053843	0.000000
0.053843	0.000000
0.053843	0.000000
0.053843	0.000000
0.053843	0.000000
0.053843	0.000000
0.265169	0.000000
0.265169	0.000000
0.265169	0.000000
0.265169	0.000000
0.265169	0.000000
0.265169	0.000000
0.265169	0.000000
0.265169	0.000000
0.265169	0.000000
0.142972	0.000000
0.142972	0.000000
0.142972	0.000000
0.142972	0.000000
0.142972	0.000000
0.142972	0.000000
0.141081	0.000000
0.141081	0.000000
0.141081	0.000000
0.141081	0.000000
0.141081	0.000000
0.141081	0.000000
0.141081	0.000000
0.141081	0.000000
0.141081	0.000000
0.141081	0.000000
0.086744	0.000000
0.086744	0.000000
0.086744	0.000000
0.086744	0.000000
0.086744	0.000000
0.086744	0.000000
0.086744	0.000000
0.086744	0.000000
0.095916	0.000000
0.095916	0.000000
0.095916	0.000000
0.095916	0.000000
0.095916	0.000000
0.095916	0.000000
0.095916	0.000000
0.095916	0.000000
0.095916	0.000000
0.095916	0.000000
0.095916	0.000000
0.095916	0.000000
0.099760	0.000000
0.099760	0.000000
0.099760	0.000000
0.099760	0.000000
0.099760	0.000000
0.075411	0.000000
0.075411	0.000000
0.075411	0.000000
0.075411	0.000000
0.054706	0.000000
0.054706	0.000000
0.054706	0.000000
0.054706	0.000000
0.054706	0.000000
0.054706	0.000000
0.054706	0.000000
0.054706	0.000000
0.054706	0.000000
0.054706	0.000000
0.054706	0.000000
0.054706	0.000000
0.059839	0.000000
0.059839	0.000000
0.059839	0.000000
0.059839	0.000000
0.059839	0.000000
0.059839	0.000000
0.059839	0.000000
0.082243	0.000000
0.082243	0.000000
0.082243	0.000000
0.082243	0.000000
0.082243	0.000000
0.082243	0.000000
0.082243	0.000000
0.153396	0.000000
0.153396	0.000000
0.153396	0.000000
0.153396	0.000000
0.153396	0.000000
0.153396	0.000000
0.153396	0.000000
0.097031	0.000000
0.097031	0.000000
0.097031	0.000000
0.097031	0.000000
0.097031	0.000000
0.097031	0.000000
0.097031	0.000000
0.088321	0.000000
0.088321	0.000000
0.088321	0.000000
0.088321	0.000000
0.088321	0.000000
0.088321	0.000000
0.088321	0.000000
0.088321	0.000000
0.088321	0.000000
0.088321	0.000000
0.088321	0.000000
0.088321	0.000000
0.198589	0.000000
0.198589	0.000000
0.198589	0.000000
0.198589	0.000000
0.198589	0.000000
0.198589	0.000000
0.198589	0.000000
0.198589	0.000000
0.198589	0.000000
0.198589	0.000000
0.198589	0.000000
0.198589	0.000000
0.287729	0.000000
0.287729	0.000000
0.287729	0.000000
0.287729	0.000000
0.287729	0.000000
0.287729	0.000000
0.287729	0.000000
0.287729	0.000000
0.283833	0.000000
0.283833	0.000000
0.283833	0.000000
0.283833	0.000000
0.283833	0.000000
0.283833	0.000000
0.273415	0.000000
0.273415	0.000000
0.273415	0.000000
0.273415	0.000000
0.273415	0.000000
0.273415	0.000000
0.273415	0.000000
0.273415	0.000000
0.151969	0.000000
0.151969	0.000000
0.151969	0.000000
0.151969	0.000000
0.151969	0.000000
0.151969	0.000000
0.151969	0.000000
0.151969	0.000000
0.232867	0.000000
0.232867	0.000000
0.232867	0.000000
0.232867	0.000000
0.295326	0.000000
0.295326	0.000000
0.295326	0.000000
0.295326	0.000000
0.295326	0.000000
0.295326	0.000000
0.295326	0.000000
0.295326	0.000000
0.295326	0.000000
0.066952	0.000000
0.066952	0.000000
0.066952	0.000000
0.066952	0.000000
0.066952	0.000000
0.066952	0.000000
0.066952	0.000000
0.066952	0.000000
0.120532	0.000000
0.120532	0.000000
0.120532	0.000000
0.120532	0.000000
0.120532	0.000000
0.120532	0.000000
0.120532	0.000000
0.120532	0.000000
0.117773	0.000000
0.117773	0.000000
0.117773	0.000000
0.117773	0.000000
0.117773	0.000000
0.117773	0.000000
0.196167	0.000000
0.196167	0.000000
0.196167	0.000000
0.196167	0.000000
0.196167	0.000000
0.196167	0.000000
0.196167	0.000000
0.196167	0.000000
0.196167	0.000000
0.196167	0.000000
0.196167	0.000000
0.196167	0.000000
0.297529	0.000000
0.297529	0.000000
0.297529	0.000000
0.297529	0.000000
0.167934	0.000000
0.167934	0.000000
0.167934	0.000000
0.167934	0.000000
0.167934	0.000000
0.167934	0.000000
0.167934	0.000000
0.167934	0.000000
0.167934	0.000000
0.135412	0.000000
0.135412	0.000000
0.135412	0.000000
0.135412	0.000000
0.135412	0.000000
0.135412	0.000000
0.135412	0.000000
0.135412	0.000000
0.363936	0.000000
0.363936	0.000000
0.363936	0.000000
0.363936	0.000000
0.363936	0.000000
0.363936	0.000000
0.363936	0.000000
0.363936	0.000000
0.363936	0.000000
0.363936	0.000000
0.363936	0.000000
0.213386	0.000000
0.213386	0.000000
0.213386	0.000000
0.213386	0.000000
0.213386	0.000000
0.213386	0.000000
0.213386	0.000000
0.213386	0.000000
0.227249	0.000000
0.227249	0.000000
0.227249	0.000000
0.227249	0.000000
0.227249	0.000000
0.227249	0.000000
0.227249	0.000000
0.143562	0.000000
0.143562	0.000000
0.143562	0.000000
0.143562	0.000000
0.143562	0.000000
0.129950	0.000000
0.129950	0.000000
0.129950	0.000000
0.129950	0.000000
0.129950	0.000000
0.129950	0.000000
0.129950	0.000000
0.129950	0.000000
0.064024	0.000000
0.064024	0.000000
0.064024	0.000000
0.064024	0.000000
0.064024	0.000000
0.344404	0.000000
0.344404	0.000000
0.344404	0.000000
0.344404	0.000000
0.344404	0.000000
0.344404	0.000000
0.344404	0.000000
0.344404	0.000000
0.344404	0.000000
0.344404	0.000000
0.344404	0.000000
0.093582	0.000000
0.093582	0.000000
0.093582	0.000000
0.093582	0.000000
0.093582	0.000000
0.093582	0.000000
0.093582	0.000000
0.093582	0.000000
0.088005	0.000000
0.088005	0.000000
0.088005	0.000000
0.088005	0.000000
0.088005	0.000000
0.088005	0.000000
0.088005	0.000000
0.088005	0.000000
0.088005	0.000000
0.263200	0.000000
0.263200	0.000000
0.263200	0.000000
0.263200	0.000000
0.263200	0.000000
0.263200	0.000000
0.263200	0.000000
0.263200	0.000000
0.073923	0.000000
0.073923	0.000000
0.073923	0.000000
0.073923	0.000000
0.073923	0.000000
0.064421	0.000000
0.064421	0.000000
0.064421	0.000000
0.064421	0.000000
0.064421	0.000000
0.064421	0.000000
0.064421	0.000000
0.064421	0.000000
0.136644	0.000000
0.136644	0.000000
0.136644	0.000000
0.136644	0.000000
0.136644	0.000000
0.136644	0.000000
0.136644	0.000000
0.136644	0.000000
0.136644	0.000000
0.324140	0.000000
0.324140	0.000000
0.324140	0.000000
0.324140	0.000000
0.324140	0.000000
0.324140	0.000000
0.324140	0.000000
0.324140	0.000000
0.324140	0.000000
0.055927	0.000000
0.055927	0.000000
0.055927	0.000000
0.055927	0.000000
0.055927	0.000000
0.055927	0.000000
0.055927	0.000000
0.055927	0.000000
0.152003	0.000000
0.152003	0.000000
0.152003	0.000000
0.152003	0.000000
0.152003	0.000000
0.152003	0.000000
0.152003	0.000000
0.152003	0.000000
0.063336	0.000000
0.063336	0.000000
0.063336	0.000000
0.063336	0.000000
0.063336	0.000000
0.063336	0.000000
0.063336	0.000000
0.063336	0.000000
0.123540	0.000000
0.123540	0.000000
0.123540	0.000000
0.123540	0.000000
0.123540	0.000000
0.123540	0.000000
0.123540	0.000000
0.123540	0.000000
0.121358	0.000000
0.121358	0.000000
0.121358	0.000000
0.121358	0.000000
0.117858	0.000000
0.117858	0.000000
0.117858	0.000000
0.117858	0.000000
0.117858	0.000000
0.117858	0.000000
0.117858	0.000000
0.117858	0.000000
0.224469	0.000000
0.224469	0.000000
0.224469	0.000000
0.224469	0.000000
0.224469	0.000000
0.224469	0.000000
0.224469	0.000000
0.224469	0.000000
0.224469	0.000000
0.130273	0.000000
0.130273	0.000000
0.130273	0.000000
0.130273	0.000000
0.130273	0.000000
0.130273	0.000000
0.130273	0.000000
0.236327	0.000000
0.236327	0.000000
0.236327	0.000000
0.236327	0.000000
0.236327	0.000000
0.236327	0.000000
0.236327	0.000000
0.236327	0.000000
0.081336	0.000000
0.081336	0.000000
0.081336	0.000000
0.081336	0.000000
0.081336	0.000000
0.081336	0.000000
0.081336	0.000000
0.132587	0.000000
0.132587	0.000000
0.132587	0.000000
0.132587	0.000000
0.132587	0.000000
0.132587	0.000000
0.132587	0.000000
0.132587	0.000000
0.221501	0.000000
0.221501	0.000000
0.221501	0.000000
0.221501	0.000000
0.221501	0.000000
0.221501	0.000000
0.221501	0.000000
0.221501	0.000000
0.067905	0.000000
0.067905	0.000000
0.067905	0.000000
0.067905	0.000000
0.067905	0.000000
0.067905	0.000000
0.067905	0.000000
0.067905	0.000000
0.067905	0.000000
0.073673	0.000000
0.073673	0.000000
0.073673	0.000000
0.073673	0.000000
0.073673	0.000000
0.073673	0.000000
0.073673	0.000000
0.073673	0.000000
0.122014	0.000000
0.122014	0.000000
0.122014	0.000000
0.122014	0.000000
0.122014	0.000000
0.122014	0.000000
0.122014	0.000000
0.122014	0.000000
0.122014	0.000000
0.122014	0.000000
0.122014	0.000000
0.232294	0.000000
0.232294	0.000000
0.232294	0.000000
0.232294	0.000000
0.232294	0.000000
0.232294	0.000000
0.232294	0.000000
0.232294	0.000000
0.073726	0.000000
0.073726	0.000000
0.073726	0.000000
0.073726	0.000000
0.073726	0.000000
0.073726	0.000000
0.073726	0.000000
0.073726	0.000000
0.115755	0.316992
0.115755	0.316992
0.115755	0.316992
0.115755	0.000000
0.115755	0.000000
0.115755	0.000000
0.115755	0.000000
0.115755	0.000000
0.195346	0.316992
0.195346	0.000000
0.195346	0.316992
0.195346	0.316992
0.195346	0.316992
0.195346	0.316992
0.195346	0.000000
0.195346	0.321437
0.082179	0.000000
0.082179	0.620376
0.082179	0.511794
0.082179	0.554398
0.082179	0.000000
0.082179	0.000000
0.082179	0.000000
0.082179	0.000000
0.082179	0.000000
0.112226	0.443715
0.112226	0.419161
0.112226	0.369431
0.112226	0.000000
0.112226	0.000000
0.112226	0.000000
0.112226	0.000000
0.112226	0.000000
0.277228	0.316992
0.277228	0.316992
0.277228	0.316992
0.277228	0.316992
0.277228	0.316992
0.277228	0.316992
0.277228	0.316992
0.277228	0.316992
0.277228	0.316992
0.277228	0.316992
0.277228	0.316992
0.201816	0.316992
0.201816	0.316992
0.201816	0.316992
0.201816	0.000000
0.201816	0.000000
0.201816	0.656323
0.201816	0.000000
0.201816	0.000000
0.201816	0.000000
0.207499	0.316992
0.207499	0.000000
0.207499	0.316992
0.207499	0.000000
0.207499	0.000000
0.207499	0.000000
0.207499	0.000000
0.207499	0.000000
0.207499	0.000000
0.207499	0.000000
0.202298	0.316992
0.202298	0.316992
0.202298	0.316992
0.202298	0.000000
0.133057	0.316992
0.133057	0.000000
0.133057	0.000000
0.133057	0.000000
0.120088	0.316992
0.120088	0.000000
0.120088	0.316992
0.120088	0.316992
0.120088	0.316992
0.120088	0.316992
0.120088	0.000000
0.199115	0.786890
0.199115	0.470383
0.199115	0.579993
0.199115	0.843259
0.199115	0.965080
0.199115	0.535618
0.199115	0.000000
0.199115	0.000000
0.163260	0.316992
0.163260	0.316992
0.163260	0.316992
0.163260	0.761091
0.163260	0.316992
0.163260	0.316992
0.163260	0.316992
0.163260	0.000000
0.195458	0.647144
0.195458	0.756746
0.195458	0.756762
0.195458	0.717292
0.195458	0.945582
0.195458	0.000000
0.195458	0.000000
0.195458	0.000000
0.195458	0.000000
0.195458	0.000000
0.160159	0.316992
0.160159	0.316992
0.160159	0.316992
0.160159	0.316992
0.160159	0.000000
0.160159	0.316992
0.160159	0.000000
0.160159	0.316992
0.160159	0.000000
0.160159	0.316992
0.160159	0.316992
0.160159	0.000000
0.128228	0.316992
0.128228	0.316992
0.128228	0.316992
0.128228	0.316992
0.128228	0.316992
0.128228	0.316992
0.128228	0.316992
0.128228	0.316992
0.578592	0.947914
0.578592	0.942921
0.578592	0.957767
0.578592	0.931305
0.578592	0.000000
0.578592	0.993576
0.578592	0.000000
0.578592	0.000000
0.578592	0.000000
0.330445	0.663089
0.330445	0.000000
0.330445	0.000000
0.330445	0.000000
0.330445	0.000000
0.330445	0.000000
0.330445	0.000000
0.330445	0.000000
0.330445	0.000000
0.307990	0.537029
0.307990	0.000000
0.307990	0.588629
0.307990	0.000000
0.307990	0.586151
0.307990	0.000000
0.307990	0.526026
0.307990	0.836996
0.307990	0.633537
0.334051	0.316992
0.334051	0.316992
0.334051	0.316992
0.334051	0.000000
0.334051	0.316992
0.334051	0.316992
0.334051	0.316992
0.334051	0.000000
0.201531	0.316992
0.201531	0.000000
0.201531	0.000000
0.201531	0.000000
0.696530	0.316992
0.696530	0.000000
0.696530	0.000000
0.696530	0.000000
0.696530	0.967660
0.696530	0.316992
0.696530	0.670499
0.696530	0.000000
