Ground Truth	Predictions
0.082802	0.000000
0.082802	0.000000
0.082802	0.000000
0.082802	0.000000
0.055017	0.000000
0.055017	0.000000
0.055017	0.000000
0.055017	0.000000
0.055017	0.000000
0.055017	0.000000
0.090563	0.000000
0.090563	0.000000
0.090563	0.000000
0.090563	0.000000
0.090563	0.000000
0.196236	0.000000
0.196236	0.000000
0.196236	0.000000
0.196236	0.000000
0.196236	0.000000
0.196236	0.000000
0.196236	0.000000
0.124425	0.000000
0.124425	0.000000
0.124425	0.000000
0.124425	0.000000
0.124425	0.000000
0.124425	0.000000
0.124425	0.000000
0.124425	0.000000
0.124425	0.000000
0.091979	0.000000
0.091979	0.000000
0.091979	0.000000
0.091979	0.000000
0.091979	0.000000
0.091979	0.000000
0.091979	0.000000
0.091979	0.000000
0.091979	0.000000
0.091979	0.000000
0.091979	0.000000
0.091979	0.000000
0.078650	0.000000
0.078650	0.000000
0.078650	0.000000
0.078650	0.000000
0.078650	0.000000
0.078650	0.000000
0.078650	0.000000
0.078650	0.000000
0.254359	0.000000
0.254359	0.000000
0.254359	0.000000
0.254359	0.000000
0.254359	0.000000
0.254359	0.000000
0.254359	0.000000
0.254359	0.000000
0.254359	0.000000
0.126660	0.000000
0.126660	0.000000
0.126660	0.000000
0.126660	0.000000
0.126660	0.000000
0.126660	0.000000
0.126660	0.000000
0.126660	0.000000
0.126660	0.000000
0.126660	0.000000
0.063622	0.000000
0.063622	0.000000
0.063622	0.000000
0.063622	0.000000
0.063622	0.000000
0.063622	0.000000
0.063622	0.000000
0.063622	0.000000
0.063622	0.000000
0.063622	0.000000
0.063622	0.000000
0.065069	0.000000
0.065069	0.000000
0.065069	0.000000
0.065069	0.000000
0.065069	0.000000
0.065069	0.000000
0.192926	0.000000
0.192926	0.000000
0.192926	0.000000
0.192926	0.000000
0.192926	0.000000
0.192926	0.000000
0.192926	0.000000
0.192926	0.000000
0.192926	0.000000
0.070940	0.000000
0.070940	0.000000
0.070940	0.000000
0.070940	0.000000
0.070940	0.000000
0.070940	0.000000
0.070940	0.000000
0.070940	0.000000
0.070940	0.000000
0.070940	0.000000
0.070940	0.000000
0.223839	0.000000
0.223839	0.000000
0.223839	0.000000
0.223839	0.000000
0.223839	0.000000
0.223839	0.000000
0.110208	0.000000
0.110208	0.000000
0.110208	0.000000
0.110208	0.000000
0.110208	0.000000
0.110208	0.000000
0.110208	0.000000
0.110538	0.000000
0.110538	0.000000
0.110538	0.000000
0.110538	0.000000
0.110538	0.000000
0.110538	0.000000
0.066253	0.000000
0.066253	0.000000
0.066253	0.000000
0.066253	0.000000
0.066253	0.000000
0.066253	0.000000
0.066253	0.000000
0.328076	0.000000
0.328076	0.000000
0.328076	0.000000
0.328076	0.000000
0.328076	0.000000
0.328076	0.000000
0.328076	0.000000
0.328076	0.000000
0.158927	0.000000
0.158927	0.000000
0.158927	0.000000
0.158927	0.000000
0.158927	0.000000
0.158927	0.000000
0.150457	0.000000
0.150457	0.000000
0.150457	0.000000
0.150457	0.000000
0.150457	0.000000
0.150457	0.000000
0.150457	0.000000
0.150457	0.000000
0.232974	0.000671
0.232974	0.001110
0.232974	0.001492
0.232974	0.000619
0.232974	0.000000
0.232974	0.000000
0.232974	0.000000
0.232974	0.000000
0.232974	0.000000
0.350890	0.000000
0.350890	0.000163
0.350890	0.000000
0.350890	0.000000
0.350890	0.000000
0.350890	0.000000
0.350890	0.000000
0.350890	0.000000
0.350890	0.000000
0.279466	0.000000
0.279466	0.000000
0.279466	0.000000
0.279466	0.000000
0.279466	0.000000
0.279466	0.000000
0.279466	0.000000
0.279466	0.000000
0.279466	0.000000
0.279466	0.000000
0.279466	0.000000
0.309046	0.000000
0.309046	0.000000
0.309046	0.000000
0.309046	0.000000
0.309046	0.000000
0.309046	0.000000
0.309046	0.000000
0.309046	0.000000
0.631190	0.000000
0.631190	0.000000
0.631190	0.000000
0.631190	0.000001
0.631190	0.295677
0.631190	0.000000
0.631190	0.000000
0.631190	0.000000
0.636599	0.000000
0.636599	0.000000
0.636599	0.000000
0.636599	0.000000
0.636599	0.000000
0.636599	0.000000
0.636599	0.000000
0.636599	0.000000
0.636599	0.000000
0.636599	0.000000
0.636599	0.000000
0.611801	0.000000
0.611801	0.000000
0.611801	0.000000
0.611801	0.000000
0.611801	0.000000
0.611801	0.000000
0.728249	0.000000
0.728249	0.000000
0.728249	0.000000
0.728249	0.000000
0.728249	0.000013
0.728249	0.000000
0.728249	0.000000
0.728249	0.000000
0.656459	0.000000
0.656459	0.000000
0.656459	0.000000
0.656459	0.000000
0.656459	0.000000
0.367267	0.000000
0.367267	0.000000
0.367267	0.000000
0.367267	0.000000
0.367267	0.000000
0.367267	0.000000
0.355981	0.000000
0.355981	0.000000
0.355981	0.000000
0.355981	0.000000
0.355981	0.000000
0.355981	0.000000
0.355981	0.000000
0.355981	0.000000
0.355981	0.000000
0.211112	0.000000
0.211112	0.000000
0.211112	0.000000
0.211112	0.000000
0.211112	0.000000
0.211112	0.000000
0.211112	0.000000
0.211112	0.000000
0.211112	0.000000
0.372852	0.000000
0.372852	0.000000
0.372852	0.000000
0.372852	0.000000
0.372852	0.000000
0.372852	0.000000
0.372852	0.000000
0.166332	0.000000
0.166332	0.000000
0.166332	0.000000
0.166332	0.000000
0.166332	0.000000
0.166332	0.000000
0.149145	0.000000
0.149145	0.000000
0.149145	0.000000
0.149145	0.000000
0.149145	0.000000
0.149145	0.000000
0.149145	0.000000
0.149145	0.000000
0.149145	0.000000
0.149145	0.000000
0.149145	0.000000
0.047154	0.000000
0.047154	0.000000
0.047154	0.000000
0.047154	0.000000
0.047154	0.000000
0.047154	0.000000
0.047154	0.000000
0.222478	0.000000
0.222478	0.000000
0.222478	0.000000
0.222478	0.000000
0.222478	0.000000
0.222478	0.000000
0.222478	0.000000
0.222478	0.000000
0.222478	0.000000
0.222478	0.000000
0.222478	0.000000
0.075883	0.000000
0.075883	0.000000
0.075883	0.000000
0.075883	0.000000
0.075883	0.000000
0.075883	0.000000
0.075883	0.000000
0.075883	0.000000
0.067376	0.000000
0.067376	0.000000
0.067376	0.000000
0.067376	0.000000
0.067376	0.000000
0.067376	0.000000
0.067376	0.000000
0.067376	0.000000
0.067376	0.000000
0.067376	0.000000
0.067376	0.000000
0.064899	0.000000
0.064899	0.000000
0.064899	0.000000
0.064899	0.000000
0.064899	0.000000
0.064899	0.000000
0.064899	0.000000
0.064899	0.000000
0.064899	0.000000
0.066154	0.000000
0.066154	0.000000
0.066154	0.000000
0.066154	0.000000
0.066154	0.000000
0.066154	0.000000
0.066154	0.000000
0.066154	0.000000
0.066154	0.000000
0.088403	0.000000
0.088403	0.000000
0.088403	0.000000
0.088403	0.000000
0.088403	0.000000
0.088403	0.000000
0.088403	0.000000
0.088403	0.000000
0.147451	0.000000
0.147451	0.000000
0.147451	0.000000
0.147451	0.000000
0.147451	0.000000
0.147451	0.000000
0.147451	0.000000
0.041782	0.000000
0.041782	0.000000
0.041782	0.000000
0.041782	0.000000
0.041782	0.000000
0.041782	0.000000
0.041782	0.000000
0.189333	0.000000
0.189333	0.000000
0.189333	0.000000
0.189333	0.000000
0.189333	0.000000
0.189333	0.000000
0.189333	0.000000
0.189333	0.000000
0.189333	0.000000
0.189333	0.000000
0.189333	0.000000
0.134735	0.000000
0.134735	0.000000
0.134735	0.000000
0.134735	0.000000
0.134735	0.000000
0.134735	0.000000
0.134735	0.000000
0.134735	0.000000
0.046143	0.000000
0.046143	0.000000
0.046143	0.000000
0.046143	0.000000
0.046143	0.000000
0.105882	0.000000
0.105882	0.000000
0.105882	0.000000
0.105882	0.000000
0.105882	0.000000
0.105882	0.000000
0.105882	0.000000
0.105882	0.000000
0.228841	0.000000
0.228841	0.000000
0.228841	0.000000
0.228841	0.000000
0.228841	0.000000
0.228841	0.000000
0.228841	0.000000
0.228841	0.000000
0.124114	0.000000
0.124114	0.000000
0.124114	0.000000
0.124114	0.000000
0.124114	0.000000
0.124114	0.000000
0.124114	0.000000
0.124114	0.000000
0.061603	0.000000
0.061603	0.000000
0.061603	0.000000
0.061603	0.000000
0.061603	0.000000
0.061603	0.000000
0.061603	0.000000
0.061603	0.000000
0.061603	0.000000
0.071067	0.000000
0.071067	0.000000
0.071067	0.000000
0.071067	0.000000
0.071067	0.000000
0.071067	0.000000
0.071067	0.000000
0.071067	0.000000
0.071067	0.000000
0.053751	0.000000
0.053751	0.000000
0.053751	0.000000
0.053751	0.000000
0.053751	0.000000
0.053751	0.000000
0.053751	0.000000
0.053751	0.000000
0.096646	0.000000
0.096646	0.000000
0.096646	0.000000
0.096646	0.000000
0.096646	0.000000
0.096646	0.000000
0.096646	0.000000
0.096646	0.000000
0.030837	0.000000
0.030837	0.000000
0.030837	0.000000
0.030837	0.000000
0.030837	0.000000
0.030837	0.000000
0.030837	0.000000
0.030837	0.000000
0.048507	0.000000
0.048507	0.000000
0.048507	0.000000
0.048507	0.000000
0.048507	0.000000
0.048507	0.000000
0.048507	0.000000
0.048507	0.000000
0.037265	0.000002
0.037265	0.000000
0.037265	0.000000
0.037265	0.000000
0.037265	0.000000
0.037265	0.000000
0.037265	0.097812
0.031556	0.000000
0.031556	0.000018
0.031556	0.000770
0.031556	0.000327
0.031556	0.000000
0.031556	0.000000
0.031556	0.000000
0.031556	0.000000
0.046755	0.000000
0.046755	0.000000
0.046755	0.295677
0.046755	0.000000
0.046755	0.000000
0.046755	0.000000
0.046755	0.000000
0.046755	0.295677
0.046755	0.000000
0.046755	0.000000
0.046755	0.000000
0.111471	0.000000
0.111471	0.000000
0.111471	0.000000
0.111471	0.000000
0.111471	0.000000
0.111471	0.204903
0.111471	0.000015
0.095601	0.000000
0.095601	0.000000
0.095601	0.000000
0.095601	0.000000
0.095601	0.000000
0.095601	0.000000
0.095601	0.000000
0.095601	0.000000
0.093887	0.000000
0.093887	0.000000
0.093887	0.000000
0.093887	0.000000
0.093887	0.000000
0.093887	0.000000
0.239619	0.000001
0.239619	0.000000
0.239619	0.000001
0.239619	0.000000
0.239619	0.000000
0.239619	0.000007
0.239619	0.000000
0.124096	0.017530
0.124096	0.000000
0.124096	0.017507
0.124096	0.036520
0.124096	0.000000
0.124096	0.000000
0.124096	0.000000
0.201911	0.000293
0.201911	0.000000
0.201911	0.000102
0.201911	0.000015
0.201911	0.000159
0.201911	0.000000
0.095428	0.000000
0.095428	0.000000
0.095428	0.000000
0.095428	0.000000
0.095428	0.000000
0.095428	0.000000
0.095428	0.000000
0.087050	0.000037
0.087050	0.003099
0.087050	0.000745
0.087050	0.004412
0.087050	0.000000
0.087050	0.000000
0.087050	0.000000
0.087050	0.000000
0.087050	0.000000
0.058943	0.000000
0.058943	0.000000
0.058943	0.000000
0.058943	0.000000
0.058943	0.000000
0.058943	0.000000
0.058943	0.000000
0.058943	0.000000
0.077209	0.000000
0.077209	0.000000
0.077209	0.000000
0.077209	0.000000
0.077209	0.000000
0.077209	0.000000
0.077209	0.000000
0.082626	0.000000
0.082626	0.000000
0.082626	0.000000
0.082626	0.000000
0.082626	0.000000
0.082626	0.000000
0.082626	0.000000
0.082626	0.000000
0.082626	0.000000
0.093998	0.000000
0.093998	0.000000
0.093998	0.000000
0.093998	0.000000
0.093998	0.000000
0.093998	0.000000
0.049874	0.000000
0.049874	0.000000
0.049874	0.000000
0.049874	0.000000
0.049874	0.000000
0.049874	0.000000
0.049874	0.000000
0.049874	0.000000
0.049874	0.000000
0.049874	0.000000
0.049874	0.000000
0.049874	0.000000
0.049874	0.000000
0.049874	0.000000
0.150765	0.000000
0.150765	0.000000
0.150765	0.000000
0.150765	0.000000
0.150765	0.000000
0.150765	0.000000
0.150765	0.000000
0.150765	0.000000
0.150765	0.000000
0.150765	0.000000
0.150765	0.000000
0.150765	0.000000
0.100971	0.000000
0.100971	0.000000
0.100971	0.000000
0.100971	0.000000
0.100971	0.000000
0.100971	0.000000
0.100971	0.000000
0.045907	0.000000
0.045907	0.000000
0.045907	0.000000
0.045907	0.000000
0.045907	0.000000
0.045907	0.000000
0.045907	0.000000
0.045907	0.000000
0.045907	0.000000
0.140284	0.000000
0.140284	0.000000
0.140284	0.000000
0.140284	0.000000
0.140284	0.000000
0.140284	0.000000
0.119387	0.000000
0.119387	0.000000
0.119387	0.000000
0.119387	0.000000
0.119387	0.000000
0.119387	0.000000
0.119387	0.000000
0.119387	0.000000
0.085687	0.000000
0.085687	0.000000
0.085687	0.000000
0.085687	0.000000
0.085687	0.000000
0.085687	0.000000
0.085687	0.000000
0.085687	0.000000
0.068375	0.000000
0.068375	0.000000
0.068375	0.000000
0.068375	0.000000
0.068375	0.000000
0.068375	0.000000
0.068375	0.000000
0.068375	0.000000
0.176138	0.000000
0.176138	0.000000
0.176138	0.000000
0.176138	0.000000
0.176138	0.000000
0.176138	0.000000
0.176138	0.000000
0.176138	0.000000
0.107329	0.000000
0.107329	0.000000
0.107329	0.000000
0.107329	0.000000
0.107329	0.000000
0.107329	0.000000
0.107329	0.000000
0.107329	0.000000
0.094553	0.000000
0.094553	0.000000
0.094553	0.000000
0.094553	0.000000
0.094553	0.000000
0.094553	0.000000
0.094553	0.000000
0.094553	0.000000
0.094553	0.000000
0.104736	0.000000
0.104736	0.000000
0.104736	0.000000
0.104736	0.000000
0.104736	0.000000
0.104736	0.000000
0.104736	0.000000
0.104736	0.000000
0.104736	0.000000
0.104736	0.000000
0.104736	0.000000
0.079142	0.000000
0.079142	0.000000
0.079142	0.000000
0.079142	0.000000
0.079142	0.000000
0.079142	0.000000
0.079142	0.000000
0.079142	0.000000
0.049513	0.000000
0.049513	0.000000
0.049513	0.000000
0.049513	0.000000
0.049513	0.000000
0.049513	0.000000
0.049513	0.000000
0.049513	0.000000
0.137092	0.000000
0.137092	0.000000
0.137092	0.000000
0.137092	0.000000
0.137092	0.000000
0.137092	0.000000
0.137092	0.000000
0.137092	0.000000
0.137092	0.000000
0.263597	0.000000
0.263597	0.000000
0.263597	0.000000
0.263597	0.000000
0.263597	0.000000
0.263597	0.000000
0.263597	0.000000
0.263597	0.000000
0.292564	0.000000
0.292564	0.000000
0.292564	0.000000
0.292564	0.000000
0.292564	0.000000
0.292564	0.000000
0.292564	0.000000
0.108257	0.000000
0.108257	0.000000
0.108257	0.000000
0.108257	0.000000
0.108257	0.000000
0.108257	0.000000
0.108257	0.000000
0.108257	0.000000
0.108257	0.000000
0.135208	0.000000
0.135208	0.000000
0.135208	0.000000
0.135208	0.000000
0.135208	0.000000
0.135208	0.000000
0.135208	0.000000
0.135208	0.000000
0.097222	0.000000
0.097222	0.000000
0.097222	0.000000
0.097222	0.000000
0.097222	0.000000
0.097222	0.000000
0.097222	0.000000
0.097222	0.000000
0.097222	0.000000
0.097222	0.000000
0.023800	0.000023
0.023800	0.000050
0.023800	0.003546
0.023800	0.000445
0.023800	0.000000
0.023800	0.000000
0.023800	0.000000
0.023800	0.000000
0.023800	0.000000
0.023800	0.000000
0.023800	0.000000
0.152328	0.000000
0.152328	0.000000
0.152328	0.000000
0.152328	0.000000
0.152328	0.000000
0.152328	0.000000
0.152328	0.000000
0.221432	0.000000
0.221432	0.000000
0.221432	0.000000
0.221432	0.000000
0.221432	0.000000
0.221432	0.000000
0.221432	0.000000
0.221432	0.000000
0.115400	0.000000
0.115400	0.000000
0.115400	0.000000
0.115400	0.000000
0.115400	0.000000
0.115400	0.000000
0.155374	0.000000
0.155374	0.000000
0.155374	0.000000
0.155374	0.000000
0.155374	0.000000
0.155374	0.000000
0.155374	0.000000
0.155374	0.000000
0.155374	0.000000
0.091262	0.000000
0.091262	0.000000
0.091262	0.000000
0.091262	0.000000
0.091262	0.000000
0.091262	0.000000
0.091262	0.000000
0.091262	0.000000
0.091262	0.000000
0.091262	0.000000
0.091262	0.000000
0.197752	0.000000
0.197752	0.000000
0.197752	0.000000
0.197752	0.000000
0.197752	0.000000
0.197752	0.000000
0.197752	0.000000
0.061531	0.000000
0.061531	0.000000
0.061531	0.000000
0.061531	0.000000
0.061531	0.000000
0.061531	0.000000
0.061531	0.000000
0.061531	0.000000
0.088305	0.000000
0.088305	0.000000
0.088305	0.000000
0.088305	0.000000
0.088305	0.000000
0.079085	0.000000
0.079085	0.000000
0.079085	0.000000
0.079085	0.000000
0.079085	0.000000
0.079085	0.000000
0.079085	0.000000
0.079085	0.000000
0.098305	0.000000
0.098305	0.000000
0.098305	0.000000
0.098305	0.000000
0.098305	0.000000
0.098305	0.000000
0.098305	0.000000
0.137754	0.000000
0.137754	0.000000
0.137754	0.000000
0.137754	0.000000
0.137754	0.000000
0.137754	0.000000
0.137754	0.000000
0.068514	0.000000
0.068514	0.000000
0.068514	0.000000
0.068514	0.000000
0.068514	0.000000
0.068514	0.000000
0.068514	0.000000
0.068514	0.000000
0.120400	0.132935
0.120400	0.295677
0.120400	0.175556
0.120400	0.222928
0.120400	0.242627
0.120400	0.295677
0.120400	0.295677
0.120400	0.000000
0.120400	0.000000
0.120400	0.000000
0.120400	0.000000
0.045831	0.231827
0.045831	0.125736
0.045831	0.295677
0.045831	0.000000
0.045831	0.000000
0.045831	0.000000
0.045831	0.000000
0.045831	0.000000
0.088265	0.295677
0.088265	0.000000
0.088265	0.295677
0.088265	0.000000
0.088265	0.000000
0.088265	0.000000
0.088265	0.358218
0.088265	0.295677
0.088265	0.295677
0.088265	0.000000
0.088265	0.000000
0.175541	0.000320
0.175541	0.000541
0.175541	0.008952
0.175541	0.142634
0.175541	0.295677
0.175541	0.021986
0.175541	0.068647
0.175541	0.295677
0.175541	0.000113
0.175541	0.065918
0.146928	0.295677
0.146928	0.310728
0.146928	0.295677
0.146928	0.000000
0.146928	0.000000
0.146928	0.000000
0.146928	0.000000
0.146928	0.000000
0.065973	0.295677
0.065973	0.295677
0.065973	0.295677
0.065973	0.295677
0.065973	0.000000
0.065973	0.000000
0.065973	0.000000
0.065973	0.000000
0.086162	0.005517
0.086162	0.001007
0.086162	0.000707
0.086162	0.000098
0.086162	0.007972
0.086162	0.000042
0.086162	0.000407
0.217923	0.044519
0.217923	0.030432
0.217923	0.024495
0.217923	0.025073
0.217923	0.000000
0.217923	0.000000
0.217923	0.000000
0.339678	0.295677
0.339678	0.295677
0.339678	0.000000
0.339678	0.295677
0.339678	0.000000
0.339678	0.000000
0.339678	0.000000
0.167050	0.060498
0.167050	0.000000
0.167050	0.066168
0.167050	0.064148
0.167050	0.039940
0.167050	0.000000
0.167050	0.000000
0.089986	0.000107
0.089986	0.001182
0.089986	0.001420
0.089986	0.012303
0.089986	0.000604
0.089986	0.000032
0.089986	0.007567
0.089986	0.295677
0.217494	0.000185
0.217494	0.000306
0.217494	0.000733
0.217494	0.000453
0.217494	0.027693
0.402087	0.295677
0.402087	0.295677
0.402087	0.295677
0.402087	0.295677
0.402087	0.000000
0.402087	0.000000
0.402087	0.000000
0.402087	0.000000
0.402087	0.000000
0.133457	0.000000
0.133457	0.003954
0.133457	0.000196
0.133457	0.002281
0.140640	0.000000
0.140640	0.000000
0.140640	0.000000
0.140640	0.000000
0.140640	0.000000
0.140640	0.000000
0.140640	0.001544
0.223177	0.000002
0.223177	0.000003
0.223177	0.000032
0.223177	0.000040
0.223177	0.000000
0.223177	0.000020
0.223177	0.000000
0.223177	0.000000
0.267007	0.295677
0.267007	0.295677
0.267007	0.295677
0.267007	0.295677
0.267007	0.295677
0.267007	0.000000
0.267007	0.000000
0.267007	0.000000
0.267007	0.000000
0.095499	0.002134
0.095499	0.003656
0.095499	0.001212
0.095499	0.000761
0.095499	0.295677
0.095499	0.031483
0.095499	0.171566
0.095499	0.000410
0.095499	0.035654
0.095499	0.003861
0.095499	0.122159
0.095499	0.000000
0.064411	0.005186
0.064411	0.026947
0.064411	0.030618
0.064411	0.000000
0.064411	0.295677
0.064411	0.001077
0.064411	0.001864
0.064411	0.000000
0.064411	0.000000
0.069614	0.295677
0.069614	0.000000
0.069614	0.295677
0.069614	0.000000
0.069614	0.000000
0.069614	0.000000
0.069614	0.000000
0.069614	0.000000
0.121458	0.112760
0.121458	0.000000
0.121458	0.283924
0.121458	0.000000
0.121458	0.000000
0.121458	0.232076
0.121458	0.000000
0.039098	0.295677
0.039098	0.000000
0.039098	0.000000
0.039098	0.000000
0.039098	0.295677
0.039098	0.295677
0.039098	0.295677
0.039098	0.000000
0.039098	0.295677
0.039098	0.000000
0.039098	0.000000
0.039098	0.000000
0.050907	0.000000
0.050907	0.000000
0.050907	0.000000
0.050907	0.000007
0.052738	0.000000
0.052738	0.050337
0.052738	0.061810
0.052738	0.000000
0.052738	0.000000
0.052738	0.008306
0.052738	0.157264
0.052738	0.000000
0.054816	0.295677
0.054816	0.149489
0.054816	0.295677
0.054816	0.128119
0.054816	0.000000
0.054816	0.000000
0.054816	0.000000
0.054816	0.000000
0.041272	0.000298
0.041272	0.008850
0.041272	0.000056
0.041272	0.000028
0.041272	0.000000
0.041272	0.000000
0.041272	0.000000
0.053880	0.000000
0.053880	0.000000
0.053880	0.000000
0.053880	0.000000
0.053880	0.000000
0.053880	0.000000
0.053880	0.000000
0.058895	0.000000
0.058895	0.000000
0.058895	0.000000
0.058895	0.000000
0.058895	0.000000
0.058895	0.000000
0.087811	0.000005
0.087811	0.000146
0.087811	0.000018
0.087811	0.000071
0.087811	0.000065
0.087811	0.000016
0.087811	0.000047
0.087811	0.000000
0.062294	0.019599
0.062294	0.295677
0.062294	0.065614
0.062294	0.000000
0.062294	0.000000
0.062294	0.000000
0.062294	0.000000
0.062294	0.000000
0.062294	0.000000
0.080076	0.013151
0.080076	0.036476
0.080076	0.032271
0.080076	0.032796
0.080076	0.295677
0.080076	0.074162
0.080076	0.295677
0.080076	0.000000
0.130427	0.000000
0.130427	0.000000
0.130427	0.000000
0.130427	0.000000
0.130427	0.000000
0.130427	0.080167
0.130427	0.000000
0.130427	0.000000
0.077571	0.000399
0.077571	0.002538
0.077571	0.001242
0.077571	0.000418
0.077571	0.060810
0.077571	0.000000
0.077571	0.042545
0.077571	0.023594
0.077571	0.000491
0.020703	0.000000
0.020703	0.000000
0.020703	0.000000
0.020703	0.000000
0.020703	0.000000
0.020703	0.000000
0.020703	0.000000
0.020703	0.000000
0.020703	0.000000
0.020703	0.000000
0.020703	0.000000
0.020703	0.000000
0.092214	0.000000
0.092214	0.000000
0.092214	0.000000
0.092214	0.000000
0.092214	0.000000
0.092214	0.000000
0.092214	0.000000
0.092214	0.000000
0.092214	0.000000
0.092214	0.000000
0.092214	0.000000
0.064584	0.000000
0.064584	0.000000
0.064584	0.000000
0.064584	0.000000
0.064584	0.000000
0.064584	0.000000
0.064584	0.000000
0.064584	0.000000
0.093150	0.000938
0.093150	0.000642
0.093150	0.019120
0.093150	0.004455
0.093150	0.000000
0.093150	0.002254
0.093150	0.011636
0.093150	0.000000
0.079074	0.102385
0.079074	0.251277
0.079074	0.175959
0.079074	0.069362
0.079074	0.194748
0.079074	0.000000
0.079074	0.000000
0.079074	0.000000
0.079074	0.000000
0.079074	0.118155
0.079074	0.295677
0.122405	0.000000
0.122405	0.000000
0.122405	0.000000
0.122405	0.000000
0.122405	0.000000
0.122405	0.000000
0.122405	0.000000
0.122405	0.000000
0.122405	0.000000
0.122405	0.000000
0.122405	0.000000
0.089759	0.000000
0.089759	0.000000
0.089759	0.000001
0.089759	0.000000
0.089759	0.000000
0.089759	0.000013
0.089759	0.000001
0.089759	0.000001
0.089759	0.000006
0.089759	0.000002
0.089759	0.000002
0.089759	0.000249
0.051010	0.000000
0.051010	0.000000
0.051010	0.000000
0.051010	0.000000
0.051010	0.000000
0.051010	0.000000
0.051010	0.000000
0.051010	0.000000
0.174960	0.000000
0.174960	0.000000
0.174960	0.000000
0.174960	0.000000
0.174960	0.000000
0.174960	0.000000
0.110611	0.058423
0.110611	0.258349
0.110611	0.070788
0.110611	0.041351
0.110611	0.175583
0.110611	0.295677
0.110611	0.295677
0.110611	0.222033
0.110611	0.212810
0.110611	0.000000
0.110611	0.000000
0.036803	0.000000
0.036803	0.000000
0.036803	0.000000
0.036803	0.000000
0.036803	0.000000
0.036803	0.000000
0.036803	0.000000
0.036803	0.000000
0.115657	0.000000
0.115657	0.000000
0.115657	0.000000
0.115657	0.000000
0.115657	0.000000
0.115657	0.000000
0.094021	0.000000
0.094021	0.000000
0.094021	0.000000
0.094021	0.000000
0.094021	0.000000
0.094021	0.000000
0.094021	0.000000
0.094021	0.000000
0.168474	0.050857
0.168474	0.175502
0.168474	0.118079
0.168474	0.055683
0.168474	0.295677
0.168474	0.329990
0.168474	0.295677
0.168474	0.000000
0.168474	0.295677
0.168474	0.296820
0.168474	0.000000
0.150717	0.000000
0.150717	0.000000
0.150717	0.000000
0.150717	0.000000
0.150717	0.000000
0.150717	0.000000
0.150717	0.000000
0.150717	0.000000
0.152809	0.000000
0.152809	0.000000
0.152809	0.000000
0.152809	0.000000
0.152809	0.000000
0.152809	0.000000
0.152809	0.000000
0.152809	0.000000
0.062655	0.000000
0.062655	0.000000
0.062655	0.000000
0.062655	0.000000
0.062655	0.000000
0.062655	0.000000
0.062655	0.000000
0.062655	0.000000
0.140671	0.000000
0.140671	0.000002
0.140671	0.000001
0.140671	0.000000
0.140671	0.000572
0.140671	0.000000
0.140671	0.000000
0.140671	0.000000
0.187236	0.000000
0.187236	0.000000
0.187236	0.000000
0.187236	0.000000
0.187236	0.000069
0.187236	0.000019
0.187236	0.000000
0.187236	0.014486
0.187236	0.000000
0.188924	0.000000
0.188924	0.000000
0.188924	0.000000
0.188924	0.000000
0.188924	0.000000
0.188924	0.000000
0.188924	0.000000
0.188924	0.000000
0.188924	0.000000
0.188924	0.000000
0.133533	0.000000
0.133533	0.000000
0.133533	0.000000
0.133533	0.000000
0.133533	0.000000
0.133533	0.000000
0.133533	0.000000
0.079494	0.000000
0.079494	0.000000
0.079494	0.000000
0.079494	0.000000
0.079494	0.000000
0.079494	0.000000
0.079494	0.000000
0.079494	0.000000
0.378245	0.000000
0.378245	0.000000
0.378245	0.000000
0.378245	0.000000
0.378245	0.000000
0.378245	0.000000
0.378245	0.000000
0.378245	0.000000
0.198635	0.000000
0.198635	0.000000
0.198635	0.000000
0.198635	0.000000
0.198635	0.000000
0.198635	0.000000
0.198635	0.000000
0.198635	0.000000
0.198635	0.000000
0.198635	0.000000
0.198635	0.000000
0.173030	0.000000
0.173030	0.295677
0.173030	0.000000
0.173030	0.000000
0.173030	0.000000
0.173030	0.000000
0.173030	0.000000
0.173030	0.000000
0.279470	0.000000
0.279470	0.000000
0.279470	0.000000
0.279470	0.000000
0.279470	0.000000
0.279470	0.000000
0.279470	0.000000
0.210868	0.000000
0.210868	0.000000
0.210868	0.295677
0.210868	0.295677
0.210868	0.000000
0.210868	0.000000
0.210868	0.000000
0.210868	0.000000
0.210868	0.000000
0.080196	0.295677
0.080196	0.295677
0.080196	0.295677
0.080196	0.000000
0.080196	0.000000
0.080196	0.000000
0.080196	0.000000
0.080196	0.000000
0.080196	0.000000
0.080196	0.000000
0.302734	0.000000
0.302734	0.000000
0.302734	0.000000
0.302734	0.000000
0.302734	0.000000
0.302734	0.000000
0.302734	0.000000
0.302734	0.000000
0.108998	0.000000
0.108998	0.000000
0.108998	0.000000
0.108998	0.000000
0.082478	0.000003
0.082478	0.000000
0.082478	0.000001
0.082478	0.000046
0.082478	0.295677
0.082478	0.000010
0.136716	0.000000
0.136716	0.000000
0.136716	0.000000
0.136716	0.000000
0.136716	0.000000
0.136716	0.000000
0.136716	0.000000
0.136716	0.000000
0.112414	0.158122
0.112414	0.166413
0.112414	0.270653
0.112414	0.251487
0.112414	0.061345
0.112414	0.244574
0.112414	0.295677
0.112414	0.000000
0.332940	0.019906
0.332940	0.006950
0.332940	0.015481
0.332940	0.000000
0.332940	0.000000
0.332940	0.000000
0.332940	0.007970
0.255192	0.247172
0.255192	0.295677
0.255192	0.295677
0.255192	0.295677
0.255192	0.000000
0.255192	0.000000
0.255192	0.000000
0.255192	0.000000
0.028411	0.000000
0.028411	0.000000
0.028411	0.000000
0.028411	0.000000
0.028411	0.000000
0.028411	0.000000
0.097536	0.000007
0.097536	0.000000
0.097536	0.000000
0.097536	0.000000
0.097536	0.000000
0.097536	0.000000
0.097536	0.000000
0.097536	0.000000
0.029733	0.000000
0.029733	0.000000
0.029733	0.000000
0.029733	0.000000
0.029733	0.000000
0.029733	0.000000
0.029733	0.000000
0.048170	0.000000
0.048170	0.000000
0.048170	0.000000
0.048170	0.000000
0.048170	0.000000
0.048170	0.000000
0.128441	0.000000
0.128441	0.000003
0.128441	0.000001
0.128441	0.000001
0.128441	0.000000
0.128441	0.000000
0.128441	0.000000
0.128441	0.000000
0.128441	0.000000
0.033510	0.000000
0.033510	0.000000
0.033510	0.000000
0.033510	0.000000
0.033510	0.000000
0.033510	0.000000
0.033510	0.000000
0.045544	0.000000
0.045544	0.000000
0.045544	0.000000
0.045544	0.000000
0.045544	0.000000
0.045544	0.000000
0.045544	0.000000
0.042039	0.000000
0.042039	0.000000
0.042039	0.000000
0.042039	0.000000
0.042039	0.000000
0.042039	0.000000
0.042039	0.000000
0.042039	0.000000
0.042039	0.000000
0.040602	0.000000
0.040602	0.000061
0.040602	0.000001
0.040602	0.001741
0.040602	0.000000
0.040602	0.000000
0.040602	0.000000
0.040602	0.000000
0.057828	0.000000
0.057828	0.000000
0.057828	0.000000
0.057828	0.000000
0.057828	0.000000
0.045454	0.000000
0.045454	0.000000
0.045454	0.000000
0.045454	0.000000
0.045454	0.000000
0.045454	0.000000
0.045454	0.000000
0.045454	0.000000
0.045454	0.000000
0.045454	0.000000
0.045454	0.000000
0.045454	0.000000
0.019569	0.000000
0.019569	0.000000
0.019569	0.000000
0.019569	0.000000
0.019569	0.000000
0.019569	0.000000
0.019569	0.000000
0.019569	0.000000
0.033586	0.000000
0.033586	0.000000
0.033586	0.000000
0.033586	0.000000
0.033586	0.000000
0.033586	0.000000
0.033586	0.000000
0.033586	0.000000
0.049807	0.000000
0.049807	0.000000
0.049807	0.000000
0.049807	0.000000
0.049807	0.000000
0.073394	0.000000
0.073394	0.000000
0.073394	0.000000
0.073394	0.000000
0.073394	0.000000
0.073394	0.000000
0.073394	0.000000
0.073394	0.000000
0.073394	0.000000
0.064985	0.000000
0.064985	0.000000
0.064985	0.000000
0.064985	0.000000
0.064985	0.000000
0.064985	0.000000
0.064985	0.000000
0.064985	0.000000
0.137458	0.000000
0.137458	0.000000
0.137458	0.000000
0.137458	0.000000
0.137458	0.000000
0.137458	0.000000
0.137458	0.000000
0.137458	0.000000
0.049122	0.000000
0.049122	0.000000
0.049122	0.000000
0.049122	0.000000
0.049122	0.000000
0.049122	0.000000
0.046906	0.000000
0.046906	0.000000
0.046906	0.000006
0.046906	0.000000
0.046906	0.000000
0.046906	0.000000
0.046906	0.000000
0.046906	0.000000
0.062333	0.295677
0.062333	0.295677
0.062333	0.295677
0.062333	0.000000
0.062333	0.000000
0.062333	0.000000
0.062333	0.000000
0.062333	0.295677
0.062333	0.000000
0.045787	0.000000
0.045787	0.000000
0.045787	0.000001
0.045787	0.000000
0.045787	0.000000
0.045787	0.000002
0.045787	0.000000
0.045787	0.000000
0.045787	0.001691
0.045787	0.000000
0.045787	0.000000
0.045787	0.000000
0.097852	0.000000
0.097852	0.000000
0.097852	0.000000
0.097852	0.000000
0.097852	0.000000
0.097852	0.000000
0.097852	0.000000
0.097852	0.000000
0.097852	0.000000
0.097852	0.000000
0.097852	0.000000
0.097852	0.000000
0.013478	0.000000
0.013478	0.000000
0.013478	0.000000
0.013478	0.000000
0.013478	0.000000
0.013478	0.000000
0.013478	0.000000
0.013478	0.000000
0.052276	0.000000
0.052276	0.000000
0.052276	0.000000
0.052276	0.000000
0.052276	0.000000
0.168992	0.000000
0.168992	0.000000
0.168992	0.000000
0.168992	0.000000
0.168992	0.000000
0.168992	0.000000
0.112362	0.000000
0.112362	0.000000
0.112362	0.000000
0.112362	0.000000
0.112362	0.000000
0.112362	0.000000
0.112362	0.000000
0.200460	0.000000
0.200460	0.000000
0.200460	0.000000
0.200460	0.000000
0.200460	0.000000
0.200460	0.000000
0.200460	0.000000
0.200460	0.000000
0.048795	0.000000
0.048795	0.000000
0.048795	0.000000
0.048795	0.000000
0.048795	0.000000
0.048795	0.000000
0.048795	0.000000
0.048795	0.000000
0.090966	0.000000
0.090966	0.000000
0.090966	0.000000
0.090966	0.000000
0.090966	0.000000
0.090966	0.000000
0.090966	0.000000
0.090966	0.000000
0.090966	0.000000
0.040881	0.000000
0.040881	0.000000
0.040881	0.000000
0.040881	0.000000
0.040881	0.000000
0.040881	0.000000
0.040881	0.000000
0.040881	0.000000
0.033159	0.000000
0.033159	0.000000
0.033159	0.000000
0.033159	0.000000
0.033159	0.000000
0.033159	0.000000
0.033159	0.000000
0.033159	0.000000
0.033159	0.000000
0.073886	0.000000
0.073886	0.000000
0.073886	0.000000
0.073886	0.000000
0.073886	0.000000
0.073886	0.000000
0.073886	0.000000
0.073886	0.000000
0.073886	0.000000
0.036812	0.000000
0.036812	0.000000
0.036812	0.000000
0.036812	0.000000
0.036812	0.000000
0.036812	0.000000
0.036812	0.000000
0.036812	0.000000
0.049754	0.000001
0.049754	0.000000
0.049754	0.000000
0.049754	0.000000
0.049754	0.000000
0.049754	0.000000
0.049754	0.000000
0.049754	0.000000
0.046153	0.000000
0.046153	0.000000
0.046153	0.000000
0.046153	0.000000
0.046153	0.000000
0.056536	0.000000
0.056536	0.000000
0.056536	0.000000
0.056536	0.000000
0.056536	0.000000
0.021490	0.002493
0.021490	0.000000
0.021490	0.000000
0.021490	0.002475
0.021490	0.000000
0.021490	0.000000
0.021490	0.000000
0.021490	0.000000
0.030724	0.000000
0.030724	0.000000
0.030724	0.000000
0.030724	0.000000
0.030724	0.000000
0.030724	0.000000
0.032266	0.000000
0.032266	0.000000
0.032266	0.006558
0.032266	0.000000
0.032266	0.000000
0.032266	0.000000
0.032266	0.000000
0.032266	0.000000
0.032266	0.000000
0.056811	0.000041
0.056811	0.000007
0.056811	0.000139
0.056811	0.060801
0.056811	0.000000
0.056811	0.000000
0.056811	0.000000
0.056811	0.000000
0.056811	0.000000
0.060771	0.000000
0.060771	0.000000
0.060771	0.000000
0.060771	0.000000
0.060771	0.000000
0.060771	0.000000
0.060771	0.000000
0.075072	0.000000
0.075072	0.000000
0.075072	0.000000
0.075072	0.000000
0.075072	0.000000
0.075072	0.000000
0.075072	0.000000
0.075072	0.000000
0.117545	0.000000
0.117545	0.000000
0.117545	0.000000
0.117545	0.000000
0.117545	0.000000
0.117545	0.000000
0.117545	0.000000
0.117545	0.000000
0.117545	0.000000
0.117545	0.000000
0.058116	0.000000
0.058116	0.000000
0.058116	0.000000
0.058116	0.000000
0.058116	0.000000
0.058116	0.000000
0.058116	0.000000
0.058116	0.000000
0.106694	0.000984
0.106694	0.000002
0.106694	0.000022
0.106694	0.020580
0.106694	0.000116
0.106694	0.000000
0.106694	0.000000
0.053789	0.041866
0.053789	0.028490
0.053789	0.055376
0.053789	0.019564
0.053789	0.035122
0.053789	0.057181
0.053789	0.295677
0.053789	0.078204
0.053789	0.148662
0.053789	0.018853
0.053789	0.045770
0.053789	0.240198
0.078782	0.000000
0.078782	0.000000
0.078782	0.000000
0.078782	0.000000
0.078782	0.000000
0.078782	0.000000
0.078782	0.000000
0.077951	0.000000
0.077951	0.000000
0.077951	0.000000
0.077951	0.000000
0.077951	0.000000
0.077951	0.000001
0.077951	0.000000
0.084869	0.000220
0.084869	0.000000
0.084869	0.000002
0.084869	0.000000
0.084869	0.000000
0.084869	0.000000
0.052597	0.002599
0.052597	0.049818
0.052597	0.030445
0.052597	0.047072
0.052597	0.002322
0.052597	0.017526
0.052597	0.124283
0.052597	0.000000
0.052597	0.114631
0.052597	0.000000
0.044952	0.000000
0.044952	0.000000
0.044952	0.000000
0.044952	0.000000
0.044952	0.000000
0.044952	0.000000
0.044952	0.000000
0.044952	0.000000
0.039057	0.000000
0.039057	0.000000
0.039057	0.000000
0.039057	0.000000
0.039057	0.000000
0.039057	0.000000
0.039057	0.000000
0.039057	0.000000
0.039057	0.000000
0.039057	0.000000
0.039057	0.000000
0.039057	0.000055
0.050610	0.002451
0.050610	0.126882
0.050610	0.009395
0.050610	0.011320
0.050610	0.000000
0.050610	0.056295
0.050610	0.000000
0.050610	0.047975
0.050610	0.000000
0.050610	0.283076
0.048641	0.000000
0.048641	0.000000
0.048641	0.000000
0.048641	0.000000
0.048641	0.000000
0.048641	0.000000
0.048641	0.000000
0.048641	0.000000
0.182501	0.000000
0.182501	0.000000
0.182501	0.000000
0.182501	0.000000
0.182501	0.000000
0.182501	0.000000
0.182501	0.000000
0.182501	0.000000
0.062759	0.000000
0.062759	0.000000
0.062759	0.000000
0.062759	0.000000
0.062759	0.000000
0.062759	0.000000
0.062759	0.000000
0.062759	0.000000
0.062759	0.000000
0.062759	0.000000
0.062759	0.000000
0.135359	0.000027
0.135359	0.000142
0.135359	0.000813
0.135359	0.007139
0.135359	0.015531
0.135359	0.000157
0.135359	0.008508
0.135359	0.000000
0.135359	0.000000
0.103071	0.000000
0.103071	0.000000
0.103071	0.000000
0.103071	0.000000
0.103071	0.000000
0.103071	0.000000
0.103071	0.000000
0.103071	0.000000
0.185737	0.000000
0.185737	0.000000
0.185737	0.000000
0.185737	0.000000
0.185737	0.000000
0.185737	0.000000
0.185737	0.000000
0.185737	0.000000
0.185737	0.000000
0.185737	0.000000
0.185737	0.000000
0.143705	0.000000
0.143705	0.000000
0.143705	0.000000
0.143705	0.000000
0.143705	0.000000
0.143705	0.000000
0.143705	0.000000
0.143705	0.000000
0.143705	0.000000
0.193436	0.000000
0.193436	0.000000
0.193436	0.000000
0.193436	0.000000
0.193436	0.255633
0.193436	0.000000
0.193436	0.000000
0.193436	0.000000
0.184791	0.000000
0.184791	0.000000
0.184791	0.000000
0.184791	0.000000
0.184791	0.000000
0.076648	0.000000
0.076648	0.000000
0.076648	0.000000
0.076648	0.000000
0.076648	0.000000
0.076648	0.000000
0.076648	0.000000
0.076648	0.000000
0.200600	0.000000
0.200600	0.000000
0.200600	0.000000
0.200600	0.000000
0.200600	0.000000
0.200600	0.000000
0.200600	0.000000
0.200600	0.000000
0.200600	0.000000
0.200600	0.000000
0.200600	0.000000
0.116561	0.000000
0.116561	0.000000
0.116561	0.000000
0.116561	0.000000
0.116561	0.000000
0.076444	0.000000
0.076444	0.000000
0.076444	0.000000
0.076444	0.000000
0.076444	0.000000
0.076444	0.000000
0.076444	0.000000
0.104853	0.000000
0.104853	0.000000
0.104853	0.000000
0.104853	0.000000
0.104853	0.000000
0.104853	0.000000
0.104853	0.000000
0.118382	0.000000
0.118382	0.000000
0.118382	0.000000
0.118382	0.000000
0.118382	0.000000
0.118382	0.000000
0.118382	0.000000
0.118382	0.000000
0.118382	0.000000
0.118225	0.000000
0.118225	0.000000
0.118225	0.000000
0.118225	0.000000
0.118225	0.000000
0.118225	0.000000
0.069460	0.000000
0.069460	0.000000
0.069460	0.000000
0.069460	0.000000
0.069460	0.000000
0.069460	0.000000
0.069460	0.000000
0.069460	0.000000
0.069460	0.000000
0.069460	0.000000
0.184367	0.000000
0.184367	0.000000
0.184367	0.000000
0.184367	0.000000
0.184367	0.000000
0.184367	0.000000
0.184367	0.000000
0.184367	0.000000
0.184367	0.000000
0.122808	0.000000
0.122808	0.000000
0.122808	0.000000
0.122808	0.000000
0.122808	0.000000
0.122808	0.000000
0.078971	0.000000
0.078971	0.000000
0.078971	0.000000
0.078971	0.000000
0.078971	0.000000
0.078971	0.000000
0.067098	0.000000
0.067098	0.000000
0.067098	0.000000
0.067098	0.000000
0.067098	0.000000
0.067098	0.000000
0.067098	0.000000
0.067098	0.000000
0.121278	0.000000
0.121278	0.000000
0.121278	0.000000
0.121278	0.000000
0.121278	0.000000
0.121278	0.000000
0.121278	0.000000
0.121278	0.000000
0.104015	0.000000
0.104015	0.000000
0.104015	0.000000
0.104015	0.000000
0.104015	0.000000
0.104015	0.000000
0.104015	0.000000
0.104015	0.000000
0.069781	0.000000
0.069781	0.000000
0.069781	0.000000
0.069781	0.000000
0.069781	0.000000
0.069781	0.000000
0.069781	0.000000
0.136143	0.000000
0.136143	0.000000
0.136143	0.000000
0.136143	0.000000
0.136143	0.000000
0.136143	0.000000
0.136143	0.000000
0.193853	0.000000
0.193853	0.000000
0.193853	0.000000
0.193853	0.000000
0.193853	0.000000
0.193853	0.000000
0.193853	0.000000
0.193853	0.000000
0.038891	0.000000
0.038891	0.000000
0.038891	0.000000
0.038891	0.000000
0.038891	0.000000
0.038891	0.000000
0.038891	0.000000
0.038891	0.000000
0.038891	0.000000
0.085917	0.000000
0.085917	0.000000
0.085917	0.000000
0.085917	0.000000
0.085917	0.000000
0.085917	0.000000
0.085917	0.000000
0.091155	0.000000
0.091155	0.000000
0.091155	0.000000
0.091155	0.000000
0.091155	0.000000
0.091155	0.000000
0.091155	0.000000
0.091155	0.000000
0.035111	0.000000
0.035111	0.000000
0.035111	0.000000
0.035111	0.000000
0.035111	0.000000
0.035111	0.000000
0.035111	0.000000
0.098092	0.000000
0.098092	0.000000
0.098092	0.000000
0.098092	0.000000
0.098092	0.000000
0.054673	0.000000
0.054673	0.000000
0.054673	0.000000
0.054673	0.000000
0.054673	0.000000
0.054673	0.000000
0.054673	0.000000
0.054673	0.000000
0.066968	0.000000
0.066968	0.000000
0.066968	0.000000
0.066968	0.000000
0.141415	0.000000
0.141415	0.000000
0.141415	0.295677
0.141415	0.000000
0.141415	0.000000
0.141415	0.000000
0.141415	0.000000
0.141415	0.000000
0.141415	0.000000
0.205760	0.000000
0.205760	0.295677
0.205760	0.295677
0.205760	0.295677
0.205760	0.000000
0.205760	0.295677
0.205760	0.000000
0.205760	0.000000
0.205760	0.000000
0.042833	0.003006
0.042833	0.000005
0.042833	0.000304
0.042833	0.002002
0.042833	0.000000
0.042833	0.059679
0.042833	0.000000
0.042833	0.000000
0.064133	0.000000
0.064133	0.000000
0.064133	0.000000
0.064133	0.000000
0.064133	0.000000
0.064133	0.000000
0.064133	0.000000
0.064133	0.000000
0.137269	0.000000
0.137269	0.000000
0.137269	0.000000
0.137269	0.000000
0.137269	0.000000
0.137269	0.000000
0.099026	0.000000
0.099026	0.000000
0.099026	0.000000
0.099026	0.000000
0.099026	0.000000
0.099026	0.000000
0.099026	0.000000
0.099026	0.000000
0.268523	0.000000
0.268523	0.000000
0.268523	0.000000
0.268523	0.000000
0.268523	0.000000
0.268523	0.000000
0.268523	0.000000
0.268523	0.000000
0.268523	0.000000
0.261136	0.000000
0.261136	0.000000
0.261136	0.000000
0.261136	0.000000
0.261136	0.000000
0.261136	0.000000
0.261136	0.000000
0.261136	0.000000
0.159220	0.000000
0.159220	0.000000
0.159220	0.000000
0.159220	0.000000
0.159220	0.000000
0.159220	0.000000
0.062335	0.000000
0.062335	0.000000
0.062335	0.000000
0.062335	0.000000
0.062335	0.000000
0.062335	0.000000
0.062335	0.000000
0.062335	0.000000
0.069334	0.000000
0.069334	0.000000
0.069334	0.000000
0.069334	0.000000
0.069334	0.000000
0.069334	0.000000
0.069334	0.000000
0.069334	0.000000
0.069334	0.000000
0.069334	0.000000
0.069334	0.000000
0.030147	0.000000
0.030147	0.000000
0.030147	0.000000
0.030147	0.000000
0.051964	0.000000
0.051964	0.000000
0.051964	0.000000
0.051964	0.000000
0.055829	0.000000
0.055829	0.000000
0.055829	0.000000
0.055829	0.000000
0.101091	0.000000
0.101091	0.000000
0.101091	0.000000
0.101091	0.000000
0.101091	0.000000
0.101091	0.000000
0.101091	0.000000
0.140424	0.000000
0.140424	0.000000
0.140424	0.000000
0.140424	0.000000
0.140424	0.000000
0.140424	0.000000
0.140424	0.000000
0.079206	0.000000
0.079206	0.000000
0.079206	0.000000
0.079206	0.000000
0.079206	0.000000
0.079206	0.000000
0.079206	0.000000
0.079206	0.000000
0.168461	0.295677
0.168461	0.000000
0.168461	0.295677
0.168461	0.000000
0.168461	0.000000
0.168461	0.000000
0.168461	0.000000
0.168461	0.000000
0.168461	0.000000
0.168461	0.000000
0.168461	0.000000
0.101002	0.000002
0.101002	0.000021
0.101002	0.000027
0.101002	0.000059
0.101002	0.008976
0.101002	0.003151
0.101002	0.000000
0.101002	0.000000
0.101002	0.000000
0.074183	0.000000
0.074183	0.000000
0.074183	0.000000
0.074183	0.000000
0.074183	0.000000
0.074183	0.000000
0.074183	0.000000
0.074183	0.000000
0.094217	0.021007
0.094217	0.000000
0.094217	0.051634
0.094217	0.000000
0.094217	0.000000
0.094217	0.000000
0.094217	0.000000
0.094217	0.000000
0.094217	0.000000
0.149228	0.137670
0.149228	0.295677
0.149228	0.242489
0.149228	0.295677
0.149228	0.295677
0.149228	0.000000
0.149228	0.000000
0.149228	0.275834
0.149228	0.000000
0.149228	0.000000
0.149228	0.000000
0.081156	0.000000
0.081156	0.000000
0.081156	0.000000
0.081156	0.000000
0.081156	0.000000
0.081156	0.000000
0.081156	0.000000
0.081156	0.000000
0.062111	0.000000
0.062111	0.000000
0.062111	0.000000
0.062111	0.000000
0.062111	0.000000
0.062111	0.000000
0.062111	0.000000
0.062111	0.000000
0.062111	0.000000
0.062111	0.000000
0.062111	0.000000
0.086933	0.000000
0.086933	0.000000
0.086933	0.000000
0.086933	0.000000
0.086933	0.000000
0.086933	0.000000
0.141389	0.000000
0.141389	0.000000
0.141389	0.000000
0.141389	0.000000
0.141389	0.000000
0.141389	0.000000
0.141389	0.000000
0.141389	0.000000
0.141389	0.000000
0.141389	0.000000
0.141389	0.000000
0.141389	0.000000
0.074945	0.000000
0.074945	0.000000
0.074945	0.000000
0.074945	0.000000
0.074945	0.000000
0.074945	0.000000
0.074945	0.000000
0.074945	0.000000
0.042108	0.000000
0.042108	0.000000
0.042108	0.000000
0.042108	0.000000
0.042108	0.000000
0.042108	0.000000
0.042108	0.000000
0.042108	0.000000
0.042108	0.000000
0.042108	0.000000
0.042108	0.000000
0.042108	0.000000
0.344889	0.000000
0.344889	0.000000
0.344889	0.000000
0.344889	0.000000
0.344889	0.000000
0.344889	0.000034
0.251860	0.000000
0.251860	0.000000
0.251860	0.000000
0.251860	0.000000
0.251860	0.000000
0.251860	0.000000
0.251860	0.000000
0.107257	0.000000
0.107257	0.000000
0.107257	0.000000
0.107257	0.000000
0.107257	0.000000
0.107257	0.000000
0.107257	0.000000
0.107257	0.000000
0.188987	0.000000
0.188987	0.000000
0.188987	0.000000
0.188987	0.000000
0.188987	0.000000
0.237885	0.000000
0.237885	0.000000
0.237885	0.000000
0.237885	0.000000
0.530307	0.000000
0.530307	0.000003
0.530307	0.000000
0.530307	0.000000
0.530307	0.000000
0.530307	0.000000
0.530307	0.000000
0.530307	0.000000
0.530307	0.000000
0.530307	0.000000
0.530307	0.000000
0.661113	0.000000
0.661113	0.000000
0.661113	0.000000
0.661113	0.000000
0.286627	0.000042
0.286627	0.000002
0.286627	0.000018
0.286627	0.000004
0.286627	0.000000
0.286627	0.000014
0.286627	0.000000
0.286627	0.000003
0.286627	0.000461
0.286627	0.000840
0.286627	0.000005
0.286627	0.000030
0.272098	0.000000
0.272098	0.060572
0.272098	0.000000
0.272098	0.000000
0.107026	0.000000
0.107026	0.000000
0.107026	0.000000
0.107026	0.000000
0.107026	0.000000
0.107026	0.000000
0.107026	0.000000
0.107026	0.000000
0.198540	0.000004
0.198540	0.000002
0.198540	0.000000
0.198540	0.000003
0.198540	0.000000
0.198540	0.000000
0.198540	0.000000
0.141862	0.000000
0.141862	0.000000
0.141862	0.000000
0.141862	0.000000
0.141862	0.000000
0.141862	0.000000
0.141862	0.000000
0.141862	0.000000
0.118565	0.000000
0.118565	0.000000
0.118565	0.000000
0.118565	0.000000
0.118565	0.000000
0.118565	0.000001
0.095472	0.295677
0.095472	0.295677
0.095472	0.295677
0.095472	0.295677
0.095472	0.295677
0.095472	0.295677
0.095472	0.000000
0.095472	0.295677
0.095472	0.000000
0.095472	0.000000
0.095472	0.000000
0.081887	0.000000
0.081887	0.000000
0.081887	0.000000
0.081887	0.000000
0.081887	0.000000
0.081887	0.000000
0.081887	0.000000
0.081887	0.000000
0.056941	0.000351
0.056941	0.006284
0.056941	0.003825
0.056941	0.295677
0.056941	0.001110
0.056941	0.040942
0.056941	0.000276
0.056941	0.037917
0.056941	0.000221
0.056941	0.295677
0.056941	0.034755
0.056941	0.000000
0.056214	0.000000
0.056214	0.000000
0.056214	0.000000
0.056214	0.000000
0.056214	0.000000
0.074405	0.240458
0.074405	0.227883
0.074405	0.295677
0.074405	0.275451
0.074405	0.295677
0.074405	0.295677
0.074405	0.000000
0.074405	0.295677
0.074405	0.000000
0.030181	0.000123
0.030181	0.000187
0.030181	0.000459
0.030181	0.000303
0.030181	0.000208
0.030181	0.003247
0.030181	0.000864
0.030181	0.001183
0.030181	0.000163
0.030181	0.000617
0.030181	0.000707
0.030181	0.000559
0.101879	0.000000
0.101879	0.000000
0.101879	0.000000
0.101879	0.000011
0.101879	0.000373
0.101879	0.000000
0.101879	0.000000
0.101879	0.000000
0.101879	0.000000
0.101879	0.000001
0.101879	0.000000
0.060558	0.295677
0.060558	0.210498
0.060558	0.295677
0.060558	0.000000
0.060558	0.295677
0.060558	0.295677
0.060558	0.000000
0.060558	0.000000
0.060558	0.000000
0.090327	0.000000
0.090327	0.000000
0.090327	0.000000
0.090327	0.000000
0.100436	0.027318
0.100436	0.028112
0.100436	0.042023
0.100436	0.038123
0.100436	0.000000
0.100436	0.203909
0.100436	0.254325
0.100436	0.000000
0.074851	0.000000
0.074851	0.000000
0.074851	0.000000
0.074851	0.000000
0.074851	0.000000
0.074851	0.000000
0.074851	0.000000
0.074851	0.000000
0.064965	0.000032
0.064965	0.000050
0.064965	0.001490
0.064965	0.003346
0.064965	0.000196
0.064965	0.000000
0.064965	0.000000
0.064965	0.000000
0.064965	0.000000
0.044705	0.000000
0.044705	0.000000
0.044705	0.000000
0.044705	0.000000
0.044705	0.000000
0.044705	0.000000
0.044705	0.000000
0.044705	0.000000
0.051672	0.000000
0.051672	0.000000
0.051672	0.000000
0.051672	0.000000
0.051672	0.000000
0.051672	0.000000
0.051672	0.000000
0.051672	0.000000
0.051672	0.000000
0.051672	0.000000
0.051672	0.000000
0.036214	0.000000
0.036214	0.000000
0.036214	0.000000
0.036214	0.000000
0.036214	0.000000
0.036214	0.000000
0.115464	0.000000
0.115464	0.000000
0.115464	0.000000
0.115464	0.000000
0.115464	0.000000
0.115464	0.000000
0.115464	0.000000
0.115464	0.000000
0.124755	0.000000
0.124755	0.000000
0.124755	0.000000
0.124755	0.000000
0.124755	0.000000
0.124755	0.000000
0.124755	0.000000
0.124755	0.000000
0.124755	0.000000
0.034930	0.000000
0.034930	0.000000
0.034930	0.000000
0.034930	0.000000
0.020249	0.000000
0.020249	0.000000
0.020249	0.000000
0.020249	0.000000
0.020249	0.000000
0.020249	0.000000
0.020249	0.000000
0.020249	0.000000
0.020249	0.000000
0.020249	0.000000
0.020249	0.000000
0.034910	0.000000
0.034910	0.000000
0.034910	0.000000
0.034910	0.000000
0.082565	0.000000
0.082565	0.000000
0.082565	0.000000
0.082565	0.000000
0.082565	0.000000
0.082565	0.000000
0.082565	0.000000
0.234982	0.000000
0.234982	0.000000
0.234982	0.000000
0.234982	0.000000
0.234982	0.000000
0.234982	0.000000
0.234982	0.000000
0.234982	0.000000
0.097326	0.000000
0.097326	0.000000
0.097326	0.000000
0.097326	0.000000
0.097326	0.000000
0.199186	0.000000
0.199186	0.000000
0.199186	0.000000
0.199186	0.000000
0.199186	0.000000
0.199186	0.000000
0.199186	0.000000
0.056707	0.000000
0.056707	0.000000
0.056707	0.000000
0.056707	0.000000
0.056707	0.000000
0.056707	0.000000
0.056707	0.000000
0.056707	0.000000
0.112858	0.000000
0.112858	0.000000
0.112858	0.000000
0.112858	0.000000
0.112858	0.000000
0.112858	0.000000
0.112858	0.000000
0.112858	0.000000
0.112858	0.000000
0.112858	0.000000
0.112858	0.000000
0.112858	0.000000
0.060470	0.000000
0.060470	0.000000
0.060470	0.000000
0.060470	0.000000
0.060470	0.000000
0.060470	0.000000
0.060470	0.000000
0.060470	0.000000
0.209876	0.069325
0.209876	0.000314
0.209876	0.010925
0.209876	0.295677
0.209876	0.055438
0.209876	0.001378
0.209876	0.042302
0.209876	0.000000
0.209876	0.000000
0.067607	0.000000
0.067607	0.000000
0.067607	0.000000
0.067607	0.000000
0.067607	0.000000
0.154181	0.044201
0.154181	0.023725
0.154181	0.035442
0.154181	0.034587
0.154181	0.081354
0.154181	0.053571
0.154181	0.000000
0.154181	0.000000
0.080383	0.000000
0.080383	0.000000
0.080383	0.000000
0.080383	0.000000
0.080383	0.000000
0.080383	0.000000
0.137001	0.000072
0.137001	0.000099
0.137001	0.000057
0.137001	0.000000
0.137001	0.000000
0.137001	0.000000
0.137001	0.000000
0.164846	0.216311
0.164846	0.000000
0.164846	0.295677
0.164846	0.000000
0.164846	0.000000
0.164846	0.000000
0.164846	0.000000
0.164846	0.000000
0.152098	0.000000
0.152098	0.000000
0.152098	0.000000
0.152098	0.000000
0.152098	0.000215
0.152098	0.000051
0.053703	0.000000
0.053703	0.000000
0.053703	0.000000
0.053703	0.000000
0.053703	0.000000
0.053703	0.000000
0.053703	0.000000
0.096067	0.040247
0.096067	0.027943
0.096067	0.045835
0.096067	0.000000
0.096067	0.025025
0.096067	0.005359
0.096067	0.056290
0.096067	0.148878
0.096067	0.143981
0.034871	0.295677
0.034871	0.000000
0.034871	0.295677
0.034871	0.295677
0.034871	0.295677
0.034871	0.000000
0.034871	0.000000
0.034871	0.000000
0.034871	0.000000
0.034871	0.000000
0.034871	0.000000
0.105546	0.000000
0.105546	0.000000
0.105546	0.000000
0.105546	0.000000
0.105546	0.000000
0.105546	0.000000
0.105546	0.000000
0.105546	0.000000
0.061320	0.000000
0.061320	0.000000
0.061320	0.000000
0.061320	0.077326
0.061320	0.000000
0.061320	0.000000
0.061320	0.000000
0.178949	0.000000
0.178949	0.000000
0.178949	0.000000
0.178949	0.000000
0.178949	0.000000
0.178949	0.000000
0.178949	0.000000
0.101585	0.000000
0.101585	0.000000
0.101585	0.000000
0.101585	0.000000
0.101585	0.000000
0.101585	0.000000
0.101585	0.000000
0.101585	0.000000
0.101585	0.000000
0.101585	0.000000
0.101585	0.000000
0.101585	0.000000
0.104403	0.000013
0.104403	0.002362
0.104403	0.000474
0.104403	0.000344
0.104403	0.045713
0.104403	0.000000
0.104403	0.000000
0.104403	0.000000
0.065161	0.295677
0.065161	0.295677
0.065161	0.295677
0.065161	0.295677
0.065161	0.000000
0.065161	0.000000
0.065161	0.000000
0.065161	0.000000
0.065161	0.000000
0.157095	0.039094
0.157095	0.000231
0.157095	0.003762
0.157095	0.002728
0.157095	0.000000
0.157095	0.000000
0.041807	0.000000
0.041807	0.000000
0.041807	0.000000
0.041807	0.000000
0.041807	0.000000
0.021871	0.000000
0.021871	0.000000
0.021871	0.000000
0.021871	0.000000
0.021871	0.000000
0.021871	0.000000
0.021871	0.000000
0.021871	0.000000
0.021871	0.000000
0.021871	0.000000
0.021871	0.000000
0.021871	0.000000
0.021871	0.000000
0.021871	0.000000
0.060185	0.295677
0.060185	0.295677
0.060185	0.295677
0.060185	0.000000
0.060185	0.000000
0.060185	0.000000
0.060185	0.000000
0.060185	0.000000
0.060185	0.000000
0.060185	0.000000
0.060185	0.000000
0.097061	0.278858
0.097061	0.000000
0.097061	0.295677
0.097061	0.000000
0.097061	0.000000
0.097061	0.295677
0.097061	0.000000
0.097061	0.295677
0.097061	0.000000
0.097061	0.000000
0.029082	0.000000
0.029082	0.000000
0.029082	0.000000
0.029082	0.000000
0.029082	0.049546
0.029082	0.000000
0.029082	0.000009
0.029082	0.003889
0.029082	0.000005
0.029082	0.000000
0.029082	0.000000
0.029082	0.000000
0.070379	0.295677
0.070379	0.000000
0.070379	0.000000
0.070379	0.000000
0.070379	0.000000
0.070379	0.000000
0.070379	0.295677
0.070379	0.000000
0.070379	0.000000
