Ground Truth	Predictions
0.422573	0.000000
0.422573	0.000000
0.422573	0.339938
0.422573	0.000000
0.422573	0.000000
0.422573	0.000000
0.422573	0.000000
0.422573	0.000000
0.311386	0.000000
0.311386	0.339938
0.311386	0.339938
0.311386	0.352927
0.311386	0.353555
0.311386	0.000000
0.311386	0.000000
0.311386	0.000000
0.147074	0.339938
0.147074	0.339938
0.147074	0.339938
0.147074	0.339938
0.147074	0.339938
0.147074	0.339938
0.147074	0.000000
0.147074	0.339938
0.147074	0.000000
0.100815	0.075231
0.100815	0.054841
0.100815	0.144934
0.100815	0.141067
0.100815	0.058157
0.100815	0.156441
0.100815	0.061858
0.100815	0.079478
0.100815	0.043301
0.100815	0.170083
0.100815	0.120013
0.153136	0.225285
0.153136	0.185916
0.153136	0.236277
0.153136	0.271014
0.153136	0.199592
0.153136	0.206076
0.153136	0.000000
0.153136	0.000000
0.153136	0.000000
0.153136	0.000000
0.153136	0.000000
0.090541	0.000000
0.090541	0.000000
0.090541	0.000000
0.090541	0.000000
0.090541	0.000000
0.090541	0.000000
0.090541	0.000000
0.275152	0.000026
0.275152	0.000016
0.275152	0.000283
0.275152	0.000758
0.275152	0.000000
0.275152	0.001032
0.275152	0.000000
0.275152	0.000000
0.275152	0.000000
0.260358	0.000000
0.260358	0.000000
0.260358	0.000000
0.260358	0.000000
0.221356	0.000000
0.221356	0.000000
0.221356	0.000000
0.221356	0.000000
0.221356	0.000000
0.221356	0.000000
0.221356	0.000000
0.158041	0.000000
0.158041	0.000000
0.158041	0.000000
0.158041	0.000000
0.158041	0.000000
0.158041	0.000000
0.158041	0.000000
0.240243	0.000000
0.240243	0.000018
0.240243	0.000033
0.240243	0.000000
0.240243	0.000000
0.240243	0.000001
0.240243	0.000000
0.240243	0.000016
0.240243	0.000040
0.240243	0.000000
0.240243	0.000000
0.133936	0.000000
0.133936	0.000000
0.133936	0.000000
0.133936	0.000000
0.133936	0.000000
0.133936	0.000000
0.133936	0.000000
0.133936	0.000000
0.101375	0.006507
0.101375	0.006553
0.101375	0.015021
0.101375	0.000000
0.101375	0.003678
0.101375	0.000000
0.101375	0.000000
0.101375	0.000000
0.101375	0.000000
0.125570	0.043840
0.125570	0.000000
0.125570	0.024089
0.125570	0.040601
0.152805	0.000000
0.152805	0.318067
0.152805	0.339938
0.152805	0.000000
0.152805	0.000000
0.152805	0.000000
0.152805	0.000000
0.152805	0.000000
0.152805	0.000000
0.063845	0.079839
0.063845	0.000000
0.063845	0.121013
0.063845	0.093072
0.063845	0.085971
0.063845	0.014042
0.063845	0.044132
0.132419	0.000000
0.132419	0.339938
0.132419	0.339938
0.132419	0.339938
0.132419	0.000000
0.132419	0.000000
0.132419	0.000000
0.076461	0.339938
0.076461	0.339938
0.076461	0.339938
0.076461	0.339938
0.076461	0.339938
0.076461	0.339938
0.076461	0.239952
0.076461	0.305169
0.113287	0.339938
0.113287	0.000000
0.113287	0.339938
0.113287	0.339938
0.113287	0.339938
0.113287	0.339938
0.066976	0.369291
0.066976	0.339938
0.066976	0.339938
0.066976	0.371205
0.196079	0.339938
0.196079	0.339938
0.196079	0.339938
0.196079	0.339938
0.196079	0.520425
0.258948	0.517842
0.258948	0.404016
0.258948	0.417068
0.258948	0.416851
0.258948	0.546809
0.258948	0.421184
0.258948	0.413742
0.258948	0.000000
0.258948	0.000000
0.245637	0.495140
0.245637	0.487281
0.245637	0.455900
0.245637	0.552588
0.245637	0.700619
0.245637	0.000000
0.245637	0.000000
0.245637	0.000000
0.089094	0.339938
0.089094	0.339938
0.089094	0.339938
0.089094	0.338511
0.089094	0.339938
0.072636	0.282665
0.072636	0.306653
0.072636	0.329832
0.072636	0.297180
0.072636	0.257763
0.112432	0.234143
0.112432	0.251628
0.112432	0.261781
0.112432	0.231082
0.112432	0.216552
0.112432	0.204282
0.112432	0.000000
0.112432	0.187651
0.052564	0.188652
0.052564	0.149912
0.052564	0.157000
0.052564	0.199341
0.052564	0.105853
0.052564	0.164903
0.052564	0.042105
0.032647	0.020498
0.032647	0.029586
0.032647	0.029979
0.032647	0.026567
0.032647	0.020984
0.032647	0.017975
0.032647	0.000362
0.032647	0.001818
0.060907	0.015677
0.060907	0.015180
0.060907	0.028128
0.060907	0.037217
0.060907	0.012866
0.060907	0.019808
0.060907	0.023607
0.060907	0.013526
0.094763	0.000627
0.094763	0.001102
0.094763	0.002872
0.094763	0.000952
0.094763	0.001531
0.094763	0.007764
0.094763	0.000257
0.094763	0.000900
0.094763	0.008880
0.094763	0.002664
0.094763	0.000576
0.046759	0.000004
0.046759	0.000028
0.046759	0.000009
0.046759	0.000031
0.046759	0.000004
0.060230	0.000002
0.060230	0.000010
0.060230	0.000012
0.060230	0.000019
0.060230	0.000002
0.063869	0.000000
0.063869	0.000000
0.063869	0.000000
0.063869	0.000000
0.063869	0.000000
0.063869	0.000000
0.063869	0.000000
0.063869	0.000000
0.043973	0.000000
0.043973	0.000000
0.043973	0.000000
0.043973	0.000000
0.043973	0.000000
0.043973	0.000000
0.043973	0.000000
0.043973	0.000000
0.057176	0.000000
0.057176	0.000000
0.057176	0.000000
0.057176	0.000000
0.057176	0.000000
0.082769	0.000091
0.082769	0.000069
0.082769	0.000731
0.082769	0.000000
0.082769	0.000000
0.082769	0.000000
0.082769	0.000000
0.082769	0.000000
0.082769	0.000000
0.140252	0.053924
0.140252	0.054988
0.140252	0.091440
0.140252	0.105882
0.140252	0.061095
0.140252	0.000000
0.140252	0.000000
0.140252	0.000000
0.140252	0.000000
0.102827	0.074518
0.102827	0.027669
0.102827	0.052309
0.102827	0.000000
0.102827	0.000000
0.102827	0.000000
0.102827	0.000000
0.075444	0.004789
0.075444	0.001598
0.075444	0.011008
0.075444	0.008132
0.075444	0.007710
0.075444	0.001311
0.075444	0.000052
0.068139	0.339938
0.068139	0.339938
0.068139	0.339938
0.068139	0.339938
0.068139	0.339938
0.068139	0.339938
0.068139	0.000000
0.068139	0.000000
0.068139	0.000000
0.038549	0.246702
0.038549	0.229399
0.038549	0.274464
0.038549	0.226657
0.038549	0.236970
0.038549	0.233679
0.038549	0.211360
0.038549	0.110573
0.090943	0.339938
0.090943	0.339938
0.090943	0.339938
0.090943	0.339938
0.090943	0.000000
0.090943	0.000000
0.090943	0.000000
0.090943	0.000000
0.090943	0.000000
0.112829	0.582910
0.112829	0.000000
0.112829	0.531360
0.112829	0.518965
0.112829	0.445394
0.112829	0.467888
0.112829	0.000000
0.112829	0.596605
0.169310	0.339938
0.169310	0.339938
0.169310	0.339938
0.169310	0.339938
0.169310	0.339938
0.169310	0.259406
0.169310	0.297582
0.164515	0.339938
0.164515	0.339938
0.164515	0.339938
0.164515	0.339938
0.164515	0.339938
0.164515	0.339938
0.164515	0.339938
0.374506	0.445366
0.374506	0.416614
0.374506	0.411570
0.374506	0.000000
0.374506	0.000000
0.374506	0.000000
0.374506	0.000000
0.374506	0.000000
0.374506	0.000000
0.207055	0.339938
0.207055	0.000000
0.207055	0.339938
0.207055	0.339938
0.207055	0.339938
0.207055	0.339938
0.207055	0.339938
0.207055	0.339938
0.372597	0.000000
0.372597	0.000000
0.372597	0.433480
0.372597	0.440279
0.372597	0.000000
0.372597	0.000000
0.372597	0.000000
0.372597	0.000000
0.372597	0.000000
0.301276	0.456885
0.301276	0.385295
0.301276	0.400549
0.301276	0.397689
0.301276	0.380055
0.301276	0.471365
0.301276	0.703181
0.301276	0.000000
0.195780	0.339938
0.195780	0.339938
0.195780	0.339938
0.195780	0.339938
0.195780	0.339938
0.195780	0.339938
0.195780	0.339938
0.195780	0.339938
0.278669	0.339938
0.278669	0.339938
0.278669	0.339938
0.278669	0.359330
0.278669	0.000000
0.278669	0.000000
0.278669	0.000000
0.278669	0.000000
0.168138	0.339938
0.168138	0.339938
0.168138	0.339938
0.168138	0.339938
0.168138	0.339938
0.168138	0.000000
0.168138	0.000000
0.045050	0.216485
0.045050	0.250775
0.045050	0.249547
0.045050	0.212515
0.045050	0.177580
0.045050	0.234557
0.045050	0.206685
0.233229	0.254916
0.233229	0.278385
0.233229	0.311335
0.233229	0.270031
0.233229	0.000000
0.233229	0.291716
0.233229	0.000000
0.233229	0.000000
0.191400	0.339938
0.191400	0.339938
0.191400	0.339938
0.191400	0.000000
0.191400	0.000000
0.191400	0.000000
0.191400	0.000000
0.191400	0.000000
0.191400	0.000000
0.100619	0.045675
0.100619	0.039958
0.100619	0.055937
0.100619	0.051359
0.100619	0.063513
0.100619	0.087344
0.100619	0.038002
0.100619	0.049852
0.062761	0.001097
0.062761	0.002124
0.062761	0.002529
0.062761	0.001048
0.062761	0.000191
0.062761	0.000994
0.062761	0.013284
0.062761	0.005398
0.155077	0.038068
0.155077	0.038943
0.155077	0.055534
0.155077	0.000000
0.155077	0.000000
0.155077	0.000000
0.155077	0.000000
0.337641	0.215365
0.337641	0.000000
0.337641	0.247310
0.337641	0.339938
0.337641	0.198286
0.337641	0.293071
0.337641	0.000000
0.337641	0.000000
0.337641	0.000000
0.076012	0.000004
0.076012	0.000002
0.076012	0.000031
0.076012	0.000004
0.076012	0.000005
0.076012	0.000006
0.076012	0.000034
0.076012	0.000004
0.151164	0.000142
0.151164	0.000000
0.151164	0.000000
0.151164	0.000000
0.067652	0.000396
0.067652	0.000331
0.067652	0.001644
0.067652	0.000000
0.067652	0.000010
0.067652	0.001541
0.067652	0.000003
0.114392	0.280820
0.114392	0.000000
0.114392	0.288498
0.114392	0.280021
0.114392	0.000000
0.114392	0.000000
0.114392	0.000000
0.114392	0.000000
0.114392	0.000000
0.151089	0.269057
0.151089	0.047311
0.151089	0.104094
0.151089	0.000000
0.151089	0.070478
0.151089	0.035530
0.151089	0.015203
0.107728	0.339938
0.107728	0.000000
0.107728	0.339938
0.107728	0.339938
0.107728	0.000000
0.107728	0.000000
0.107728	0.000000
0.107728	0.000000
0.107728	0.000000
0.268866	0.000000
0.268866	0.430844
0.268866	0.000000
0.268866	0.000000
0.268866	0.000000
0.268866	0.418987
0.268866	0.437288
0.268866	0.425883
0.268866	0.422697
0.268866	0.000000
0.268866	0.000000
0.251651	0.000000
0.251651	0.000000
0.251651	0.385264
0.251651	0.377228
0.059194	0.339938
0.059194	0.339938
0.059194	0.339938
0.059194	0.339938
0.059194	0.000000
0.059194	0.000000
0.122194	0.265692
0.122194	0.241058
0.122194	0.318537
0.122194	0.337223
0.122194	0.270712
0.122194	0.228359
0.122194	0.085779
0.110984	0.339938
0.110984	0.339938
0.110984	0.339938
0.110984	0.339938
0.110984	0.000000
0.110984	0.339938
0.110984	0.000000
0.110984	0.339938
0.110984	0.000000
0.110984	0.000000
0.110984	0.339938
0.110984	0.000000
0.110984	0.339938
0.110984	0.000000
0.068408	0.016871
0.068408	0.013757
0.068408	0.026222
0.068408	0.035267
0.068408	0.019547
0.068408	0.018921
0.068408	0.018993
0.068408	0.002068
0.083000	0.062548
0.083000	0.069195
0.083000	0.077729
0.083000	0.157112
0.083000	0.030544
0.083000	0.154452
0.083000	0.142941
0.083000	0.000000
0.064958	0.000032
0.064958	0.000001
0.064958	0.000003
0.064958	0.000002
0.064958	0.000000
0.107949	0.000003
0.107949	0.000001
0.107949	0.000002
0.107949	0.000000
0.107949	0.000000
0.107949	0.000000
0.116728	0.008778
0.116728	0.000000
0.116728	0.009053
0.116728	0.043752
0.116728	0.000000
0.116728	0.000000
0.116728	0.000000
0.116728	0.000000
0.077393	0.000000
0.077393	0.000000
0.077393	0.000000
0.077393	0.000000
0.077393	0.000000
0.077393	0.000000
0.077393	0.000000
0.174601	0.000046
0.174601	0.000000
0.174601	0.002172
0.174601	0.000000
0.174601	0.000000
0.174601	0.001064
0.174601	0.000000
0.174601	0.000000
0.267787	0.000575
0.267787	0.005955
0.267787	0.002892
0.267787	0.000668
0.267787	0.000000
0.267787	0.000000
0.267787	0.000000
0.267787	0.000000
0.158383	0.000001
0.158383	0.000000
0.158383	0.000000
0.158383	0.000000
0.158383	0.000001
0.158383	0.000000
0.158383	0.000000
0.158383	0.000000
0.158383	0.000000
0.158383	0.000000
0.158383	0.000000
0.307821	0.000018
0.307821	0.000001
0.307821	0.000008
0.307821	0.002465
0.307821	0.000000
0.307821	0.000000
0.326601	0.005214
0.326601	0.001387
0.326601	0.005271
0.326601	0.002044
0.326601	0.000937
0.290629	0.248640
0.290629	0.135049
0.290629	0.193072
0.290629	0.173617
0.290629	0.000000
0.290629	0.000000
0.290629	0.240500
0.397988	0.339938
0.397988	0.339938
0.397988	0.339938
0.397988	0.339938
0.397988	0.000000
0.397988	0.000000
0.397988	0.000000
0.397988	0.000000
0.397988	0.000000
0.397988	0.000000
0.397988	0.000000
0.397988	0.000000
0.205069	0.339938
0.205069	0.339938
0.205069	0.339938
0.205069	0.000000
0.205069	0.000000
0.205069	0.000000
0.205069	0.000000
0.205069	0.000000
0.210222	0.339938
0.210222	0.339938
0.210222	0.339938
0.210222	0.339938
0.210222	0.339938
0.210222	0.000000
0.210222	0.339938
0.210222	0.000000
0.288877	0.195639
0.288877	0.299064
0.288877	0.289001
0.288877	0.339938
0.288877	0.218750
0.288877	0.101157
0.288877	0.166401
0.338740	0.339938
0.338740	0.369765
0.338740	0.339938
0.338740	0.000000
0.338740	0.000000
0.338740	0.339938
0.338740	0.000000
0.338740	0.000000
0.338740	0.000000
0.404120	0.339938
0.404120	0.000000
0.404120	0.000000
0.404120	0.000000
0.404120	0.000000
0.404120	0.000000
0.404120	0.000000
0.255479	0.339938
0.255479	0.000000
0.255479	0.339938
0.255479	0.339938
0.255479	0.339938
0.255479	0.339938
0.255479	0.339938
0.255479	0.339938
0.437217	0.000000
0.437217	0.621008
0.437217	0.481172
0.437217	0.538615
0.437217	0.000000
0.437217	0.700019
0.437217	0.000000
0.437217	0.000000
0.437217	0.548519
0.437217	0.878875
0.437217	0.000000
0.285320	0.000000
0.285320	0.339938
0.285320	0.329298
0.285320	0.305860
0.285320	0.000000
0.208668	0.079260
0.208668	0.055683
0.208668	0.092761
0.208668	0.132108
0.208668	0.039651
0.208668	0.255762
0.227823	0.008881
0.227823	0.006710
0.227823	0.013207
0.227823	0.029490
0.227823	0.037749
0.227823	0.021466
0.227823	0.024226
0.227823	0.068138
0.160139	0.019125
0.160139	0.050687
0.160139	0.038192
0.160139	0.071612
0.160139	0.021361
0.160139	0.055708
0.160139	0.030228
0.160139	0.039557
0.160139	0.087257
0.160139	0.063418
0.160139	0.017642
0.160139	0.000000
0.160139	0.011084
0.160139	0.000000
0.098541	0.000001
0.098541	0.000000
0.098541	0.000003
0.098541	0.000002
0.098541	0.000003
0.160832	0.000000
0.160832	0.000000
0.160832	0.000000
0.160832	0.000000
0.160832	0.000000
0.160832	0.000000
0.160832	0.000000
0.160832	0.000000
0.067682	0.000000
0.067682	0.000000
0.067682	0.000000
0.067682	0.000000
0.052311	0.000000
0.052311	0.000000
0.052311	0.000000
0.052311	0.000000
0.052311	0.000000
0.052311	0.000000
0.052311	0.000000
0.085316	0.000000
0.085316	0.000000
0.085316	0.000000
0.085316	0.000000
0.085316	0.000000
0.085316	0.000000
0.085316	0.000000
0.085316	0.000000
0.109063	0.000000
0.109063	0.000000
0.109063	0.000000
0.109063	0.000000
0.109063	0.000000
0.109063	0.000000
0.109063	0.000000
0.048190	0.000000
0.048190	0.000000
0.048190	0.000000
0.048190	0.000000
0.048190	0.000000
0.078474	0.000000
0.078474	0.000000
0.078474	0.000000
0.078474	0.000000
0.078474	0.000000
0.078474	0.000000
0.078474	0.000000
0.078474	0.000000
0.078474	0.000000
0.078474	0.000000
0.078474	0.000000
0.101714	0.000000
0.101714	0.000000
0.101714	0.000000
0.101714	0.000000
0.101714	0.000000
0.101714	0.000000
0.101714	0.000000
0.101714	0.000000
0.101714	0.000000
0.101714	0.000000
0.101714	0.000000
0.051038	0.000000
0.051038	0.000000
0.051038	0.000000
0.051038	0.000000
0.124084	0.000000
0.124084	0.000000
0.124084	0.000000
0.124084	0.000000
0.124084	0.000000
0.124084	0.000000
0.124084	0.000000
0.124084	0.000000
0.124084	0.000000
0.158603	0.000000
0.158603	0.000000
0.158603	0.000000
0.158603	0.000000
0.163412	0.000400
0.163412	0.000053
0.163412	0.000278
0.163412	0.000373
0.163412	0.000013
0.163412	0.000022
0.163412	0.000737
0.163412	0.000000
0.163412	0.000000
0.248154	0.000008
0.248154	0.000002
0.248154	0.000006
0.248154	0.000012
0.248154	0.000008
0.248154	0.000002
0.248154	0.000009
0.209707	0.045199
0.209707	0.030417
0.209707	0.066615
0.209707	0.216198
0.209707	0.009120
0.209707	0.281628
0.402235	0.248099
0.402235	0.196717
0.402235	0.296890
0.402235	0.339938
0.402235	0.302687
0.402235	0.302390
0.402235	0.339938
0.402235	0.208497
0.489464	0.339938
0.489464	0.000000
0.489464	0.000000
0.489464	0.000000
0.489464	0.000000
0.489464	0.000000
0.489464	0.339938
0.611737	0.000000
0.611737	0.000000
0.611737	0.000000
0.611737	0.000000
0.641241	0.000000
0.641241	0.000000
0.641241	0.339938
0.641241	0.339938
0.640934	0.000000
0.640934	0.339938
0.640934	0.339938
0.640934	0.000000
0.640934	0.000000
0.640934	0.000000
0.646455	0.339938
0.646455	0.000000
0.646455	0.339938
0.646455	0.000000
0.646455	0.000000
0.534511	0.000000
0.534511	0.000000
0.534511	0.339938
0.534511	0.000000
0.534511	0.000000
0.534511	0.000000
0.534511	0.000000
0.534511	0.000000
0.439656	0.000000
0.439656	0.000000
0.439656	0.339938
0.439656	0.345819
0.522453	0.000000
0.522453	0.339938
0.522453	0.339938
0.522453	0.000000
0.522453	0.000000
0.623968	0.501194
0.623968	0.000000
0.623968	0.000000
0.623968	0.625620
0.623968	0.000000
0.623968	0.432194
0.623968	0.000000
0.623968	0.514309
0.623968	0.481861
0.623968	0.000000
0.623968	0.000000
0.443368	0.000000
0.443368	0.000000
0.443368	0.339938
0.443368	0.339938
0.443368	0.000000
0.443368	0.000000
0.443368	0.000000
0.315789	0.117295
0.315789	0.183456
0.315789	0.117925
0.315789	0.084355
0.315789	0.056811
0.315789	0.057899
0.315789	0.339938
0.813244	0.339938
0.813244	0.339938
0.813244	0.339938
0.813244	0.339938
0.813244	0.339938
0.813244	0.000000
0.813244	0.000000
0.813244	0.000000
0.344054	0.138142
0.344054	0.117375
0.344054	0.133448
0.344054	0.297784
0.344054	0.114843
0.344054	0.339938
0.344054	0.000000
0.344054	0.000000
0.232513	0.102403
0.232513	0.137475
0.232513	0.142277
0.232513	0.138427
0.232513	0.169290
0.232513	0.133220
0.232513	0.189346
0.232513	0.106374
0.232513	0.339938
0.232513	0.118743
0.349557	0.000036
0.349557	0.000051
0.349557	0.000086
0.349557	0.000014
0.349557	0.000029
0.349557	0.000117
0.349557	0.000000
0.349557	0.000027
0.403424	0.010522
0.403424	0.013478
0.403424	0.018894
0.403424	0.018024
0.403424	0.187207
0.403424	0.000000
0.403424	0.000000
0.403424	0.000000
0.403424	0.000000
0.403424	0.000000
0.403424	0.000000
0.192491	0.000015
0.192491	0.000006
0.192491	0.000029
0.192491	0.000010
0.092629	0.000000
0.092629	0.000000
0.092629	0.000000
0.092629	0.000000
0.092629	0.000000
0.092629	0.000000
0.092629	0.000000
0.092629	0.000000
0.179425	0.000212
0.179425	0.000222
0.179425	0.000000
0.179425	0.000000
0.179425	0.000000
0.179425	0.000000
0.179425	0.000000
0.179425	0.000000
0.179425	0.000000
0.368672	0.001977
0.368672	0.000000
0.368672	0.005791
0.368672	0.000000
0.368672	0.000000
0.368672	0.000000
0.368672	0.007397
0.368672	0.000000
0.368672	0.000000
0.045115	0.000000
0.045115	0.000000
0.045115	0.000000
0.045115	0.000000
0.045115	0.000000
0.045115	0.000000
0.045115	0.000000
0.045115	0.000000
0.165256	0.000000
0.165256	0.000000
0.165256	0.000000
0.165256	0.000000
0.139920	0.000000
0.139920	0.000000
0.139920	0.000000
0.139920	0.000000
0.139920	0.000000
0.136225	0.000046
0.136225	0.000000
0.136225	0.000059
0.136225	0.000452
0.136225	0.000000
0.136225	0.000000
0.136225	0.000000
0.136225	0.000000
0.136225	0.000000
0.070342	0.000000
0.070342	0.000000
0.070342	0.000001
0.070342	0.000000
0.070342	0.000000
0.070342	0.000000
0.070342	0.000000
0.070342	0.000000
0.167625	0.039433
0.167625	0.000000
0.167625	0.057642
0.167625	0.064515
0.167625	0.000000
0.167625	0.108857
0.167625	0.000000
0.167625	0.000000
0.167625	0.000000
0.502061	0.000000
0.502061	0.014079
0.502061	0.052537
0.502061	0.000000
0.502061	0.325502
0.502061	0.017097
0.502061	0.000000
0.502061	0.024481
0.189303	0.339938
0.189303	0.000000
0.189303	0.339938
0.189303	0.339938
0.189303	0.000000
0.189303	0.339938
0.189303	0.000000
0.189303	0.000000
0.189303	0.000000
0.167072	0.000000
0.167072	0.000000
0.167072	0.000000
0.167072	0.000000
0.167072	0.000000
0.167072	0.000000
0.167072	0.000000
0.167072	0.000000
0.167072	0.000000
0.354238	0.000000
0.354238	0.000000
0.354238	0.339938
0.354238	0.339938
0.307423	0.048210
0.307423	0.031954
0.307423	0.098887
0.307423	0.072632
0.307423	0.021761
0.307423	0.100420
0.307423	0.071106
0.307423	0.025829
0.307423	0.000000
0.307423	0.030233
0.307423	0.000000
0.307423	0.000000
0.193788	0.000008
0.193788	0.000004
0.193788	0.000024
0.193788	0.000040
0.193788	0.000036
0.193788	0.000002
0.193788	0.000000
0.194800	0.000152
0.194800	0.000059
0.194800	0.001951
0.194800	0.002425
0.194800	0.000000
0.194800	0.000028
0.194800	0.000000
0.194800	0.000403
0.194800	0.000000
0.091213	0.000000
0.091213	0.000000
0.091213	0.000000
0.091213	0.000000
0.091213	0.000000
0.098274	0.000000
0.098274	0.000000
0.098274	0.000000
0.098274	0.000000
0.098274	0.000000
0.098274	0.000000
0.114235	0.000000
0.114235	0.000000
0.114235	0.000000
0.114235	0.000000
0.114235	0.000000
0.114235	0.000000
0.114235	0.000000
0.213040	0.000043
0.213040	0.000000
0.213040	0.000000
0.213040	0.000000
0.213040	0.000000
0.213040	0.000000
0.213040	0.000000
0.213040	0.000000
0.135043	0.000000
0.135043	0.000000
0.135043	0.000000
0.135043	0.000000
0.092325	0.000000
0.092325	0.000000
0.092325	0.000000
0.092325	0.000000
0.092325	0.000000
0.092325	0.000000
0.092325	0.000000
0.092325	0.000002
0.092325	0.000000
0.092325	0.000000
0.092325	0.000000
0.083462	0.000000
0.083462	0.000000
0.083462	0.000000
0.083462	0.000000
0.083462	0.000000
0.083462	0.000000
0.083462	0.000000
0.083462	0.000000
0.090821	0.000000
0.090821	0.000000
0.090821	0.000000
0.090821	0.000001
0.090821	0.000000
0.090821	0.000000
0.090821	0.000000
0.090821	0.000000
0.090821	0.000000
0.043195	0.000000
0.043195	0.000000
0.043195	0.000000
0.043195	0.000000
0.086665	0.000015
0.086665	0.000000
0.086665	0.000147
0.086665	0.000014
0.086665	0.000000
0.198045	0.000000
0.198045	0.175228
0.198045	0.211452
0.198045	0.000000
0.198045	0.000000
0.198045	0.271918
0.198045	0.000000
0.198045	0.217903
0.198045	0.000000
0.198045	0.339938
0.176379	0.014496
0.176379	0.023122
0.176379	0.025286
0.176379	0.025482
0.176379	0.014826
0.176379	0.014715
0.176379	0.010940
0.176379	0.005439
0.242645	0.000000
0.242645	0.155719
0.242645	0.256101
0.242645	0.000000
0.242645	0.000000
0.242645	0.000000
0.242645	0.000000
0.086146	0.339938
0.086146	0.339938
0.086146	0.339938
0.086146	0.000000
0.086146	0.339938
0.086146	0.339938
0.086146	0.318109
0.086146	0.339938
0.222521	0.377870
0.222521	0.000000
0.222521	0.339938
0.222521	0.000000
0.222521	0.000000
0.222521	0.000000
0.222521	0.000000
0.222521	0.000000
0.217901	0.383893
0.217901	0.000000
0.217901	0.354205
0.217901	0.454072
0.217901	0.000000
0.217901	0.000000
0.217901	0.000000
0.217901	0.000000
0.217901	0.000000
0.218483	0.000000
0.218483	0.339938
0.218483	0.339938
0.218483	0.000000
0.218483	0.000000
0.218483	0.000000
0.218483	0.000000
0.148231	0.339938
0.148231	0.000000
0.148231	0.339938
0.148231	0.339938
0.148231	0.000000
0.148231	0.000000
0.262152	0.000000
0.262152	0.249679
0.262152	0.302093
0.262152	0.261923
0.262152	0.000000
0.262152	0.000000
0.262152	0.000000
0.067942	0.000000
0.067942	0.339938
0.067942	0.215004
0.067942	0.214075
0.167834	0.077452
0.167834	0.067251
0.167834	0.094668
0.167834	0.065953
0.167834	0.112031
0.061509	0.051321
0.061509	0.089958
0.061509	0.071187
0.061509	0.065251
0.061509	0.017799
0.061509	0.053314
0.061509	0.041842
0.081708	0.000177
0.081708	0.001541
0.081708	0.000644
0.081708	0.000325
0.081708	0.000231
0.081708	0.014870
0.081708	0.002159
0.104580	0.000015
0.104580	0.000886
0.104580	0.000032
0.104580	0.000075
0.104580	0.000003
0.104580	0.000215
0.104580	0.000319
0.118363	0.000000
0.118363	0.000001
0.118363	0.000001
0.118363	0.000000
0.118363	0.000000
0.118363	0.000001
0.118363	0.000000
0.118363	0.000061
0.073024	0.000004
0.073024	0.000005
0.073024	0.000014
0.073024	0.000013
0.073024	0.000004
0.073024	0.000000
0.073024	0.000001
0.073024	0.000013
0.048404	0.000000
0.048404	0.000000
0.048404	0.000000
0.048404	0.000000
0.048404	0.000002
0.048404	0.000003
0.058465	0.000000
0.058465	0.000000
0.058465	0.000000
0.058465	0.000000
0.058465	0.000000
0.039168	0.000000
0.039168	0.000000
0.039168	0.000000
0.039168	0.000000
0.039168	0.000000
0.060827	0.000000
0.060827	0.000000
0.060827	0.000000
0.060827	0.000000
0.060827	0.000000
0.060827	0.000000
0.060827	0.000000
0.080069	0.000000
0.080069	0.000000
0.080069	0.000000
0.080069	0.000000
0.080069	0.000000
0.080069	0.000000
0.080069	0.000000
0.080069	0.000000
0.083283	0.000000
0.083283	0.000000
0.083283	0.000000
0.083283	0.000000
0.083283	0.000000
0.082035	0.000000
0.082035	0.000000
0.082035	0.000003
0.082035	0.000000
0.082035	0.000000
0.082035	0.000000
0.082035	0.000000
0.082035	0.000000
0.082035	0.000000
0.054341	0.000000
0.054341	0.000000
0.054341	0.000001
0.054341	0.000004
0.034598	0.000000
0.034598	0.000006
0.034598	0.000036
0.034598	0.000000
0.034598	0.000000
0.034598	0.000000
0.034598	0.000000
0.032576	0.000004
0.032576	0.000002
0.032576	0.000011
0.032576	0.000005
0.032576	0.000000
0.032576	0.000069
0.032576	0.000001
0.135789	0.008871
0.135789	0.006102
0.135789	0.011474
0.135789	0.010247
0.135789	0.004900
0.135789	0.006775
0.135789	0.010723
0.135789	0.000000
0.030769	0.021162
0.030769	0.017618
0.030769	0.031602
0.030769	0.025656
0.030769	0.016013
0.030769	0.023789
0.030769	0.012183
0.030769	0.010745
0.180075	0.339938
0.180075	0.339938
0.180075	0.339938
0.180075	0.339938
0.180075	0.339938
0.180075	0.339938
0.180075	0.339938
0.180075	0.000000
0.180075	0.000000
0.228092	0.339938
0.228092	0.339938
0.228092	0.339938
0.228092	0.339938
0.228092	0.000000
0.228092	0.000000
0.228092	0.000000
0.228092	0.000000
0.108851	0.312620
0.108851	0.272607
0.108851	0.339938
0.108851	0.339938
0.108851	0.205151
0.102176	0.339938
0.102176	0.339938
0.102176	0.339938
0.102176	0.339938
0.102176	0.296393
0.371118	0.726104
0.371118	0.641116
0.371118	0.651564
0.371118	0.752846
0.371118	0.670737
0.371118	0.604754
0.371118	0.000000
0.371118	0.000000
0.371118	0.000000
0.371118	0.000000
0.371118	0.000000
0.432545	0.596827
0.432545	0.539253
0.432545	0.571103
0.432545	0.574509
0.432545	0.519178
0.432545	0.685089
0.432545	0.592537
0.432545	0.602066
0.432545	0.000000
0.102661	0.340208
0.102661	0.422499
0.102661	0.340063
0.102661	0.347018
0.102661	0.483828
0.102661	0.346550
0.102661	0.339938
0.297605	0.382677
0.297605	0.407950
0.297605	0.389660
0.297605	0.435839
0.297605	0.426537
0.297605	0.451808
0.297605	0.410515
0.297605	0.370247
0.297605	0.000000
0.105154	0.230434
0.105154	0.268070
0.105154	0.267180
0.105154	0.250679
0.105154	0.243272
0.105154	0.211835
0.105154	0.269336
0.105154	0.141489
0.108728	0.214907
0.108728	0.208054
0.108728	0.231845
0.108728	0.210115
0.108728	0.262185
0.108728	0.000000
0.108728	0.000000
0.063221	0.339938
0.063221	0.339938
0.063221	0.339938
0.063221	0.339938
0.063221	0.339938
0.063221	0.339938
0.063221	0.339938
0.063221	0.339938
0.047066	0.082280
0.047066	0.082776
0.047066	0.105626
0.047066	0.091742
0.047066	0.051019
0.047066	0.170377
0.047066	0.128100
0.042256	0.029245
0.042256	0.030478
0.042256	0.054275
0.042256	0.038549
0.042256	0.005665
0.052083	0.310840
0.052083	0.325743
0.052083	0.338566
0.052083	0.000000
0.052083	0.000000
0.052083	0.000000
0.052083	0.000000
0.052083	0.000000
0.039802	0.056402
0.039802	0.054094
0.039802	0.081477
0.039802	0.073833
0.039802	0.029397
0.039802	0.131634
0.039802	0.051637
0.039802	0.120667
0.039802	0.146592
0.039802	0.087918
0.039802	0.058600
0.042331	0.000026
0.042331	0.000056
0.042331	0.000060
0.042331	0.000034
0.042331	0.000010
0.042331	0.000027
0.042331	0.000002
0.042331	0.000111
0.062862	0.000201
0.062862	0.000168
0.062862	0.000641
0.062862	0.000000
0.062862	0.000757
0.062862	0.000000
0.062862	0.008932
0.105925	0.058086
0.105925	0.000000
0.105925	0.089808
0.105925	0.000000
0.105925	0.000000
0.083055	0.000040
0.083055	0.000135
0.083055	0.000000
0.083055	0.000000
0.083055	0.000035
0.083055	0.000073
0.083055	0.000872
0.083055	0.000025
0.033622	0.000165
0.033622	0.000000
0.033622	0.000611
0.033622	0.000000
0.034482	0.000002
0.034482	0.000004
0.034482	0.000012
0.034482	0.000000
0.034482	0.000000
0.078656	0.105412
0.078656	0.000000
0.078656	0.109661
0.078656	0.063620
0.078656	0.000000
0.078656	0.000000
0.078656	0.000000
0.078656	0.000000
0.078656	0.000000
0.071660	0.045169
0.071660	0.007497
0.071660	0.018712
0.071660	0.000000
0.071660	0.006241
0.071660	0.000926
0.071660	0.000303
0.071660	0.000101
0.042659	0.218487
0.042659	0.000000
0.042659	0.241541
0.042659	0.250751
0.042659	0.000000
0.042659	0.000000
0.039729	0.000000
0.039729	0.000000
0.039729	0.339938
0.039729	0.339938
0.059256	0.339938
0.059256	0.339938
0.059256	0.339938
0.059256	0.000000
0.059256	0.339938
0.059256	0.339938
0.059256	0.000000
0.059256	0.339938
0.059256	0.000000
0.141344	0.339938
0.141344	0.000000
0.141344	0.000000
0.141344	0.000000
0.151346	0.339938
0.151346	0.000000
0.151346	0.339938
0.151346	0.339938
0.151346	0.000000
0.151346	0.000000
0.151346	0.000000
0.274344	0.000000
0.274344	0.367300
0.274344	0.387835
0.274344	0.394496
0.274344	0.526184
0.274344	0.000000
0.274344	0.000000
0.274344	0.000000
0.136504	0.345894
0.136504	0.339938
0.136504	0.354558
0.136504	0.000000
0.136504	0.000000
0.136504	0.386972
0.136504	0.000000
0.136504	0.439923
0.136504	0.000000
0.136504	0.000000
0.136504	0.000000
0.058995	0.073083
0.058995	0.056778
0.058995	0.103430
0.058995	0.101122
0.058995	0.057979
0.058995	0.053795
0.058995	0.018200
0.058995	0.051041
0.062485	0.023438
0.062485	0.016372
0.062485	0.030680
0.062485	0.054970
0.062485	0.000000
0.062485	0.000000
0.062485	0.000000
0.057514	0.000003
0.057514	0.000003
0.057514	0.000023
0.057514	0.000009
0.057514	0.000002
0.057514	0.000001
0.057514	0.000000
0.057514	0.000000
0.045731	0.004540
0.045731	0.004418
0.045731	0.013009
0.045731	0.025492
0.045731	0.000000
0.045731	0.027747
0.045731	0.000000
0.045731	0.000000
0.045731	0.000000
0.079066	0.000000
0.079066	0.000000
0.079066	0.000000
0.079066	0.000000
0.078446	0.000000
0.078446	0.000000
0.078446	0.000000
0.078446	0.000000
0.078446	0.000000
0.078446	0.000000
0.078446	0.000000
0.179143	0.000000
0.179143	0.000000
0.179143	0.000002
0.179143	0.000000
0.179143	0.000000
0.179143	0.000000
0.179143	0.000000
0.179143	0.000000
0.179143	0.000000
0.188853	0.000111
0.188853	0.000040
0.188853	0.000071
0.188853	0.000000
0.188853	0.000020
0.188853	0.000000
0.188853	0.000000
0.188853	0.000000
0.188853	0.000000
0.188853	0.000000
0.188853	0.000000
0.054093	0.000000
0.054093	0.000000
0.054093	0.000000
0.054093	0.000000
0.054093	0.000000
0.054093	0.000000
0.054093	0.000000
0.054093	0.000000
0.145675	0.000000
0.145675	0.000000
0.145675	0.000011
0.145675	0.000006
0.090248	0.000000
0.090248	0.000031
0.090248	0.000000
0.090248	0.000000
0.148358	0.000000
0.148358	0.000000
0.148358	0.181571
0.148358	0.160962
0.051824	0.000000
0.051824	0.162114
0.051824	0.281117
0.051824	0.000000
0.051824	0.000000
0.051824	0.000000
0.051824	0.000000
0.053380	0.339938
0.053380	0.000000
0.053380	0.339938
0.053380	0.339938
0.053380	0.339938
0.053380	0.339938
0.053380	0.000000
0.053380	0.339938
0.053380	0.000000
0.053380	0.339938
0.053380	0.339938
0.053380	0.339938
0.183212	0.000000
0.183212	0.360403
0.183212	0.390362
0.183212	0.000000
0.183212	0.000000
0.183212	0.401556
0.183212	0.000000
0.183212	0.000000
0.183212	0.000000
0.183212	0.000000
0.183212	0.000000
0.043784	0.309819
0.043784	0.304654
0.043784	0.330375
0.043784	0.339938
0.043784	0.286938
0.043784	0.193725
0.043784	0.202105
0.164620	0.339938
0.164620	0.339938
0.164620	0.339938
0.164620	0.339938
0.164620	0.358260
0.164620	0.339938
0.164620	0.000000
0.164620	0.000000
0.095847	0.339938
0.095847	0.339938
0.095847	0.339938
0.095847	0.525195
0.095847	0.356967
0.095847	0.399695
0.095847	0.000000
0.212160	0.384313
0.212160	0.376191
0.212160	0.411821
0.212160	0.398861
0.212160	0.394354
0.212160	0.454140
0.212160	0.599759
0.212160	0.781845
0.292094	0.556115
0.292094	0.556739
0.292094	0.513076
0.292094	0.518739
0.292094	0.522497
0.292094	0.558784
0.292094	0.578669
0.292094	0.642083
0.292094	0.536350
0.292094	0.755242
0.292094	0.791920
0.213572	0.308145
0.213572	0.304003
0.213572	0.339938
0.213572	0.285278
0.213572	0.339938
0.213572	0.339938
0.213572	0.269109
0.213572	0.301539
0.095452	0.339938
0.095452	0.339938
0.095452	0.339938
0.095452	0.339938
0.095452	0.339938
0.095452	0.339938
0.095452	0.339938
0.095452	0.339938
0.095452	0.440118
0.042914	0.188362
0.042914	0.190962
0.042914	0.209854
0.042914	0.196600
0.042914	0.121019
0.042914	0.277455
0.042914	0.172691
0.055427	0.059844
0.055427	0.067036
0.055427	0.075575
0.055427	0.068236
0.167406	0.018471
0.167406	0.031083
0.167406	0.030705
0.167406	0.028075
0.167406	0.008677
0.167406	0.029646
0.167406	0.087222
0.103801	0.008163
0.103801	0.008958
0.103801	0.019660
0.103801	0.022532
0.103801	0.003415
0.103801	0.029387
0.103801	0.004132
0.103801	0.029835
0.103801	0.015452
0.103801	0.033714
0.103801	0.033114
0.079222	0.000044
0.079222	0.000074
0.079222	0.000189
0.079222	0.000068
0.079222	0.000015
0.079222	0.000017
0.079222	0.000070
0.079222	0.000038
0.043260	0.000000
0.043260	0.000000
0.043260	0.000000
0.043260	0.000000
0.043260	0.000000
0.043260	0.000000
0.043260	0.000000
0.091421	0.000000
0.091421	0.000000
0.091421	0.000000
0.091421	0.000000
0.091421	0.000000
0.227521	0.000000
0.227521	0.000000
0.227521	0.000000
0.227521	0.000000
0.227521	0.000000
0.145019	0.000000
0.145019	0.000000
0.145019	0.000000
0.145019	0.000000
0.145019	0.000000
0.072780	0.000000
0.072780	0.000000
0.072780	0.000000
0.072780	0.000000
0.072780	0.000000
0.072780	0.000000
0.072780	0.000000
0.072780	0.000000
0.123582	0.000000
0.123582	0.000000
0.123582	0.000000
0.123582	0.000000
0.123582	0.000000
0.123582	0.000000
0.214696	0.000000
0.214696	0.000000
0.214696	0.000000
0.214696	0.000000
0.200969	0.000000
0.200969	0.000000
0.200969	0.000000
0.200969	0.000000
0.266011	0.006961
0.266011	0.001416
0.266011	0.014745
0.266011	0.007861
0.266011	0.063802
0.266011	0.030522
0.266011	0.000000
0.266011	0.000000
0.266011	0.000000
0.170833	0.000427
0.170833	0.000536
0.170833	0.001273
0.170833	0.000678
0.170833	0.000274
0.170833	0.000092
0.170833	0.000065
0.170833	0.000077
0.209924	0.020312
0.209924	0.017538
0.209924	0.034566
0.209924	0.032406
0.209924	0.017135
0.209924	0.000000
0.209924	0.000000
0.052953	0.166428
0.052953	0.115144
0.052953	0.198103
0.052953	0.177206
0.052953	0.134995
0.052953	0.142235
0.084238	0.339938
0.084238	0.341951
0.084238	0.341332
0.084238	0.339938
0.084238	0.000000
0.084238	0.000000
0.084238	0.000000
0.084238	0.377332
0.084238	0.402080
0.084238	0.000000
0.084238	0.000000
0.219443	0.000000
0.219443	0.509623
0.219443	0.443127
0.219443	0.432640
0.219443	0.000000
0.219443	0.477036
0.219443	0.000000
0.219443	0.598123
0.107687	0.339938
0.107687	0.339938
0.107687	0.339938
0.107687	0.339938
0.107687	0.339938
0.272224	0.552662
0.272224	0.424718
0.272224	0.480030
0.272224	0.503052
0.272224	0.517607
0.272224	0.538013
0.272224	0.000000
0.272224	0.000000
0.272224	0.000000
0.128135	0.339938
0.128135	0.339938
0.128135	0.339938
0.128135	0.339938
0.128135	0.000000
0.128135	0.339938
0.128135	0.339938
0.167891	0.521723
0.167891	0.000000
0.167891	0.494008
0.167891	0.000000
0.167891	0.000000
0.167891	0.000000
0.167891	0.504451
0.167891	0.000000
0.209324	0.339938
0.209324	0.339938
0.209324	0.339938
0.209324	0.397056
0.209324	0.339938
0.209324	0.355408
0.209324	0.000000
0.070860	0.339938
0.070860	0.339938
0.070860	0.339938
0.070860	0.339938
0.070860	0.339938
0.070860	0.339938
0.070860	0.339938
0.070860	0.339938
0.077800	0.470827
0.077800	0.437289
0.077800	0.397029
0.077800	0.453374
0.077800	0.000000
0.077800	0.000000
0.077800	0.000000
0.077800	0.000000
0.041921	0.339938
0.041921	0.000000
0.041921	0.339938
0.041921	0.339938
0.041921	0.000000
0.035180	0.085142
0.035180	0.078763
0.035180	0.082039
0.035180	0.059243
0.035180	0.048179
0.035180	0.084914
0.035180	0.059046
0.061294	0.116863
0.061294	0.107030
0.061294	0.160390
0.061294	0.115993
0.061294	0.146330
0.061294	0.138003
0.061294	0.000000
0.061294	0.059948
0.027802	0.290666
0.027802	0.339938
0.027802	0.329570
0.027802	0.000000
0.027802	0.000000
0.047910	0.199903
0.047910	0.212182
0.047910	0.247560
0.047910	0.276899
0.047910	0.252349
0.047910	0.258488
0.047910	0.285281
0.047910	0.000000
0.047910	0.000000
0.074294	0.000145
0.074294	0.000264
0.074294	0.000465
0.074294	0.000184
0.074294	0.000039
0.074294	0.000058
0.074294	0.000021
0.074294	0.003573
0.042452	0.245429
0.042452	0.254424
0.042452	0.325619
0.042452	0.000000
0.042452	0.000000
0.042452	0.268240
0.042452	0.000000
0.042452	0.000000
0.042452	0.000000
0.042452	0.000000
0.042452	0.000000
0.043979	0.159244
0.043979	0.000000
0.043979	0.173794
0.043979	0.000000
0.043979	0.000000
0.043979	0.000000
0.043979	0.000000
0.043979	0.000000
0.043979	0.000000
0.067795	0.000001
0.067795	0.000000
0.067795	0.000008
0.067795	0.000015
0.067795	0.000007
0.179843	0.000003
0.179843	0.000000
0.179843	0.000000
0.179843	0.000000
0.093447	0.000026
0.093447	0.000007
0.093447	0.000074
0.093447	0.000000
0.093447	0.000001
0.055661	0.146714
0.055661	0.000000
0.055661	0.142205
0.055661	0.214507
0.055661	0.000000
0.055661	0.000000
0.055661	0.000000
0.055661	0.000000
0.050201	0.241977
0.050201	0.097179
0.050201	0.154686
0.050201	0.000000
0.050201	0.086074
0.050201	0.076062
0.050201	0.033478
0.050201	0.025390
0.091277	0.339938
0.091277	0.000000
0.091277	0.339938
0.091277	0.339938
0.091277	0.000000
0.091277	0.000000
0.091277	0.000000
0.091277	0.000000
0.091277	0.000000
0.057837	0.000000
0.057837	0.339938
0.057837	0.339938
0.057837	0.000000
0.057837	0.339938
0.057837	0.000000
0.057837	0.339938
0.068445	0.339938
0.068445	0.000000
0.068445	0.000000
0.068445	0.000000
0.291576	0.000000
0.291576	0.000000
0.291576	0.548200
0.291576	0.714499
0.291576	0.000000
0.291576	0.000000
0.291576	0.000000
0.291576	0.000000
0.291576	0.000000
0.187874	0.445249
0.187874	0.408701
0.187874	0.437900
0.187874	0.473632
0.187874	0.000000
0.187874	0.000000
0.187874	0.000000
0.187874	0.000000
0.070170	0.339938
0.070170	0.339938
0.070170	0.339938
0.070170	0.339938
0.070170	0.339938
0.070170	0.339938
0.070170	0.000000
0.070170	0.000000
0.070170	0.000000
0.070170	0.000000
0.070170	0.339938
0.070170	0.000000
0.070170	0.339938
0.070170	0.000000
0.043901	0.287461
0.043901	0.253490
0.043901	0.312950
0.043901	0.330828
0.043901	0.307377
0.043901	0.207705
0.043901	0.199391
0.043901	0.274415
0.132363	0.068463
0.132363	0.058068
0.132363	0.152851
0.132363	0.100600
0.132363	0.000000
0.132363	0.000000
0.156756	0.000873
0.156756	0.000215
0.156756	0.002310
0.156756	0.000984
0.156756	0.000311
0.156756	0.000097
0.156756	0.000032
0.156756	0.000024
0.163861	0.013559
0.163861	0.003892
0.163861	0.017354
0.163861	0.019884
0.163861	0.098605
0.163861	0.008177
0.163861	0.040917
0.163861	0.000000
0.102611	0.000000
0.102611	0.000000
0.102611	0.000000
0.102611	0.000006
0.102611	0.000000
0.102611	0.000000
0.102611	0.000000
0.102611	0.000001
0.147995	0.007756
0.147995	0.000000
0.147995	0.000000
0.147995	0.000000
0.147995	0.000000
0.147995	0.000000
0.147995	0.000000
0.147995	0.000000
0.147995	0.000000
0.147995	0.000000
0.209594	0.000000
0.209594	0.000000
0.209594	0.000000
0.209594	0.000000
0.176489	0.000000
0.176489	0.000000
0.176489	0.000006
0.176489	0.000009
0.176489	0.000670
0.176489	0.000000
0.176489	0.000000
0.176489	0.000000
0.176489	0.000000
0.358322	0.000000
0.358322	0.000000
0.358322	0.000001
0.358322	0.002596
0.358322	0.000000
0.358322	0.000000
0.358322	0.000000
0.358322	0.000002
0.358322	0.000008
0.358322	0.000000
0.358322	0.000000
0.131419	0.000000
0.131419	0.000000
0.131419	0.000000
0.131419	0.000000
0.131419	0.000000
0.131419	0.000000
0.131419	0.000000
0.196417	0.000006
0.196417	0.000005
0.196417	0.000015
0.196417	0.000017
0.196417	0.000000
0.196417	0.005143
0.196417	0.000000
0.196417	0.000000
0.196417	0.000000
0.077753	0.000000
0.077753	0.000000
0.077753	0.000000
0.077753	0.000000
0.077753	0.000000
0.089980	0.000006
0.089980	0.000000
0.089980	0.000029
0.089980	0.000017
0.089980	0.000051
0.089980	0.000000
0.089980	0.000150
0.065073	0.000000
0.065073	0.040686
0.065073	0.074708
0.065073	0.164880
0.065073	0.000000
0.065073	0.000000
0.065073	0.000000
0.069419	0.034924
0.069419	0.048225
0.069419	0.070518
0.069419	0.083806
0.069419	0.021091
0.069419	0.030434
0.069419	0.031383
0.053499	0.390809
0.053499	0.339938
0.053499	0.339938
0.053499	0.000000
0.053499	0.000000
0.053499	0.339938
0.053499	0.000000
0.053499	0.000000
0.053499	0.000000
0.053499	0.000000
0.053499	0.000000
0.104687	0.339938
0.104687	0.339938
0.104687	0.339938
0.104687	0.339938
0.104687	0.339938
0.104687	0.339938
0.104687	0.339938
0.074822	0.339938
0.074822	0.339938
0.074822	0.339938
0.074822	0.422873
0.074822	0.000000
0.341694	0.415947
0.341694	0.000000
0.341694	0.394800
0.341694	0.489822
0.341694	0.650019
0.341694	0.000000
0.341694	0.000000
0.250477	0.695719
0.250477	0.552419
0.250477	0.561659
0.250477	0.614538
0.250477	0.617516
0.250477	0.538839
0.250477	0.618613
0.250477	0.764666
0.250477	0.000000
0.250477	0.673280
0.182128	0.361500
0.182128	0.339938
0.182128	0.376543
0.182128	0.000000
0.182128	0.000000
0.182128	0.000000
0.182128	0.000000
0.060432	0.363096
0.060432	0.000000
0.060432	0.341942
0.060432	0.473928
0.060432	0.000000
0.031329	0.000000
0.031329	0.339938
0.031329	0.339938
0.031329	0.339938
0.031329	0.339938
0.031329	0.339938
0.031329	0.339938
0.031329	0.339938
0.031329	0.339938
0.031329	0.339938
0.031329	0.339938
0.250638	0.339938
0.250638	0.339938
0.250638	0.339938
0.250638	0.339938
0.250638	0.461273
0.250638	0.339938
0.250638	0.339938
0.264170	0.339938
0.264170	0.339938
0.264170	0.339938
0.264170	0.339938
0.264170	0.000000
0.264170	0.339938
0.264170	0.000000
0.232183	0.402886
0.232183	0.383656
0.232183	0.387310
0.232183	0.398686
0.232183	0.358821
0.232183	0.000000
0.232183	0.000000
0.232183	0.000000
0.095190	0.203302
0.095190	0.206944
0.095190	0.255220
0.095190	0.203491
0.095190	0.152864
0.095190	0.158850
0.095190	0.067568
0.095190	0.172515
0.097458	0.339938
0.097458	0.339938
0.097458	0.339938
0.097458	0.339938
0.097458	0.263041
0.097458	0.339938
0.097458	0.295591
0.097458	0.339938
0.097458	0.317306
0.252548	0.033525
0.252548	0.017114
0.252548	0.032971
0.252548	0.047378
0.252548	0.003220
0.063151	0.071815
0.063151	0.043763
0.063151	0.075448
0.063151	0.072629
0.063151	0.039797
0.063151	0.076192
0.063151	0.039325
0.063151	0.100207
0.063151	0.054390
0.070431	0.000055
0.070431	0.000172
0.070431	0.000267
0.070431	0.000268
0.070431	0.000370
0.070431	0.001202
0.070431	0.000022
0.070431	0.017269
0.070431	0.000034
0.070431	0.000813
0.070431	0.000102
0.100802	0.000004
0.100802	0.000005
0.100802	0.000009
0.100802	0.000002
0.100802	0.000000
0.100802	0.000007
0.100802	0.000002
0.065130	0.000000
0.065130	0.000000
0.065130	0.000000
0.065130	0.000000
0.065130	0.000000
0.065130	0.000000
0.065130	0.000000
0.065130	0.000000
0.106868	0.000000
0.106868	0.000000
0.106868	0.000000
0.106868	0.000000
0.106868	0.000000
0.106868	0.000000
0.106868	0.000000
0.106868	0.000000
0.115017	0.000000
0.115017	0.000000
0.115017	0.000001
0.115017	0.000005
0.115017	0.000000
0.115017	0.000001
0.115017	0.000002
0.115017	0.000002
0.069455	0.000000
0.069455	0.000000
0.069455	0.000000
0.069455	0.000000
0.069455	0.000000
0.069455	0.000000
0.069455	0.000000
0.069455	0.000000
0.101611	0.000000
0.101611	0.000000
0.101611	0.000000
0.101611	0.000000
0.101611	0.000000
0.101611	0.000000
0.101611	0.000000
0.311138	0.000000
0.311138	0.000000
0.311138	0.000000
0.311138	0.000000
0.311138	0.000000
0.235363	0.000001
0.235363	0.000001
0.235363	0.000002
0.235363	0.000000
0.235363	0.000000
0.235363	0.000000
0.235363	0.000000
0.235363	0.000000
0.235363	0.000000
0.064003	0.000000
0.064003	0.000000
0.064003	0.000000
0.064003	0.000002
0.057135	0.000000
0.057135	0.000006
0.057135	0.000022
0.057135	0.000000
0.057135	0.000000
0.057135	0.000000
0.057135	0.000000
0.097698	0.000095
0.097698	0.000151
0.097698	0.000217
0.097698	0.000144
0.147130	0.008365
0.147130	0.002030
0.147130	0.007310
0.147130	0.006813
0.147130	0.000000
0.147130	0.000000
0.147130	0.000000
0.125113	0.033609
0.125113	0.029270
0.125113	0.060051
0.125113	0.047608
0.125113	0.038331
0.125113	0.035057
0.125113	0.030929
0.125113	0.010610
0.124783	0.339938
0.124783	0.339938
0.124783	0.339938
0.124783	0.339938
0.124783	0.339938
0.124783	0.000000
0.124783	0.000000
0.290672	0.339938
0.290672	0.339938
0.290672	0.339938
0.290672	0.339938
0.290672	0.339938
0.290672	0.339938
0.290672	0.339938
0.290672	0.339938
0.290672	0.339938
0.210142	0.339938
0.210142	0.339938
0.210142	0.339938
0.210142	0.000000
0.210142	0.000000
0.210142	0.339938
0.210142	0.000000
0.217922	0.339938
0.217922	0.000000
0.217922	0.339938
0.217922	0.000000
0.217922	0.339938
0.217922	0.339938
0.217922	0.000000
0.217922	0.000000
0.518813	0.339938
0.518813	0.000000
0.518813	0.339938
0.518813	0.339938
0.518813	0.000000
0.518813	0.000000
0.518813	0.000000
0.518813	0.000000
0.518813	0.000000
0.518813	0.000000
0.518813	0.000000
0.498275	0.000000
0.498275	0.446586
0.498275	0.473781
0.498275	0.000000
0.498275	0.000000
0.498275	0.000000
0.498275	0.000000
0.498275	0.000000
0.498275	0.000000
0.442522	0.408460
0.442522	0.000000
0.442522	0.433582
0.442522	0.000000
0.442522	0.000000
0.442522	0.000000
0.442522	0.000000
0.442522	0.000000
0.318873	0.443874
0.318873	0.502150
0.318873	0.484213
0.318873	0.479938
0.318873	0.419481
0.318873	0.596292
0.318873	0.000000
0.318873	0.569492
0.318873	0.481947
0.318873	0.433642
0.318873	0.517194
0.209220	0.339938
0.209220	0.339938
0.209220	0.000000
0.209220	0.339938
0.209220	0.000000
0.209220	0.339938
0.209220	0.339938
0.209220	0.339938
0.209220	0.339938
0.209220	0.339938
0.209220	0.339938
0.244164	0.000000
0.244164	0.000000
0.244164	0.339938
0.244164	0.000000
0.244164	0.000000
0.244164	0.339938
0.244164	0.000000
0.244164	0.000000
0.055157	0.184980
0.055157	0.228526
0.055157	0.202917
0.055157	0.171459
0.055157	0.220038
0.055157	0.195338
0.055157	0.299411
0.055157	0.230739
0.055157	0.197582
0.055157	0.184794
0.062860	0.000025
0.062860	0.000109
0.062860	0.000071
0.062860	0.000030
0.062860	0.000006
0.062860	0.000032
0.062860	0.000005
0.079452	0.092917
0.079452	0.076265
0.079452	0.080632
0.079452	0.000000
0.079452	0.000000
0.079452	0.000000
0.079452	0.012429
0.058528	0.103875
0.058528	0.057059
0.058528	0.108028
0.058528	0.084784
0.058528	0.040453
0.058528	0.000000
0.058528	0.109978
0.058528	0.099367
0.058528	0.000000
0.060474	0.000000
0.060474	0.000000
0.060474	0.000000
0.060474	0.000000
0.060474	0.000000
0.060474	0.000000
0.060474	0.000000
0.060474	0.000000
0.051904	0.000000
0.051904	0.000000
0.051904	0.000001
0.051904	0.000000
0.051904	0.000000
0.051904	0.000001
0.051904	0.000000
0.051904	0.000000
0.064877	0.058577
0.064877	0.000000
0.064877	0.088321
0.064877	0.000000
0.064877	0.000000
0.064877	0.023114
0.064877	0.000000
0.064877	0.147116
0.064877	0.000000
0.064877	0.000000
0.064877	0.000000
0.039057	0.000000
0.039057	0.000000
0.039057	0.000000
0.039057	0.000000
0.039057	0.000000
0.039057	0.000000
0.039057	0.000000
0.039057	0.000000
0.053741	0.000000
0.053741	0.000000
0.053741	0.000000
0.053741	0.000000
0.038721	0.000000
0.038721	0.000000
0.038721	0.000000
0.038721	0.000000
0.038721	0.000000
0.141358	0.000729
0.141358	0.000526
0.141358	0.000222
0.141358	0.000153
0.141358	0.000000
0.141358	0.000000
0.141358	0.000000
0.141358	0.000000
0.141358	0.000000
0.141358	0.000000
0.086827	0.001506
0.086827	0.000093
0.086827	0.001333
0.086827	0.000000
0.086827	0.000021
0.207776	0.317227
0.207776	0.000000
0.207776	0.335463
0.207776	0.335503
0.207776	0.000000
0.207776	0.000000
0.207776	0.000000
0.207776	0.000000
0.207776	0.000000
0.157264	0.000000
0.157264	0.243879
0.157264	0.294078
0.157264	0.000000
0.157264	0.000000
0.157264	0.305673
0.157264	0.000000
0.157264	0.000000
0.176328	0.339938
0.176328	0.000000
0.176328	0.339938
0.176328	0.339938
0.176328	0.339938
0.176328	0.000000
0.176328	0.000000
0.176328	0.000000
0.176328	0.000000
0.348174	0.000000
0.348174	0.000000
0.348174	0.000000
0.348174	0.000000
0.348174	0.000000
0.348174	0.000000
0.399104	0.339938
0.399104	0.339938
0.399104	0.339938
0.399104	0.339938
0.399104	0.339938
0.399104	0.000000
0.399104	0.000000
0.399104	0.000000
0.124333	0.339938
0.124333	0.339938
0.124333	0.339938
0.124333	0.339938
0.124333	0.339938
0.124333	0.000000
0.124333	0.000000
0.106255	0.011962
0.106255	0.008783
0.106255	0.018242
0.106255	0.018236
0.106255	0.011243
0.106255	0.004244
0.106255	0.000568
0.200211	0.008441
0.200211	0.008210
0.200211	0.011726
0.200211	0.011571
0.200211	0.008106
0.200211	0.054109
0.200211	0.000000
0.200211	0.000000
0.063937	0.000000
0.063937	0.000000
0.063937	0.000001
0.063937	0.000000
0.063937	0.000000
0.063937	0.000000
0.071248	0.000047
0.071248	0.000040
0.071248	0.000227
0.071248	0.000698
0.071248	0.000000
0.071248	0.000091
0.071248	0.000000
0.071248	0.006290
0.071248	0.000000
0.071248	0.000000
0.160533	0.000000
0.160533	0.000000
0.160533	0.000000
0.160533	0.000000
0.118520	0.000000
0.118520	0.000000
0.118520	0.000000
0.118520	0.000000
0.118520	0.000000
0.118520	0.000000
0.118520	0.000000
0.225754	0.000000
0.225754	0.000000
0.225754	0.000000
0.225754	0.000000
0.225754	0.000000
0.225754	0.000000
0.225754	0.000000
0.225754	0.000000
0.225754	0.000000
0.166664	0.000000
0.166664	0.000000
0.166664	0.000000
0.166664	0.000000
0.166664	0.000000
0.166664	0.000000
0.166664	0.000000
0.166664	0.000000
0.166664	0.000000
0.076811	0.000000
0.076811	0.000000
0.076811	0.000000
0.076811	0.000000
0.076811	0.000000
0.076811	0.000000
0.076811	0.000000
0.076811	0.000000
0.145653	0.000000
0.145653	0.000000
0.145653	0.000000
0.145653	0.000000
0.145653	0.000000
0.145653	0.000000
0.034140	0.000000
0.034140	0.000000
0.034140	0.000000
0.034140	0.000000
0.048322	0.000011
0.048322	0.000000
0.048322	0.000000
0.048322	0.000004
0.048322	0.000000
0.063849	0.000000
0.063849	0.131085
0.063849	0.159201
0.063849	0.166396
0.063849	0.000000
0.063849	0.000000
0.063849	0.000000
0.063849	0.000000
0.063849	0.000000
0.085278	0.000530
0.085278	0.001133
0.085278	0.003923
0.085278	0.001154
0.085278	0.000076
0.085278	0.000015
0.085278	0.000007
0.105789	0.227968
0.105789	0.222518
0.105789	0.216781
0.105789	0.000000
0.105789	0.000000
0.105789	0.000000
0.105789	0.155094
0.105789	0.000000
0.155004	0.339938
0.155004	0.305381
0.155004	0.312447
0.155004	0.339938
0.155004	0.223663
0.263811	0.339938
0.263811	0.339938
0.263811	0.339938
0.263811	0.000000
0.263811	0.000000
0.263811	0.000000
0.263811	0.000000
0.438431	0.381484
0.438431	0.000000
0.438431	0.381698
0.438431	0.370112
0.438431	0.000000
0.438431	0.000000
0.438431	0.000000
0.438431	0.000000
0.374752	0.000000
0.374752	0.339938
0.374752	0.339938
0.374752	0.339938
0.374752	0.000000
0.374752	0.339938
0.374752	0.281510
0.374752	0.000000
0.162844	0.371841
0.162844	0.363726
0.162844	0.372868
0.162844	0.393147
0.162844	0.379054
0.162844	0.592445
0.162844	0.411103
0.162844	0.389652
0.162844	0.375743
0.162844	0.363348
0.162844	0.346199
0.165855	0.135672
0.165855	0.096381
0.165855	0.134873
0.165855	0.125709
0.165855	0.132271
0.128770	0.083670
0.128770	0.103403
0.128770	0.107258
0.128770	0.116621
0.128770	0.140213
0.128770	0.155028
0.081094	0.030423
0.081094	0.037639
0.081094	0.042847
0.081094	0.048517
0.081094	0.036071
0.068290	0.000011
0.068290	0.000011
0.068290	0.000085
0.068290	0.000019
0.068290	0.000178
0.068290	0.000009
0.057660	0.000001
0.057660	0.000001
0.057660	0.000003
0.057660	0.000009
0.057660	0.000000
0.057660	0.000001
0.057660	0.000000
0.057660	0.000001
0.050381	0.000000
0.050381	0.000000
0.050381	0.000000
0.050381	0.000000
0.050381	0.000000
0.050381	0.000000
0.050381	0.000000
0.047265	0.000000
0.047265	0.000000
0.047265	0.000000
0.047265	0.000000
0.047265	0.000000
0.047265	0.000000
0.047265	0.000000
0.047265	0.000000
0.038655	0.000000
0.038655	0.000000
0.038655	0.000000
0.038655	0.000000
0.038655	0.000000
0.069300	0.000000
0.069300	0.000000
0.069300	0.000000
0.069300	0.000000
0.066968	0.000000
0.066968	0.000000
0.066968	0.000000
0.066968	0.000000
0.066968	0.000000
0.066968	0.000000
0.084420	0.000000
0.084420	0.000000
0.084420	0.000000
0.084420	0.000000
0.084420	0.000000
0.084420	0.000000
0.084420	0.000000
0.084420	0.000000
0.051242	0.000000
0.051242	0.000000
0.051242	0.000000
0.051242	0.000000
0.051242	0.000000
0.240373	0.000000
0.240373	0.000000
0.240373	0.000000
0.240373	0.000000
0.240373	0.000000
0.240373	0.000000
0.240373	0.000000
0.240373	0.000000
0.240373	0.000000
0.255115	0.000000
0.255115	0.000000
0.255115	0.000000
0.255115	0.000000
0.130193	0.000000
0.130193	0.000000
0.130193	0.000001
0.130193	0.000000
0.130193	0.000000
0.130193	0.000000
0.130193	0.000002
0.049901	0.000000
0.049901	0.000000
0.049901	0.000001
0.049901	0.000001
0.049901	0.000000
0.049901	0.000003
0.049901	0.000000
0.105656	0.000058
0.105656	0.000019
0.105656	0.000112
0.105656	0.000124
0.105656	0.000207
0.105656	0.000097
0.105656	0.000000
0.063354	0.000661
0.063354	0.000159
0.063354	0.001410
0.063354	0.000220
0.063354	0.000432
0.063354	0.005388
0.063354	0.000218
0.067679	0.339938
0.067679	0.339938
0.067679	0.339938
0.067679	0.339938
0.067679	0.000000
0.067679	0.000000
0.067679	0.339938
0.067679	0.000000
0.198533	0.456734
0.198533	0.421926
0.198533	0.438692
0.198533	0.511199
0.198533	0.427345
0.198533	0.000000
0.198533	0.000000
0.198533	0.512329
0.198533	0.000000
0.198533	0.000000
0.198533	0.000000
0.144947	0.339938
0.144947	0.339938
0.144947	0.339938
0.144947	0.338153
0.144947	0.311960
0.144947	0.277898
0.144947	0.236627
0.144947	0.255250
0.210488	0.339938
0.210488	0.339938
0.210488	0.339938
0.210488	0.339938
0.210488	0.000000
0.210488	0.000000
0.210488	0.000000
0.210488	0.000000
0.210488	0.000000
0.210488	0.000000
0.210488	0.000000
0.210488	0.000000
0.218729	0.367261
0.218729	0.433520
0.218729	0.376996
0.218729	0.455448
0.218729	0.464476
0.218729	0.368474
0.218729	0.000000
0.218729	0.400388
0.218729	0.000000
0.218729	0.372933
0.089536	0.339938
0.089536	0.339938
0.089536	0.339938
0.089536	0.339938
0.089536	0.339938
0.089536	0.339938
0.089536	0.339938
0.089536	0.339938
0.327042	0.361323
0.327042	0.432512
0.327042	0.395065
0.327042	0.000000
0.327042	0.000000
0.327042	0.000000
0.327042	0.583885
0.327042	0.000000
0.429651	0.626462
0.429651	0.691178
0.429651	0.663901
0.429651	0.696212
0.429651	0.000000
0.429651	0.000000
0.429651	0.000000
0.429651	0.000000
0.429651	0.681570
0.429651	0.000000
0.429651	0.000000
0.247770	0.339938
0.247770	0.339938
0.247770	0.339938
0.247770	0.597231
0.185323	0.339938
0.185323	0.339938
0.185323	0.339938
0.185323	0.339938
0.185323	0.339938
0.185323	0.339938
0.185323	0.339938
0.185323	0.339938
0.185323	0.339938
0.185323	0.339938
0.185323	0.339938
0.185323	0.339938
0.225852	0.455754
0.225852	0.400667
0.225852	0.390032
0.225852	0.484081
0.225852	0.465722
0.225852	0.512268
0.225852	0.000000
0.225852	0.000000
0.225852	0.000000
0.202744	0.566067
0.202744	0.557993
0.202744	0.407209
0.202744	0.424522
0.202744	0.468690
0.202744	0.000000
0.202744	0.000000
0.202744	0.000000
0.202744	0.000000
0.202744	0.000000
0.202744	0.000000
0.154069	0.287660
0.154069	0.244403
0.154069	0.210326
0.154069	0.176881
0.154069	0.199090
0.154069	0.191297
0.154069	0.297148
0.154069	0.339938
0.121613	0.339938
0.121613	0.339938
0.121613	0.339938
0.121613	0.312444
0.121613	0.339938
0.121613	0.339938
0.121613	0.339938
0.121613	0.339938
0.121613	0.000000
0.065590	0.339938
0.065590	0.000000
0.065590	0.000000
0.065590	0.000000
0.065590	0.000000
0.065590	0.000000
0.065590	0.000000
0.065590	0.000000
0.132759	0.332643
0.132759	0.000000
0.132759	0.339938
0.132759	0.339938
0.132759	0.303285
0.132759	0.000000
0.132759	0.315267
0.132759	0.000000
0.132759	0.339938
0.106267	0.000704
0.106267	0.000798
0.106267	0.001559
0.106267	0.000748
0.106267	0.001036
0.106267	0.000239
0.106267	0.006619
0.106267	0.010172
0.104148	0.262932
0.104148	0.253386
0.104148	0.334231
0.104148	0.000000
0.104148	0.000000
0.104148	0.000000
0.104148	0.000000
0.104148	0.311166
0.104148	0.000000
0.104148	0.000000
0.104148	0.000000
0.091878	0.110425
0.091878	0.000000
0.091878	0.140084
0.091878	0.000000
0.091878	0.000000
0.091783	0.000097
0.091783	0.000042
0.091783	0.003272
0.091783	0.000882
0.091783	0.000058
0.091783	0.000087
0.091783	0.001428
0.091783	0.000012
0.168219	0.000024
0.168219	0.000000
0.168219	0.000000
0.168219	0.000000
0.046366	0.000001
0.046366	0.000001
0.046366	0.000006
0.046366	0.000000
0.046366	0.000000
0.107973	0.030664
0.107973	0.000000
0.107973	0.015005
0.107973	0.015592
0.107973	0.000000
0.107973	0.000000
0.107973	0.000000
0.107973	0.000000
0.082037	0.010515
0.082037	0.000497
0.082037	0.004929
0.082037	0.000000
0.082037	0.001045
0.082037	0.000245
0.082037	0.000013
0.082037	0.000111
0.206038	0.339938
0.206038	0.322735
0.206038	0.339938
0.206038	0.339938
0.206038	0.000000
0.206038	0.339938
0.206038	0.000000
0.206038	0.000000
0.206038	0.000000
0.364944	0.000000
0.364944	0.339938
0.364944	0.339938
0.364944	0.000000
0.364944	0.000000
0.364944	0.339938
0.364944	0.000000
0.364944	0.339938
0.364944	0.339938
0.364944	0.000000
0.364944	0.339938
0.271186	0.339938
0.271186	0.000000
0.271186	0.339938
0.271186	0.339938
0.271186	0.339938
0.271186	0.000000
0.271186	0.000000
0.357801	0.000000
0.357801	0.339938
0.357801	0.000000
0.357801	0.000000
0.357801	0.000000
0.357801	0.000000
0.357801	0.000000
0.357801	0.000000
0.357801	0.000000
0.349288	0.000000
0.349288	0.000000
0.349288	0.339938
0.349288	0.366876
0.457848	0.000000
0.457848	0.000000
0.457848	0.000000
0.457848	0.000000
0.457848	0.000000
0.457848	0.000000
0.457848	0.000000
0.457848	0.000000
0.457848	0.000000
