Ground Truth	Predictions
0.264077	0.000000
0.264077	0.968961
0.264077	0.976890
0.264077	0.985781
0.264077	0.000000
0.264077	0.000000
0.264077	0.000000
0.264077	0.000000
0.264077	0.000000
0.302384	0.958859
0.302384	0.000000
0.302384	0.957722
0.302384	0.995122
0.302384	0.000000
0.302384	0.000000
0.302384	0.000000
0.302384	0.000000
0.302384	0.000000
0.289850	0.298494
0.289850	0.298494
0.289850	0.298494
0.289850	0.298494
0.289850	0.380734
0.289850	0.000000
0.289850	0.000000
0.317392	0.000000
0.317392	0.000000
0.317392	0.000000
0.317392	0.000000
0.317392	0.000000
0.317392	0.000000
0.317392	0.000000
0.317392	0.000000
0.317392	0.000000
0.317392	0.000000
0.317392	0.000000
0.305957	0.000000
0.305957	0.000000
0.305957	0.000000
0.305957	0.000000
0.305957	0.000000
0.305957	0.000000
0.305957	0.000000
0.305957	0.000000
0.305957	0.000000
0.232710	0.000000
0.232710	0.000000
0.232710	0.000000
0.232710	0.000000
0.232710	0.000000
0.232710	0.000000
0.232710	0.000000
0.232710	0.000000
0.232710	0.000000
0.232710	0.000000
0.232710	0.000000
0.222901	0.801321
0.222901	0.865390
0.222901	0.880899
0.222901	0.940920
0.222901	0.000000
0.222901	0.840234
0.222901	0.000000
0.222901	0.000000
0.222901	0.000000
0.222901	0.000000
0.222901	0.000000
0.131106	0.764562
0.131106	0.930364
0.131106	0.821107
0.131106	0.859754
0.131106	0.000000
0.131106	0.000000
0.131106	0.000000
0.131106	0.000000
0.131106	0.000000
0.131106	0.866789
0.131106	0.000000
0.215374	0.000000
0.215374	0.000000
0.215374	0.000000
0.215374	0.000000
0.215374	0.000000
0.215374	0.000000
0.215374	0.000000
0.215374	0.000000
0.119818	0.000000
0.119818	0.000002
0.119818	0.000000
0.119818	0.000000
0.119818	0.000001
0.119818	0.000005
0.119818	0.000001
0.119818	0.000000
0.119818	0.000000
0.119818	0.002605
0.119818	0.000000
0.194487	0.005890
0.194487	0.107542
0.194487	0.000000
0.194487	0.000000
0.194487	0.000000
0.197330	0.000000
0.197330	0.000000
0.197330	0.000000
0.197330	0.000000
0.197330	0.000000
0.197330	0.000000
0.197330	0.000000
0.197330	0.000000
0.197330	0.000000
0.103413	0.000000
0.103413	0.000000
0.103413	0.000000
0.103413	0.000000
0.103413	0.000000
0.103413	0.000000
0.103413	0.000000
0.103413	0.000000
0.100402	0.000011
0.100402	0.000005
0.100402	0.000174
0.100402	0.000080
0.100402	0.000001
0.130396	0.013261
0.130396	0.000000
0.130396	0.000000
0.130396	0.104564
0.056747	0.000000
0.056747	0.000000
0.056747	0.385644
0.056747	0.000000
0.056747	0.000000
0.056747	0.000000
0.056747	0.000000
0.056747	0.000000
0.065729	0.399284
0.065729	0.000000
0.065729	0.366116
0.065729	0.000000
0.065729	0.000000
0.065729	0.000000
0.065729	0.343524
0.065729	0.000000
0.166308	0.000065
0.166308	0.000274
0.166308	0.000703
0.166308	0.000000
0.166308	0.000000
0.166308	0.000000
0.166308	0.000000
0.166308	0.000000
0.074015	0.423161
0.074015	0.451667
0.074015	0.523419
0.074015	0.599230
0.074015	0.480067
0.074015	0.000000
0.074015	0.000000
0.074015	0.000000
0.074015	0.000000
0.053310	0.000000
0.053310	0.000000
0.053310	0.000000
0.053310	0.000000
0.053310	0.000000
0.053310	0.000000
0.053310	0.000000
0.048762	0.000000
0.048762	0.000000
0.048762	0.000000
0.048762	0.000000
0.048762	0.000000
0.048762	0.000000
0.051305	0.000000
0.051305	0.000000
0.051305	0.000000
0.051305	0.000000
0.051305	0.000000
0.077657	0.000000
0.077657	0.000000
0.077657	0.000000
0.077657	0.000000
0.077657	0.000000
0.077657	0.000000
0.077657	0.000000
0.096883	0.000000
0.096883	0.000000
0.096883	0.000000
0.096883	0.000000
0.096883	0.000000
0.096883	0.000000
0.096883	0.000000
0.096883	0.000000
0.096883	0.000000
0.084200	0.000000
0.084200	0.000000
0.084200	0.000000
0.084200	0.000000
0.084200	0.000000
0.084200	0.000000
0.084200	0.000000
0.084200	0.000000
0.064345	0.000000
0.064345	0.000000
0.064345	0.000000
0.064345	0.000000
0.064345	0.000000
0.064345	0.000000
0.064345	0.000000
0.064345	0.000000
0.074220	0.000000
0.074220	0.000000
0.074220	0.000000
0.074220	0.000000
0.074220	0.000000
0.074220	0.000000
0.074220	0.000000
0.074220	0.000000
0.194800	0.000000
0.194800	0.000000
0.194800	0.000000
0.194800	0.000000
0.194800	0.000000
0.194800	0.000000
0.194800	0.000000
0.194800	0.000000
0.081005	0.000000
0.081005	0.000000
0.081005	0.000000
0.081005	0.000000
0.081005	0.000000
0.081005	0.000000
0.081005	0.000000
0.081005	0.000000
0.053572	0.000000
0.053572	0.000000
0.053572	0.000000
0.053572	0.000000
0.053572	0.000000
0.053572	0.000000
0.053572	0.000000
0.053572	0.000000
0.250743	0.000000
0.250743	0.000000
0.250743	0.000000
0.250743	0.000000
0.250743	0.000000
0.250743	0.000000
0.250743	0.000000
0.250743	0.000000
0.250743	0.000000
0.336909	0.000000
0.336909	0.000000
0.336909	0.000000
0.336909	0.000000
0.336909	0.000000
0.336909	0.000000
0.336909	0.000000
0.160383	0.000000
0.160383	0.000000
0.160383	0.000000
0.160383	0.000000
0.160383	0.000000
0.160383	0.000000
0.160383	0.000000
0.242654	0.000000
0.242654	0.000000
0.242654	0.000000
0.242654	0.000000
0.242654	0.000000
0.242654	0.000000
0.242654	0.000000
0.277687	0.000081
0.277687	0.000000
0.277687	0.000000
0.277687	0.000000
0.277687	0.000000
0.277687	0.000008
0.277687	0.000000
0.277687	0.000000
0.277687	0.000000
0.277687	0.000000
0.277687	0.000000
0.268012	0.000000
0.268012	0.000000
0.268012	0.000000
0.268012	0.000000
0.268012	0.000000
0.268012	0.000000
0.268012	0.000000
0.268012	0.000000
0.268012	0.000000
0.268012	0.000000
0.345879	0.000000
0.345879	0.000000
0.345879	0.000000
0.345879	0.000000
0.345879	0.000000
0.345879	0.000000
0.345879	0.000000
0.309424	0.000000
0.309424	0.000000
0.309424	0.000000
0.309424	0.000000
0.309424	0.000000
0.309424	0.000000
0.309424	0.000000
0.309424	0.000000
0.297253	0.000000
0.297253	0.000000
0.297253	0.000000
0.297253	0.000000
0.297253	0.000000
0.297253	0.000000
0.297253	0.000000
0.297253	0.000000
0.319985	0.000000
0.319985	0.000000
0.319985	0.000000
0.319985	0.000000
0.319985	0.000000
0.319985	0.000000
0.319985	0.000000
0.319985	0.000000
0.319985	0.000000
0.158109	0.000000
0.158109	0.000000
0.158109	0.000000
0.158109	0.000000
0.158109	0.000000
0.158109	0.000000
0.158109	0.000000
0.153877	0.036923
0.153877	0.000000
0.153877	0.000000
0.153877	0.000000
0.153877	0.000000
0.153877	0.000000
0.153877	0.019088
0.153877	0.000000
0.075573	0.000000
0.075573	0.000000
0.075573	0.197721
0.075573	0.029553
0.095557	0.000000
0.095557	0.000000
0.095557	0.000000
0.095557	0.000000
0.095557	0.000000
0.095557	0.000000
0.095557	0.000000
0.095557	0.000000
0.095557	0.000000
0.095557	0.000000
0.095557	0.000000
0.074720	0.832351
0.074720	0.000000
0.074720	0.680127
0.074720	0.670527
0.062466	0.000000
0.062466	0.000000
0.062466	0.000000
0.062466	0.000000
0.062466	0.000000
0.062466	0.000000
0.062466	0.000000
0.062466	0.000000
0.116620	0.971773
0.116620	0.966315
0.116620	0.970850
0.116620	0.000000
0.116620	0.000000
0.116620	0.000000
0.116620	0.000000
0.116620	0.000000
0.245813	0.000000
0.245813	0.000000
0.245813	0.000000
0.245813	0.000000
0.245813	0.000000
0.245813	0.000000
0.245813	0.000000
0.077451	0.000000
0.077451	0.000000
0.077451	0.000000
0.077451	0.000000
0.077451	0.000000
0.077451	0.000000
0.053932	0.000000
0.053932	0.000000
0.053932	0.000000
0.053932	0.000000
0.053932	0.000000
0.053932	0.000000
0.053932	0.000000
0.053932	0.000000
0.053932	0.000000
0.053932	0.000000
0.053932	0.000000
0.149483	0.489494
0.149483	0.000000
0.149483	0.524002
0.149483	0.511514
0.149483	0.000000
0.149483	0.715520
0.122224	0.151237
0.122224	0.262137
0.122224	0.437353
0.122224	0.292736
0.122224	0.319158
0.122224	0.622334
0.122224	0.667215
0.122224	0.538958
0.068186	0.000731
0.068186	0.001512
0.068186	0.001345
0.068186	0.000608
0.068186	0.004027
0.068186	0.028148
0.068186	0.000331
0.115802	0.440898
0.115802	0.738297
0.115802	0.502533
0.115802	0.819154
0.115802	0.000000
0.095980	0.006329
0.095980	0.234857
0.095980	0.018905
0.095980	0.000000
0.095980	0.020195
0.095980	0.084425
0.095980	0.001333
0.093044	0.095486
0.093044	0.483166
0.093044	0.500149
0.093044	0.702600
0.093044	0.165102
0.093044	0.042165
0.093044	0.537370
0.093044	0.577405
0.101378	0.828598
0.101378	0.792632
0.101378	0.893619
0.101378	0.958046
0.101378	0.845568
0.101378	0.817624
0.101378	0.892439
0.101378	0.814567
0.120587	0.298494
0.120587	0.000000
0.120587	0.298494
0.120587	0.000000
0.120587	0.000000
0.120587	0.000000
0.111339	0.801181
0.111339	0.000000
0.111339	0.865584
0.111339	0.000000
0.111339	0.000000
0.111339	0.000000
0.111339	0.000000
0.111339	0.000000
0.260053	0.298494
0.260053	0.298494
0.260053	0.298494
0.260053	0.000000
0.260053	0.000000
0.260053	0.000000
0.260053	0.000000
0.027460	0.298494
0.027460	0.000000
0.027460	0.000000
0.027460	0.000000
0.027460	0.000000
0.027460	0.298494
0.027460	0.000000
0.120000	0.298494
0.120000	0.000000
0.120000	0.298494
0.120000	0.000000
0.086404	0.515029
0.086404	0.480433
0.086404	0.609024
0.086404	0.653602
0.086404	0.383306
0.086404	0.744144
0.086404	0.000000
0.086404	0.000000
0.086404	0.000000
0.037280	0.001067
0.037280	0.000582
0.037280	0.002730
0.037280	0.001288
0.037280	0.000704
0.037280	0.001029
0.037280	0.002307
0.037280	0.000453
0.099853	0.050449
0.099853	0.000000
0.099853	0.018338
0.099853	0.006401
0.203747	0.000000
0.203747	0.001746
0.203747	0.022545
0.203747	0.013605
0.203747	0.000000
0.203747	0.298494
0.203747	0.000000
0.203747	0.000000
0.203747	0.119790
0.203747	0.000000
0.203747	0.298494
0.207810	0.895665
0.207810	0.760371
0.207810	0.801007
0.207810	0.873059
0.207810	0.000000
0.207810	0.000000
0.207810	0.000000
0.207810	0.000000
0.207810	0.000000
0.098476	0.827290
0.098476	0.927631
0.098476	0.808788
0.098476	0.880646
0.098476	0.737160
0.098476	0.981807
0.098476	0.888416
0.098476	0.863217
0.098476	0.892217
0.110786	0.000097
0.110786	0.000558
0.110786	0.001664
0.110786	0.000101
0.110786	0.000002
0.110786	0.016644
0.110786	0.000396
0.110786	0.000127
0.110786	0.013230
0.110786	0.250648
0.110786	0.463019
0.246925	0.687599
0.246925	0.644971
0.246925	0.719712
0.246925	0.749304
0.246925	0.650710
0.246925	0.837937
0.246925	0.840463
0.246925	0.000000
0.246925	0.000000
0.090317	0.552329
0.090317	0.773352
0.090317	0.540920
0.090317	0.630369
0.090317	0.000000
0.090317	0.000000
0.090317	0.000000
0.090317	0.580480
0.090317	0.000000
0.090317	0.519488
0.090317	0.548439
0.090317	0.000000
0.110248	0.404039
0.110248	0.593749
0.110248	0.618529
0.110248	0.442585
0.110248	0.419330
0.110248	0.525702
0.110248	0.618884
0.110248	0.743136
0.246087	0.000000
0.246087	0.000000
0.246087	0.000000
0.246087	0.000000
0.246087	0.000000
0.246087	0.000000
0.246087	0.000000
0.246087	0.000000
0.246087	0.000000
0.246087	0.000000
0.246087	0.000000
0.246087	0.000000
0.246087	0.000000
0.246087	0.000000
0.208533	0.955164
0.208533	0.959668
0.208533	0.963391
0.208533	0.967092
0.208533	0.986139
0.208533	0.000000
0.208533	0.000000
0.208533	0.000000
0.157670	0.969705
0.157670	0.970140
0.157670	0.970038
0.157670	0.969512
0.157670	0.958553
0.157670	0.973603
0.157670	0.000000
0.157670	0.981687
0.216396	0.187881
0.216396	0.286382
0.216396	0.382880
0.216396	0.189427
0.216396	0.335653
0.216396	0.253981
0.216396	0.905175
0.216396	0.825624
0.164073	0.000003
0.164073	0.000004
0.164073	0.000029
0.164073	0.000000
0.164073	0.000000
0.164073	0.000000
0.164073	0.000000
0.164073	0.000000
0.164073	0.000000
0.300964	0.000010
0.300964	0.000000
0.300964	0.000064
0.300964	0.000000
0.300964	0.000000
0.300964	0.000000
0.300964	0.000000
0.300964	0.000000
0.300964	0.000000
0.134130	0.000000
0.134130	0.000000
0.134130	0.000000
0.134130	0.000000
0.134130	0.000000
0.134130	0.000000
0.134130	0.000000
0.134130	0.000000
0.134130	0.000000
0.134130	0.000000
0.134130	0.000000
0.134130	0.000000
0.134130	0.000000
0.134130	0.000000
0.308148	0.873465
0.308148	0.895276
0.308148	0.899097
0.308148	0.920158
0.308148	0.000000
0.308148	0.841198
0.308148	0.915709
0.308148	0.000000
0.308148	0.158988
0.145822	0.603018
0.145822	0.762554
0.145822	0.548067
0.145822	0.614718
0.145822	0.000000
0.120702	0.010521
0.120702	0.027298
0.120702	0.058268
0.120702	0.007370
0.120702	0.009577
0.120702	0.000000
0.120702	0.000123
0.120702	0.000000
0.101205	0.000000
0.101205	0.000000
0.101205	0.000000
0.101205	0.000000
0.101205	0.000000
0.101205	0.000000
0.101205	0.000000
0.101205	0.000000
0.101205	0.000000
0.101205	0.000000
0.101205	0.000000
0.101205	0.000000
0.219048	0.000000
0.219048	0.000000
0.219048	0.000000
0.219048	0.000000
0.219048	0.000000
0.219048	0.000000
0.219048	0.000000
0.219048	0.000000
0.219048	0.000000
0.263410	0.000000
0.263410	0.000000
0.263410	0.000000
0.263410	0.000000
0.263410	0.000000
0.263410	0.000000
0.263410	0.000000
0.263410	0.000000
0.263410	0.000000
0.084336	0.000000
0.084336	0.000000
0.084336	0.000000
0.084336	0.000000
0.084336	0.000000
0.084336	0.000000
0.084336	0.000000
0.084336	0.000000
0.084336	0.000000
0.084336	0.000000
0.084336	0.000000
0.081339	0.000000
0.081339	0.000000
0.081339	0.000000
0.081339	0.000000
0.081339	0.000000
0.081339	0.000000
0.081339	0.000000
0.081339	0.000000
0.199836	0.000000
0.199836	0.000000
0.199836	0.000000
0.199836	0.000000
0.199836	0.000000
0.199836	0.000000
0.199836	0.000000
0.107607	0.000000
0.107607	0.000000
0.107607	0.000000
0.107607	0.000000
0.107607	0.000000
0.107607	0.000000
0.107607	0.000000
0.107607	0.000000
0.268836	0.000000
0.268836	0.000000
0.268836	0.000000
0.268836	0.000000
0.268836	0.000000
0.268836	0.000000
0.268836	0.000000
0.268836	0.000000
0.268836	0.000000
0.268836	0.000000
0.268836	0.000000
0.124692	0.000000
0.124692	0.000000
0.124692	0.000000
0.124692	0.000000
0.124692	0.000000
0.124692	0.000000
0.267387	0.000000
0.267387	0.000000
0.267387	0.000000
0.267387	0.000000
0.139415	0.000000
0.139415	0.000000
0.139415	0.000000
0.139415	0.000000
0.139415	0.000000
0.139415	0.000000
0.139415	0.000000
0.075814	0.000000
0.075814	0.000000
0.075814	0.000000
0.075814	0.000000
0.075814	0.000000
0.075814	0.000000
0.075814	0.000000
0.075814	0.000000
0.131851	0.000000
0.131851	0.000000
0.131851	0.000000
0.131851	0.000000
0.087972	0.000000
0.087972	0.000000
0.087972	0.000000
0.087972	0.000000
0.087972	0.000000
0.087972	0.000000
0.066872	0.000000
0.066872	0.000000
0.066872	0.000000
0.066872	0.000000
0.066872	0.000000
0.066872	0.000000
0.065156	0.000000
0.065156	0.000000
0.065156	0.000000
0.065156	0.000000
0.065156	0.000000
0.065156	0.000000
0.065156	0.000000
0.065156	0.000000
0.065156	0.000000
0.117110	0.000000
0.117110	0.000000
0.117110	0.000000
0.117110	0.000000
0.117110	0.000000
0.117110	0.000000
0.117110	0.000000
0.117110	0.000000
0.129879	0.000000
0.129879	0.000000
0.129879	0.000000
0.129879	0.000000
0.129879	0.000000
0.129879	0.000000
0.129879	0.000000
0.113209	0.000000
0.113209	0.000000
0.113209	0.000000
0.113209	0.000000
0.107257	0.000000
0.107257	0.000000
0.107257	0.000000
0.107257	0.000000
0.107257	0.000000
0.092459	0.000000
0.092459	0.000000
0.092459	0.000000
0.092459	0.000000
0.092459	0.000000
0.092459	0.000000
0.092459	0.000000
0.092459	0.000000
0.092459	0.000000
0.092459	0.000000
0.092459	0.000000
0.122835	0.001063
0.122835	0.003765
0.122835	0.000000
0.122835	0.000000
0.122835	0.000000
0.122835	0.014328
0.122835	0.000000
0.122835	0.000000
0.122835	0.000000
0.162542	0.010920
0.162542	0.000000
0.162542	0.025309
0.162542	0.000000
0.162542	0.000000
0.197648	0.000199
0.197648	0.309534
0.197648	0.000000
0.197648	0.000000
0.197648	0.003579
0.094157	0.000833
0.094157	0.000000
0.094157	0.047078
0.094157	0.000000
0.124523	0.000001
0.124523	0.000022
0.124523	0.000031
0.124523	0.000031
0.124523	0.000216
0.124523	0.000079
0.124523	0.000046
0.124523	0.003195
0.124523	0.249177
0.124523	0.048145
0.124523	0.000000
0.144969	0.000000
0.144969	0.798807
0.144969	0.906943
0.144969	0.000000
0.144969	0.000000
0.144969	0.000000
0.144969	0.000000
0.144969	0.000000
0.144969	0.000000
0.144969	0.000000
0.142859	0.000000
0.142859	0.000002
0.142859	0.000000
0.142859	0.000000
0.142859	0.000000
0.142859	0.000001
0.142859	0.005915
0.142859	0.000000
0.075785	0.000000
0.075785	0.000000
0.075785	0.788055
0.075785	0.139128
0.075785	0.000000
0.075785	0.000000
0.075785	0.088077
0.075785	0.000000
0.406045	0.921178
0.406045	0.027803
0.406045	0.235492
0.406045	0.000000
0.406045	0.000000
0.406045	0.000000
0.406045	0.000000
0.406045	0.000000
0.406045	0.000000
0.320094	0.000000
0.320094	0.000000
0.320094	0.336506
0.320094	0.034814
0.320094	0.000000
0.320094	0.000000
0.320094	0.000000
0.320094	0.000000
0.320094	0.000000
0.320094	0.000000
0.109804	0.000000
0.109804	0.000000
0.109804	0.000000
0.109804	0.000000
0.109804	0.000000
0.109804	0.000000
0.109804	0.000000
0.109804	0.000000
0.128446	0.000000
0.128446	0.000000
0.128446	0.000000
0.128446	0.000000
0.128446	0.000000
0.128446	0.000000
0.128446	0.000000
0.128446	0.000000
0.128446	0.000000
0.128446	0.000000
0.128446	0.000000
0.128446	0.000000
0.384519	0.000000
0.384519	0.000000
0.384519	0.000000
0.384519	0.000000
0.384519	0.000000
0.384519	0.000000
0.188932	0.298494
0.188932	0.298494
0.188932	0.298494
0.188932	0.306350
0.188932	0.405885
0.188932	0.298494
0.188932	0.000000
0.188932	0.000000
0.122241	0.025064
0.122241	0.054859
0.122241	0.055416
0.122241	0.029276
0.122241	0.054075
0.122241	0.180122
0.122241	0.065811
0.122241	0.300296
0.188513	0.003982
0.188513	0.013557
0.188513	0.009674
0.188513	0.003464
0.188513	0.014311
0.188513	0.009874
0.188513	0.000000
0.188513	0.000000
0.538253	0.957080
0.538253	0.971495
0.538253	0.977047
0.538253	0.000000
0.538253	0.000000
0.538253	0.000000
0.538253	0.000000
0.538253	0.000000
0.538253	0.000000
0.538253	0.000000
0.538253	0.000000
0.223865	0.972959
0.223865	0.000000
0.223865	0.985223
0.223865	0.000000
0.223865	0.000000
0.223865	0.000000
0.223865	0.000000
0.223865	0.984598
0.223865	0.986917
0.223865	0.000000
0.223865	0.000000
0.093953	0.298494
0.093953	0.409260
0.093953	0.483052
0.093953	0.567727
0.093953	0.232318
0.093953	0.352697
0.093953	0.298494
0.093953	0.000000
0.093953	0.547951
0.093953	0.000000
0.093953	0.408434
0.093953	0.802068
0.327088	0.008659
0.327088	0.004021
0.327088	0.018231
0.327088	0.000000
0.327088	0.000348
0.327088	0.038897
0.576496	0.745278
0.576496	0.881732
0.576496	0.776803
0.576496	0.000000
0.576496	0.000000
0.576496	0.000000
0.576496	0.000000
0.576496	0.000000
0.544641	0.000000
0.544641	0.000000
0.544641	0.000000
0.544641	0.000000
0.544641	0.000000
0.544641	0.000000
0.544641	0.000000
0.544641	0.000000
0.544641	0.000000
0.121295	0.000000
0.121295	0.000000
0.121295	0.000000
0.121295	0.000000
0.204882	0.000000
0.204882	0.000000
0.204882	0.000000
0.204882	0.000000
0.283121	0.000000
0.283121	0.000000
0.283121	0.000000
0.283121	0.000000
0.283121	0.000000
0.283121	0.000000
0.283121	0.000000
0.283121	0.000000
0.071337	0.000000
0.071337	0.000000
0.071337	0.000000
0.071337	0.000000
0.071337	0.000000
0.071337	0.000000
0.071337	0.000000
0.071337	0.000000
0.198594	0.549191
0.198594	0.117447
0.198594	0.185355
0.198594	0.001989
0.198594	0.000000
0.198594	0.248730
0.198594	0.112861
0.198594	0.000000
0.160804	0.000000
0.160804	0.000000
0.160804	0.000000
0.160804	0.000000
0.160804	0.000000
0.160804	0.000000
0.160804	0.000000
0.160804	0.000000
0.160804	0.000000
0.160804	0.000000
0.160804	0.000000
0.232693	0.861583
0.232693	0.822992
0.232693	0.885950
0.232693	0.898230
0.232693	0.881165
0.232693	0.878268
0.232693	0.914526
0.232693	0.965566
0.157545	0.879927
0.157545	0.866688
0.157545	0.891392
0.157545	0.890265
0.157545	0.826941
0.157545	0.934474
0.157545	0.000000
0.157545	0.000000
0.074016	0.000000
0.074016	0.000001
0.074016	0.000027
0.074016	0.000000
0.074016	0.000000
0.074016	0.000069
0.074016	0.000007
0.074016	0.000001
0.074016	0.000003
0.074016	0.000000
0.074016	0.000027
0.122146	0.022304
0.122146	0.064979
0.122146	0.063279
0.122146	0.021739
0.122146	0.054319
0.122146	0.016011
0.122146	0.083114
0.122146	0.021984
0.147846	0.176524
0.147846	0.404312
0.147846	0.275381
0.147846	0.377870
0.147846	0.750636
0.147846	0.705985
0.059593	0.054127
0.059593	0.061465
0.059593	0.126841
0.059593	0.091427
0.059593	0.026270
0.059593	0.029815
0.076394	0.000000
0.076394	0.000000
0.076394	0.000000
0.076394	0.000000
0.076394	0.000000
0.076394	0.000000
0.076394	0.000000
0.076394	0.000000
0.111895	0.025307
0.111895	0.114445
0.111895	0.046799
0.111895	0.178253
0.111895	0.051261
0.111895	0.066356
0.111895	0.006068
0.270838	0.983558
0.270838	0.987030
0.270838	0.985852
0.270838	0.985097
0.270838	0.991488
0.270838	0.992111
0.270838	0.000000
0.270838	0.991354
0.270838	0.000000
0.270838	0.000000
0.270838	0.000000
0.085442	0.000000
0.085442	0.000000
0.085442	0.000000
0.085442	0.000000
0.085442	0.000000
0.085442	0.000000
0.085442	0.000000
0.085442	0.309009
0.090705	0.001514
0.090705	0.005505
0.090705	0.004809
0.090705	0.001512
0.090705	0.006657
0.090705	0.023667
0.090705	0.000000
0.090705	0.001776
0.097238	0.748514
0.097238	0.757764
0.097238	0.812913
0.097238	0.000000
0.097238	0.976768
0.139694	0.517033
0.139694	0.680410
0.139694	0.611187
0.139694	0.000000
0.139694	0.000000
0.139694	0.000000
0.139694	0.000000
0.139694	0.000000
0.117652	0.000000
0.117652	0.000759
0.117652	0.000007
0.117652	0.000001
0.117652	0.032335
0.117652	0.000025
0.117652	0.000004
0.117652	0.000000
0.117652	0.000000
0.117652	0.000000
0.117652	0.000000
0.051422	0.981958
0.051422	0.988797
0.051422	0.987002
0.051422	0.000000
0.051422	0.000000
0.051422	0.000000
0.051422	0.000000
0.051422	0.984137
0.051422	0.000000
0.051422	0.000000
0.051422	0.990170
0.110555	0.576090
0.110555	0.000000
0.110555	0.617837
0.110555	0.762927
0.110555	0.000000
0.081316	0.298494
0.081316	0.407762
0.081316	0.298494
0.081316	0.298494
0.081316	0.000000
0.081316	0.000000
0.081316	0.000000
0.081316	0.000000
0.081316	0.000000
0.081316	0.000000
0.081316	0.000000
0.171979	0.764482
0.171979	0.875100
0.171979	0.839893
0.171979	0.000000
0.171979	0.000000
0.171979	0.000000
0.171979	0.000000
0.171979	0.000000
0.171979	0.000000
0.261231	0.298494
0.261231	0.000000
0.261231	0.298494
0.261231	0.000000
0.261231	0.000000
0.261231	0.000000
0.258759	0.298494
0.258759	0.000000
0.258759	0.298494
0.258759	0.000000
0.258759	0.298494
0.258759	0.298494
0.258759	0.298494
0.258759	0.000000
0.139364	0.768949
0.139364	0.000000
0.139364	0.804735
0.139364	0.000000
0.139364	0.839826
0.139364	0.804679
0.139364	0.906002
0.139364	0.859624
0.428246	0.000000
0.428246	0.000000
0.428246	0.786795
0.428246	0.000000
0.428246	0.000000
0.428246	0.000000
0.428246	0.000000
0.428246	0.000000
0.428246	0.000000
0.356992	0.000000
0.356992	0.000000
0.356992	0.953076
0.356992	0.984260
0.356992	0.000000
0.356992	0.000000
0.356992	0.000000
0.356992	0.000000
0.331417	0.000000
0.331417	0.000000
0.331417	0.000000
0.331417	0.000000
0.370642	0.298494
0.370642	0.000000
0.370642	0.000000
0.370642	0.000000
0.370642	0.000000
0.370642	0.000000
0.370642	0.000000
0.083709	0.444154
0.083709	0.000000
0.083709	0.387999
0.083709	0.000000
0.142727	0.738948
0.142727	0.000000
0.142727	0.816961
0.142727	0.000000
0.142727	0.000000
0.142727	0.000000
0.142727	0.000000
0.142727	0.000000
0.142727	0.000000
0.219989	0.298494
0.219989	0.298494
0.219989	0.298494
0.219989	0.000000
0.219989	0.298494
0.219989	0.000000
0.219989	0.298494
0.219989	0.000000
0.132610	0.903486
0.132610	0.000000
0.132610	0.000000
0.132610	0.000000
0.132610	0.000000
0.132610	0.000000
0.132610	0.000000
0.132610	0.000000
0.132610	0.000000
0.156608	0.000000
0.156608	0.000000
0.156608	0.000000
0.156608	0.000000
0.156608	0.298494
0.156608	0.298494
0.156608	0.000000
0.154905	0.000000
0.154905	0.000000
0.154905	0.881959
0.154905	0.814942
0.154905	0.000000
0.154905	0.000000
0.154905	0.807917
0.154905	0.000000
0.245172	0.435763
0.245172	0.298494
0.245172	0.298494
0.245172	0.298494
0.245172	0.000000
0.245172	0.000000
0.245172	0.000000
0.245172	0.000000
0.316457	0.901425
0.316457	0.881115
0.316457	0.835330
0.316457	0.849677
0.316457	0.000000
0.316457	0.000000
0.316457	0.000000
0.316457	0.000000
0.316457	0.000000
0.345332	0.776251
0.345332	0.783746
0.345332	0.772567
0.345332	0.756373
0.345332	0.000000
0.345332	0.000000
0.345332	0.000000
0.345332	0.000000
0.345332	0.000000
0.156456	0.298494
0.156456	0.379385
0.156456	0.298494
0.156456	0.298494
0.156456	0.000000
0.156456	0.000000
0.156456	0.000000
0.156456	0.000000
0.156456	0.000000
0.156456	0.000000
0.156456	0.000000
0.156456	0.000000
0.156456	0.000000
0.156456	0.000000
0.127187	0.298494
0.127187	0.298494
0.127187	0.311828
0.127187	0.307217
0.127187	0.000000
0.127187	0.298494
0.127187	0.000000
0.127187	0.000000
0.346630	0.804011
0.346630	0.000000
0.346630	0.860499
0.346630	0.000000
0.346630	0.000000
0.346630	0.000000
0.346630	0.000000
0.346630	0.000000
0.346630	0.000000
0.219712	0.298494
0.219712	0.298494
0.219712	0.298494
0.219712	0.958473
0.219712	0.000000
0.219712	0.298494
0.219712	0.000000
0.219712	0.000000
0.101618	0.315992
0.101618	0.574298
0.101618	0.411069
0.101618	0.000000
0.101618	0.000000
0.101618	0.532588
0.101618	0.000000
0.090225	0.508043
0.090225	0.000000
0.090225	0.613597
0.090225	0.000000
0.090225	0.000000
0.090225	0.000000
0.090225	0.000000
0.090225	0.000000
0.197854	0.482848
0.197854	0.537938
0.197854	0.464906
0.197854	0.000000
0.197854	0.000000
0.197854	0.514549
0.197854	0.000000
0.197854	0.000000
0.197854	0.000000
0.197854	0.599062
0.197854	0.481386
0.197854	0.756412
0.265948	0.543651
0.265948	0.386643
0.265948	0.000000
0.265948	0.596190
0.265948	0.971963
0.265948	0.000000
