Ground Truth	Predictions
0.189824	0.000000
0.189824	0.000000
0.189824	1.000000
0.189824	0.000000
0.189824	0.000000
0.189824	0.000000
0.189824	0.000000
0.189824	0.000000
0.189824	0.000000
0.216138	0.000000
0.216138	0.000000
0.216138	0.000000
0.216138	0.000000
0.216138	0.000000
0.216138	0.000000
0.163046	0.000000
0.163046	0.000000
0.163046	0.000000
0.163046	0.000000
0.163046	0.000000
0.163046	0.000000
0.163046	0.000000
0.099638	0.000000
0.099638	0.000000
0.099638	0.000000
0.099638	0.000000
0.099638	0.000000
0.099638	0.000000
0.099638	0.000000
0.099638	0.000000
0.099638	0.000000
0.099638	0.000000
0.099638	0.000000
0.090248	0.000000
0.090248	0.000000
0.090248	0.000000
0.090248	0.000000
0.090248	0.000000
0.090248	0.000000
0.090248	0.000000
0.090248	0.000000
0.065201	0.000000
0.065201	0.000000
0.065201	0.000000
0.065201	0.000000
0.065201	0.000000
0.065201	0.000000
0.065201	0.000000
0.065201	0.000000
0.065201	0.000000
0.065201	0.000000
0.065201	0.000000
0.059149	0.000000
0.059149	0.000000
0.059149	0.000000
0.059149	0.000000
0.059149	0.000000
0.059149	0.000000
0.059149	0.000000
0.059149	0.000000
0.059149	0.000000
0.059149	0.000000
0.295225	0.000000
0.295225	0.000000
0.295225	0.000000
0.295225	0.000000
0.295225	0.000000
0.295225	0.000000
0.295225	0.000000
0.295225	0.000000
0.112853	0.000000
0.112853	0.000000
0.112853	0.000000
0.112853	0.000000
0.112853	0.000000
0.112853	0.000000
0.112853	0.000000
0.112853	0.000000
0.112853	0.000000
0.112853	0.000000
0.112853	0.000000
0.112853	0.000000
0.372687	0.000000
0.372687	0.000000
0.372687	0.000000
0.372687	0.000000
0.372687	0.000000
0.372687	0.000000
0.372687	0.000000
0.372687	0.000000
0.372687	0.000000
0.096242	0.000000
0.096242	0.000000
0.096242	0.000000
0.096242	0.000000
0.096242	0.000000
0.096242	0.000000
0.096242	0.000000
0.071122	0.000000
0.071122	0.000000
0.071122	0.000000
0.071122	0.000000
0.071122	0.000000
0.071122	0.000000
0.071122	0.000000
0.071122	0.000000
0.071122	0.000000
0.071122	0.000000
0.071122	0.000000
0.085355	0.000000
0.085355	0.000000
0.085355	0.000000
0.085355	0.000000
0.083931	0.005269
0.083931	1.000000
0.083931	1.000000
0.083931	0.000000
0.083931	0.000000
0.083931	0.000000
0.083931	0.000000
0.070797	1.000000
0.070797	1.000000
0.070797	1.000000
0.070797	1.000000
0.070797	1.000000
0.070797	1.000000
0.070797	0.000000
0.070797	0.000000
0.070797	0.000000
0.070797	0.000000
0.065825	0.000002
0.065825	0.000000
0.065825	0.000000
0.065825	1.000000
0.065825	0.000000
0.065825	0.000000
0.065825	0.000000
0.063725	0.000000
0.063725	0.000000
0.063725	0.000000
0.063725	0.000000
0.063725	0.000000
0.052976	0.000000
0.052976	0.000000
0.052976	0.000000
0.052976	0.853923
0.052976	0.000000
0.052976	0.000000
0.052976	0.000000
0.052976	0.000000
0.079888	0.000000
0.079888	0.000000
0.079888	0.000000
0.079888	0.000000
0.079888	0.000000
0.079888	0.000000
0.079888	0.000000
0.079888	0.000000
0.139576	0.000000
0.139576	0.000000
0.139576	0.000000
0.139576	0.000000
0.139576	0.000000
0.139576	0.000000
0.139576	0.000000
0.139576	0.000000
0.139576	0.000000
0.139576	0.000000
0.139576	0.000000
0.106152	0.000000
0.106152	0.000000
0.106152	0.000000
0.106152	0.000000
0.106152	0.000000
0.106152	0.000000
0.106152	0.000000
0.086568	0.000000
0.086568	0.000000
0.086568	0.000000
0.086568	0.000000
0.086568	0.000000
0.268833	0.000000
0.268833	0.000000
0.268833	0.000000
0.268833	0.000000
0.268833	0.000000
0.268833	0.000000
0.268833	0.000000
0.268833	0.000000
0.268833	0.000000
0.104722	0.000000
0.104722	0.000000
0.104722	0.000000
0.104722	0.000000
0.104722	0.000000
0.104722	0.000000
0.104722	0.000000
0.104722	0.000000
0.104722	0.000000
0.104722	0.000000
0.104722	0.000000
0.250380	0.000000
0.250380	0.000000
0.250380	0.000000
0.250380	0.000000
0.250380	0.000000
0.195268	0.000000
0.195268	0.000000
0.195268	0.000000
0.195268	0.000000
0.195268	0.000000
0.203259	0.000000
0.203259	0.000000
0.203259	0.000000
0.203259	0.000000
0.203259	0.000000
0.203259	0.000000
0.203259	0.000000
0.203259	0.000000
0.162182	0.000000
0.162182	0.000000
0.162182	0.000000
0.162182	0.000000
0.162182	0.000000
0.162182	0.000000
0.162182	0.000000
0.162182	0.000000
0.162182	0.000000
0.162182	0.000000
0.162182	0.000000
0.082563	0.000000
0.082563	0.000000
0.082563	0.000000
0.082563	0.000000
0.082563	0.000000
0.082563	0.000000
0.082563	0.000000
0.184174	0.000000
0.184174	0.000000
0.184174	0.000000
0.184174	0.000000
0.184174	0.000000
0.184174	0.000000
0.184174	0.000000
0.184174	0.000000
0.193989	0.000000
0.193989	0.000000
0.193989	0.000000
0.193989	0.000000
0.193989	0.000000
0.193989	0.000000
0.155434	0.000000
0.155434	0.000000
0.155434	0.000000
0.155434	0.000000
0.155434	0.000000
0.155434	0.000000
0.155434	0.000000
0.155434	0.000000
0.155434	0.000000
0.074892	0.000000
0.074892	0.000000
0.074892	0.000000
0.074892	0.000000
0.074892	0.000000
0.074892	0.000000
0.074892	0.000000
0.074892	0.000000
0.074892	0.000000
0.074892	0.000000
0.074892	0.000000
0.093965	0.000000
0.093965	0.000000
0.093965	0.000000
0.093965	0.000000
0.093965	0.000000
0.093965	0.000000
0.093965	0.000000
0.093965	0.000000
0.156047	0.000000
0.156047	0.000000
0.156047	0.000000
0.156047	0.000000
0.156047	0.000000
0.156047	0.000000
0.156047	0.000000
0.124111	0.000000
0.124111	0.000000
0.124111	0.000000
0.124111	0.000000
0.124111	0.000000
0.124111	0.000000
0.124111	0.000000
0.124111	0.000000
0.089354	0.000000
0.089354	0.000000
0.089354	0.000000
0.089354	0.000000
0.106507	0.000000
0.106507	0.002502
0.106507	0.594830
0.106507	0.999992
0.106507	0.000000
0.106507	0.000000
0.106507	0.000000
0.106507	0.000000
0.106507	0.000000
0.160723	0.000000
0.160723	0.000000
0.160723	0.000000
0.160723	0.000000
0.160723	0.000000
0.160723	0.000000
0.160723	0.000000
0.100392	0.000000
0.100392	0.000000
0.100392	0.000000
0.100392	0.000000
0.100392	0.000000
0.100392	0.000000
0.100392	0.000000
0.100392	0.000000
0.100392	0.000000
0.211006	0.000000
0.211006	0.000000
0.211006	0.000000
0.211006	0.000000
0.211006	0.000000
0.211006	0.000000
0.211006	0.000000
0.056349	0.000000
0.056349	0.000000
0.056349	0.000000
0.056349	0.000000
0.056349	0.000000
0.056349	0.000000
0.056349	0.000000
0.056349	0.000000
0.056349	0.000000
0.056349	0.000000
0.056349	0.000000
0.142744	0.000000
0.142744	0.000000
0.142744	0.000000
0.142744	0.000000
0.142744	0.000000
0.142744	0.000000
0.142744	0.000000
0.142744	0.000000
0.142744	0.000000
0.142744	0.000000
0.142744	0.000000
0.142744	0.000000
0.079769	0.000000
0.079769	0.000000
0.079769	0.000000
0.079769	0.000000
0.079769	0.000000
0.079769	0.000000
0.319401	0.000000
0.319401	0.000000
0.319401	0.000000
0.319401	0.000000
0.319401	0.000000
0.319401	0.000000
0.319401	0.000000
0.319401	0.000000
0.319401	0.000000
0.157016	0.000000
0.157016	0.000000
0.157016	0.000000
0.157016	0.000000
0.157016	0.000000
0.157016	0.000000
0.157016	0.000000
0.120554	0.000000
0.120554	0.000000
0.120554	0.000000
0.120554	0.000000
0.120554	0.000000
0.148209	0.000000
0.148209	0.000000
0.148209	0.000000
0.148209	0.000000
0.148209	0.000000
0.148209	0.000000
0.148209	0.000000
0.148209	0.000000
0.235418	0.000000
0.235418	0.000000
0.235418	0.000000
0.235418	0.000000
0.235418	0.000000
0.235418	0.000000
0.235418	0.000000
0.235418	0.000000
0.126896	0.000000
0.126896	0.000000
0.126896	0.000000
0.126896	0.000000
0.126896	0.000000
0.126896	0.000000
0.126896	0.000000
0.126896	0.000000
0.126896	0.000000
0.126896	0.000000
0.126896	0.000000
0.126896	0.000000
0.168953	0.000000
0.168953	0.000000
0.168953	0.000000
0.168953	0.000000
0.168953	0.000000
0.168953	0.000000
0.168953	0.000000
0.168953	0.000000
0.078279	0.000000
0.078279	0.000000
0.078279	0.000000
0.078279	0.000000
0.078279	0.000000
0.078279	0.000000
0.078279	0.000000
0.096029	0.000000
0.096029	0.000000
0.096029	0.000000
0.096029	0.000000
0.096029	0.000000
0.096029	0.000000
0.096029	0.000000
0.096029	0.000000
0.096029	0.000000
0.074933	0.000000
0.074933	0.000000
0.074933	0.000000
0.074933	0.000000
0.074933	0.000000
0.074933	0.000000
0.074933	0.000000
0.078336	0.000000
0.078336	0.000000
0.078336	0.000000
0.078336	0.000000
0.077297	0.000000
0.077297	0.000000
0.077297	0.000000
0.077297	0.000000
0.077297	0.000000
0.091709	0.000000
0.091709	0.000000
0.091709	0.000000
0.091709	0.000000
0.091709	0.000000
0.091709	0.000000
0.091709	0.000000
0.132973	0.000000
0.132973	0.000000
0.132973	0.000000
0.132973	0.000000
0.132973	0.000000
0.132973	0.000000
0.132973	0.000000
0.132973	0.000000
0.276407	0.000000
0.276407	0.000000
0.276407	0.000000
0.276407	0.000000
0.276407	0.000000
0.276407	0.000000
0.276407	0.000000
0.276407	0.000000
0.310091	0.000000
0.310091	0.000000
0.310091	0.000000
0.310091	0.000000
0.310091	0.000000
0.310091	0.000000
0.310091	0.000000
0.101231	0.000000
0.101231	0.000000
0.101231	0.000000
0.101231	0.000000
0.167212	0.000000
0.167212	0.000000
0.167212	0.000000
0.167212	0.000000
0.167212	0.000000
0.167212	0.000000
0.167212	0.000000
0.167212	0.000000
0.070127	0.000000
0.070127	0.000000
0.070127	0.000000
0.070127	0.000000
0.070127	0.000000
0.070127	0.000000
0.070127	0.000000
0.101633	0.000000
0.101633	0.000000
0.101633	0.000000
0.101633	0.000000
0.101633	0.000000
0.101633	0.000000
0.101633	0.000000
0.070007	0.000000
0.070007	0.000000
0.070007	0.000000
0.070007	0.000000
0.070007	0.000000
0.070007	0.000000
0.070007	0.000000
0.070007	0.000000
0.070007	0.000000
0.075933	0.000000
0.075933	0.000000
0.075933	0.000000
0.075933	0.000000
0.075933	0.000000
0.075933	0.000000
0.075933	0.000000
0.075933	0.000000
0.075933	0.000000
0.083016	0.000000
0.083016	0.000000
0.083016	0.000000
0.083016	0.000000
0.083016	0.000000
0.383066	0.000000
0.383066	0.000000
0.383066	0.000000
0.383066	0.000000
0.383066	0.000000
0.383066	0.000000
0.383066	0.000000
0.383066	0.000000
0.383066	0.000000
0.383066	0.000000
0.383066	0.000000
0.208849	0.000000
0.208849	0.000000
0.208849	0.000000
0.208849	0.000000
0.208849	0.000000
0.023061	0.000000
0.023061	0.000000
0.023061	0.000000
0.023061	0.000000
0.023061	0.000000
0.023061	0.000000
0.023061	0.000000
0.023061	0.000000
0.023061	0.000000
0.206817	0.000000
0.206817	0.000000
0.206817	0.000000
0.206817	0.000000
0.227244	0.000000
0.227244	0.000000
0.227244	0.000000
0.227244	0.000000
0.227244	0.000000
0.227244	0.000000
0.227244	0.000000
0.227244	0.000000
0.227244	0.000000
0.133018	0.000000
0.133018	0.000000
0.133018	0.000000
0.133018	0.000000
0.133018	0.000000
0.133018	0.000000
0.133018	0.000000
0.133018	0.000000
0.153294	0.000000
0.153294	0.000000
0.153294	0.000000
0.153294	0.000000
0.153294	0.000000
0.153294	0.000000
0.153294	0.000000
0.153294	0.000000
0.153294	0.000000
0.072972	0.000000
0.072972	0.000000
0.072972	0.000000
0.072972	0.000000
0.072972	0.000000
0.040770	0.000000
0.040770	0.000000
0.040770	0.000000
0.040770	0.000000
0.040770	0.000000
0.078488	0.000000
0.078488	0.000000
0.078488	0.000000
0.078488	0.000000
0.078488	0.000000
0.078488	0.000000
0.078488	0.000000
0.078488	0.000000
0.078488	0.000000
0.078488	0.000000
0.078488	0.000000
0.049490	0.000000
0.049490	0.000000
0.049490	0.000000
0.049490	0.000000
0.049490	0.000000
0.049133	0.000000
0.049133	0.000000
0.049133	0.000000
0.049133	0.000000
0.049133	0.000000
0.044847	0.000000
0.044847	0.000000
0.044847	0.000000
0.044847	0.000000
0.044847	0.000000
0.044847	0.000000
0.044847	0.000000
0.044847	0.000000
0.044847	0.000000
0.044847	0.000000
0.044847	0.000000
0.057105	0.000000
0.057105	0.000000
0.057105	0.000000
0.057105	0.000000
0.057105	0.000000
0.057105	0.000000
0.057105	0.000000
0.057105	0.000000
0.086983	0.000000
0.086983	0.000000
0.086983	0.000000
0.086983	0.000000
0.086983	0.000000
0.086983	0.000000
0.086983	0.000000
0.086983	0.000000
0.086983	0.000000
0.086983	0.000000
0.056767	0.000000
0.056767	0.000000
0.056767	0.000000
0.056767	0.000000
0.056767	0.000000
0.056767	0.000000
0.096921	0.000000
0.096921	0.000000
0.096921	0.000000
0.096921	0.000000
0.096921	0.000000
0.096921	0.000000
0.096921	0.000000
0.096921	0.000000
0.074414	0.000000
0.074414	0.000000
0.074414	0.000000
0.074414	0.000000
0.074414	0.000000
0.074414	0.000000
0.074414	0.000000
0.074414	0.000000
0.074414	0.000000
0.074414	0.000000
0.074414	0.000000
0.092069	0.000000
0.092069	0.000000
0.092069	0.000000
0.092069	0.000000
0.092069	0.000000
0.092069	0.000000
0.092069	0.000000
0.102935	0.000000
0.102935	0.000000
0.102935	0.000000
0.102935	0.000000
0.102935	0.000000
0.102935	0.000000
0.102935	0.000000
0.076054	0.961193
0.076054	0.003986
0.076054	0.504854
0.076054	0.999517
0.076054	0.000000
0.076054	0.000000
0.076054	0.000000
0.046412	0.177296
0.046412	0.999999
0.046412	1.000000
0.046412	1.000000
0.046412	0.719024
0.046412	0.000000
0.046412	0.000000
0.046412	0.000000
0.046412	0.000000
0.129731	0.000000
0.129731	0.000000
0.129731	0.000000
0.129731	0.000000
0.129731	0.000000
0.129731	0.000000
0.129731	0.000000
0.082333	0.000000
0.082333	0.000000
0.082333	0.000000
0.082333	0.000000
0.082333	0.000000
0.082333	0.000000
0.045406	0.000000
0.045406	0.000000
0.045406	0.000000
0.045406	0.000000
0.045406	0.000000
0.045406	0.000000
0.045406	0.000000
0.045406	0.000000
0.049100	0.000000
0.049100	0.000000
0.049100	0.000000
0.049100	0.000000
0.049100	0.000000
0.049100	0.000000
0.049100	0.000000
0.049100	0.000000
0.081816	0.000000
0.081816	0.000000
0.081816	0.000000
0.081816	0.000000
0.085677	0.000000
0.085677	0.000000
0.085677	0.000000
0.085677	0.000000
0.085677	0.000000
0.085677	0.000000
0.085677	0.000000
0.085677	0.000000
0.085677	0.000000
0.085677	0.000000
0.085677	0.000000
0.085677	0.000000
0.088963	0.000000
0.088963	0.000000
0.088963	0.000000
0.088963	0.000000
0.088963	0.000000
0.088963	0.000000
0.088963	0.056441
0.088963	0.000000
0.035411	0.000000
0.035411	0.000000
0.035411	0.000000
0.035411	0.000000
0.035411	0.000000
0.035411	0.000000
0.035411	0.000000
0.035411	0.000114
0.113243	0.000000
0.113243	0.000000
0.113243	0.000000
0.113243	0.000843
0.113243	0.000000
0.113243	0.000000
0.113243	0.000000
0.200273	1.000000
0.200273	1.000000
0.200273	1.000000
0.200273	0.000000
0.200273	0.000000
0.200273	0.000000
0.200273	0.000000
0.200273	0.000000
0.200273	0.000000
0.200273	0.000000
0.200273	0.000000
0.089324	0.000000
0.089324	0.000040
0.089324	0.002779
0.089324	0.000000
0.089324	0.000000
0.089324	0.000000
0.089324	0.000000
0.089324	0.000000
0.089324	0.000000
0.089324	0.000000
0.089324	0.000000
0.068786	0.000000
0.068786	0.000000
0.068786	0.000000
0.068786	0.000000
0.068786	0.000000
0.068786	0.000000
0.068786	0.000000
0.068786	1.000000
0.072661	0.000000
0.072661	0.000000
0.072661	0.000000
0.072661	0.000000
0.072661	0.000000
0.072661	0.000000
0.072661	0.999988
0.072661	0.000000
0.174180	1.000000
0.174180	1.000000
0.174180	1.000000
0.174180	1.000000
0.174180	1.000000
0.174180	1.000000
0.174180	0.000000
0.174180	0.000000
0.174180	0.000000
0.038173	0.000000
0.038173	0.000000
0.038173	0.000000
0.038173	0.000000
0.038173	0.000000
0.038173	0.000000
0.038173	0.000000
0.043038	0.000000
0.043038	0.000000
0.043038	0.000000
0.043038	0.000000
0.043038	0.000000
0.043038	0.000000
0.043038	0.000000
0.257773	0.000000
0.257773	0.681485
0.257773	0.000210
0.257773	0.000000
0.257773	0.000000
0.257773	0.000015
0.257773	1.000000
0.257773	1.000000
0.257773	1.000000
0.257773	1.000000
0.257773	1.000000
0.045930	0.000000
0.045930	0.000000
0.045930	0.000000
0.045930	0.000000
0.045930	0.000000
0.045930	0.000000
0.045930	0.000000
0.045930	0.000000
0.075092	0.000000
0.075092	0.000000
0.075092	0.000000
0.075092	0.000000
0.075092	0.000000
0.075092	0.000000
0.075092	0.000000
0.075092	0.000000
0.052486	0.000000
0.052486	0.000000
0.052486	0.000000
0.052486	0.000000
0.052486	0.000000
0.052486	0.000000
0.052486	0.000000
0.052486	0.000000
0.052486	0.000000
0.052486	0.000000
0.052486	0.000000
0.190357	0.000000
0.190357	0.000000
0.190357	0.000000
0.190357	0.000000
0.190357	0.000000
0.190357	0.000000
0.190357	0.000000
0.190357	0.000000
0.190357	0.000000
0.190357	0.000000
0.190357	0.000000
0.190357	0.000000
0.170703	0.000000
0.170703	0.000000
0.170703	0.000000
0.170703	0.000000
0.170703	0.000000
0.170703	0.000000
0.170703	0.000000
0.170703	0.000000
0.170703	0.000000
0.170703	0.000000
0.170703	0.000000
0.091652	0.000000
0.091652	0.000000
0.091652	0.000000
0.091652	0.000000
0.091652	0.000000
0.091652	0.000000
0.091652	0.000000
0.091652	0.000000
0.148263	0.000000
0.148263	0.000000
0.148263	0.000000
0.148263	0.000000
0.148263	0.000000
0.148263	0.000000
0.148263	0.000000
0.148263	0.000000
0.148263	0.000000
0.148263	0.000000
0.148263	0.000000
0.075589	0.000000
0.075589	0.000000
0.075589	0.000000
0.075589	0.000000
0.075589	0.000000
0.075589	0.000000
0.075589	0.000000
0.075589	0.000000
0.075589	0.000000
0.075589	0.000000
0.075589	0.000000
0.075589	0.000000
0.086298	1.000000
0.086298	0.000000
0.086298	0.000000
0.086298	0.000000
0.086298	0.000000
0.086298	0.000000
0.086298	0.000000
0.086298	0.000000
0.116950	0.000000
0.116950	0.000000
0.116950	0.000000
0.116950	0.000000
0.116950	0.000000
0.116950	0.000000
0.116950	0.999976
0.238418	0.000000
0.238418	0.000000
0.238418	0.000000
0.238418	0.000000
0.238418	0.000000
0.238418	0.000000
0.238418	0.000000
0.238418	0.000000
0.238418	0.000000
0.238418	0.000000
0.238418	0.000000
0.238418	0.000000
0.048669	0.000000
0.048669	0.000000
0.048669	0.000000
0.048669	0.000000
0.048669	0.000000
0.070772	0.000000
0.070772	0.000000
0.070772	0.000000
0.070772	0.000000
0.070772	0.000000
0.070772	0.000000
0.070772	0.000000
0.070772	0.000000
0.070772	0.000000
0.070772	0.000000
0.070772	0.000000
0.070772	0.000000
0.070772	0.000000
0.070772	0.000000
0.104279	0.000000
0.104279	0.000000
0.104279	0.000000
0.104279	0.000000
0.104279	0.000000
0.104279	1.000000
0.108229	0.000000
0.108229	0.000000
0.108229	0.000000
0.108229	0.000000
0.108229	0.000000
0.108229	0.000000
0.108229	0.000000
0.108229	0.000000
0.108229	0.000000
0.108229	0.000000
0.108229	0.000000
0.108229	0.000000
0.108229	0.000000
0.108229	0.000000
0.052901	0.995090
0.052901	1.000000
0.052901	0.999997
0.052901	0.150011
0.052901	0.000000
0.052901	1.000000
0.052901	0.999999
0.052901	0.000000
0.052901	0.000000
0.050827	0.000000
0.050827	0.000000
0.050827	1.000000
0.050827	1.000000
0.050827	1.000000
0.050827	1.000000
0.050827	0.000000
0.050827	1.000000
0.050827	0.000000
0.050827	0.000000
0.103651	0.000000
0.103651	0.000000
0.103651	0.999999
0.103651	0.000000
0.103651	0.000000
0.103651	0.000000
0.103651	0.000000
0.103651	0.000000
0.086247	0.000000
0.086247	0.000000
0.086247	0.000000
0.086247	0.000000
0.086247	0.000000
0.086247	0.000000
0.086247	0.000000
0.086247	0.000000
0.186426	0.000000
0.186426	0.000000
0.186426	0.000000
0.186426	0.000000
0.186426	0.000000
0.186426	0.000000
0.236954	0.960385
0.236954	0.000000
0.236954	0.000000
0.236954	0.001031
0.236954	0.384045
0.236954	0.000000
0.236954	0.000000
0.236954	0.999795
0.236954	0.996051
0.236954	1.000000
0.236954	1.000000
0.163313	0.000000
0.163313	0.000000
0.163313	0.000000
0.163313	0.000000
0.163313	0.000000
0.163313	0.000000
0.163313	0.000000
0.163313	0.000000
0.163313	0.000000
0.163313	0.000000
0.163313	0.000000
0.163313	0.000000
0.163313	0.000000
0.163313	0.000000
0.059860	0.000000
0.059860	0.000000
0.059860	0.000000
0.059860	0.000000
0.059860	0.000000
0.059860	0.000000
0.059860	0.000000
0.059860	0.000000
0.105941	0.000000
0.105941	0.000000
0.105941	0.000000
0.105941	0.000000
0.105941	0.000000
0.105941	0.000000
0.105941	0.000000
0.105941	0.000000
0.102946	0.000000
0.102946	0.000000
0.102946	0.000000
0.102946	0.000000
0.102946	0.000000
0.102946	0.000000
0.102946	0.000000
0.102946	0.000000
0.160067	0.000000
0.160067	0.000000
0.160067	0.000000
0.160067	0.000000
0.160067	0.000000
0.160067	0.000000
0.160067	0.000000
0.160067	0.000000
0.151889	0.000000
0.151889	0.000000
0.151889	0.000000
0.151889	0.000000
0.151889	0.000000
0.151889	0.000000
0.151889	0.000000
0.155079	0.000000
0.155079	0.000000
0.155079	0.000000
0.155079	0.000000
0.155079	0.000000
0.155079	0.000000
0.155079	0.000000
0.155079	0.000000
0.110362	0.000000
0.110362	0.000000
0.110362	0.000000
0.110362	0.000000
0.110362	0.000000
0.110362	0.000000
0.110362	0.000000
0.110362	0.000000
0.110362	0.000000
0.110362	0.000000
0.110362	0.000000
0.092341	0.000000
0.092341	0.000000
0.092341	0.000000
0.092341	0.000000
0.092341	0.000000
0.282175	0.000000
0.282175	0.000000
0.282175	0.000000
0.282175	0.000000
0.282175	0.000000
0.282175	0.000000
0.288363	0.000000
0.288363	0.000000
0.288363	0.000000
0.288363	0.000000
0.288363	0.000000
0.288363	0.000000
0.288363	0.000000
0.288363	0.000000
0.288363	0.000000
0.288363	0.000000
0.288363	0.000000
0.288363	0.000000
0.238497	0.000000
0.238497	0.000000
0.238497	0.000000
0.238497	0.000000
0.238497	0.000000
0.222947	0.000000
0.222947	0.000000
0.222947	0.000000
0.222947	0.000000
0.222947	0.000000
0.222947	0.000000
0.222947	0.000000
0.222947	0.000000
0.230721	0.000000
0.230721	0.000000
0.230721	0.000000
0.230721	0.000000
0.230721	0.000000
0.230721	0.000000
0.230721	0.000000
0.230721	0.000000
0.230721	0.000000
0.230721	0.000000
0.230721	0.000000
0.248096	0.000000
0.248096	0.000000
0.248096	0.000000
0.248096	0.000000
0.248096	0.000000
0.248096	0.000000
0.248096	0.000000
0.216589	0.000000
0.216589	0.000000
0.216589	0.000000
0.216589	0.000000
0.216589	0.000000
0.216589	0.000000
0.216589	0.000000
0.216589	0.000000
0.216589	0.000000
0.088463	0.000000
0.088463	0.000000
0.088463	0.000000
0.088463	0.000000
0.178388	0.000000
0.178388	0.000000
0.178388	0.000000
0.178388	0.000000
0.178388	0.000000
0.178388	0.000000
0.178388	0.000000
0.178388	0.000000
0.114742	0.000000
0.114742	0.000000
0.114742	0.000000
0.114742	0.000000
0.114742	0.000000
0.114742	0.000000
0.114742	0.000000
0.114742	0.000000
0.194856	0.000000
0.194856	0.000000
0.194856	0.000000
0.194856	0.000000
0.194856	0.000000
0.194856	0.000000
0.194856	0.000000
0.194856	0.000000
0.194856	0.000000
0.194856	0.000000
0.194856	0.000000
0.194856	0.000000
0.194856	0.000000
0.194856	0.000000
0.115656	0.000000
0.115656	0.000000
0.115656	0.000000
0.115656	0.000000
0.115656	0.000000
0.115656	0.000000
0.115656	0.000000
0.300604	0.000000
0.300604	0.000000
0.300604	0.000000
0.300604	0.000000
0.300604	0.000000
0.300604	0.000000
0.300604	0.000000
0.300604	0.000000
0.300604	0.000000
0.142760	0.000000
0.142760	0.000000
0.142760	0.000044
0.142760	0.000000
0.093846	0.000000
0.093846	0.000000
0.093846	0.000000
0.093846	0.000000
0.093846	0.000000
0.093846	0.000000
0.093846	0.000000
0.093846	0.000000
0.119613	0.000000
0.119613	0.000000
0.119613	0.000000
0.119613	0.000000
0.119613	0.000000
0.119613	0.000000
0.119613	0.000000
0.064073	0.000000
0.064073	0.000000
0.064073	0.000000
0.064073	0.000000
0.064073	0.000000
0.064073	0.000000
0.106444	0.000000
0.106444	0.000000
0.106444	0.000000
0.106444	0.000000
0.106444	0.000000
0.106444	0.000000
0.106444	0.000000
0.106444	0.000000
0.106444	0.000000
0.106444	0.000000
0.106444	0.000000
0.076597	0.000000
0.076597	0.000000
0.076597	0.000000
0.076597	0.000000
0.076597	0.000000
0.076597	0.000000
0.076597	0.000000
0.076597	0.000000
0.076597	0.000000
0.076597	0.000000
0.076597	0.000000
0.110793	0.000000
0.110793	0.000000
0.110793	0.000000
0.110793	0.000000
0.110793	0.000000
0.110793	0.000000
0.110793	0.000000
0.110793	0.000000
0.107917	0.000000
0.107917	0.000000
0.107917	0.000000
0.107917	0.000000
0.107917	0.000000
0.107917	0.000000
0.107917	0.000000
0.107917	0.000000
0.107917	0.000000
0.167394	0.000000
0.167394	0.000000
0.167394	0.000000
0.167394	0.000000
0.167394	0.000000
0.167394	0.000000
0.167394	0.000000
0.167394	0.000000
0.167394	0.000000
0.167394	0.000000
0.142497	0.000000
0.142497	0.000000
0.142497	0.000000
0.142497	0.000000
0.142497	0.000000
0.142497	0.000000
0.142497	0.000000
0.142497	0.000000
0.127054	0.000000
0.127054	0.000000
0.127054	0.000000
0.127054	0.000000
0.127054	0.000000
0.127054	0.000000
0.127054	0.000000
0.090437	0.000000
0.090437	0.000000
0.090437	0.000000
0.090437	0.000000
0.090437	0.000000
0.090437	0.000000
0.090437	0.000000
0.090437	0.000000
0.090437	0.000000
0.040522	0.000000
0.040522	0.000000
0.040522	0.000000
0.040522	0.000000
0.040522	0.000000
0.075987	0.000000
0.075987	0.000000
0.075987	0.000000
0.075987	0.000000
0.075987	0.000000
0.075987	0.000000
0.075987	0.000000
0.075987	0.000000
0.068365	0.000000
0.068365	0.000000
0.068365	0.000000
0.068365	0.000000
0.085019	0.000000
0.085019	0.000000
0.085019	0.000000
0.085019	0.000000
0.085019	0.000000
0.085019	0.000000
0.085019	0.000000
0.085019	0.000000
0.198949	0.000000
0.198949	0.000000
0.198949	0.000000
0.198949	0.000000
0.198949	0.000000
0.198949	0.000000
0.198949	0.000000
0.198949	0.000000
0.198949	0.000000
0.125563	0.000000
0.125563	0.001663
0.125563	0.020752
0.125563	0.000000
0.125563	0.000309
0.125563	0.001256
0.125563	0.066208
0.125563	0.000000
0.125563	0.001135
0.125563	0.000000
0.300082	0.030070
0.300082	0.000000
0.300082	0.000000
0.300082	0.000000
0.300082	0.000000
0.300082	0.000000
0.713867	0.000000
0.713867	0.000000
0.713867	0.000000
0.713867	0.000000
0.713867	0.000000
0.713867	0.000000
0.713867	0.000000
0.713867	0.000000
0.519670	0.000000
0.519670	0.000000
0.519670	0.000000
0.519670	0.000000
0.519670	0.000000
0.332308	0.000000
0.332308	0.000000
0.332308	0.000000
0.332308	0.000000
0.332308	0.000000
0.332308	0.000000
0.332308	0.000000
0.332308	0.000000
0.284694	0.000000
0.284694	0.000000
0.284694	0.000000
0.284694	0.000000
0.284694	0.000000
0.354265	0.000000
0.354265	0.000000
0.354265	0.000000
0.354265	0.000000
0.354265	0.000000
0.354265	0.000000
0.354265	0.000000
0.354265	0.000000
0.276708	0.000000
0.276708	0.000000
0.276708	0.000000
0.276708	0.000000
0.276708	0.000000
0.276708	0.000000
0.276708	0.000000
0.154945	0.000000
0.154945	0.000000
0.154945	0.000000
0.154945	0.000000
0.154945	0.000000
0.154945	0.000000
0.154945	0.000000
0.154945	0.000000
0.154945	0.000000
0.154945	0.000000
0.154945	0.000000
0.154945	0.000000
0.122914	0.000000
0.122914	0.000000
0.122914	0.000000
0.122914	0.000000
0.122914	0.000000
0.084860	0.000000
0.084860	0.000000
0.084860	0.000000
0.084860	0.000000
0.084860	0.000000
0.084860	0.000000
0.084860	0.000000
0.066972	0.000000
0.066972	0.000000
0.066972	0.000000
0.066972	0.000000
0.066972	0.000000
0.066972	0.000000
0.066972	0.000000
0.066972	0.000000
0.047650	0.000000
0.047650	0.000000
0.047650	0.000000
0.047650	0.000000
0.047650	0.000000
0.142008	0.000000
0.142008	0.000000
0.142008	0.000000
0.142008	0.000000
0.142008	0.000000
0.142008	0.000000
0.142008	0.000000
0.142008	0.000000
0.079007	0.000000
0.079007	0.000000
0.079007	0.000000
0.079007	0.000000
0.079007	0.000000
0.063559	0.000000
0.063559	0.000000
0.063559	0.000000
0.063559	0.000000
0.063559	0.000000
0.063559	0.000000
0.063559	0.000000
0.063559	0.000000
0.063559	0.000000
0.104176	0.000000
0.104176	0.000000
0.104176	0.000000
0.104176	0.000000
0.104176	0.000000
0.104176	0.000000
0.104176	0.000000
0.104176	0.000000
0.201569	0.000000
0.201569	0.000000
0.201569	0.000000
0.201569	0.000000
0.201569	0.000000
0.201569	0.000000
0.201569	0.000000
0.120126	0.000000
0.120126	0.000000
0.120126	0.000000
0.120126	0.000000
0.120126	0.000000
0.120126	0.000000
0.120126	0.000000
0.120126	0.000000
0.120126	0.000000
0.175725	0.000000
0.175725	0.000000
0.175725	0.000000
0.175725	0.000000
0.175725	0.000000
0.175725	0.000000
0.175725	0.000000
0.168765	0.000000
0.168765	0.000000
0.168765	0.000000
0.168765	0.000000
0.168765	0.000000
0.168765	0.000000
0.168765	0.000000
0.168765	0.000000
0.168765	0.000000
0.168765	0.000000
0.168765	0.000000
0.183263	0.000000
0.183263	0.000000
0.183263	0.000000
0.183263	0.000000
0.183263	0.000000
0.183263	0.000000
0.183263	0.000000
0.183263	0.000000
0.183263	0.000000
0.236688	0.000000
0.236688	0.000000
0.236688	0.000000
0.236688	0.000000
0.236688	0.000000
0.236688	0.000000
0.236688	0.000000
0.453437	0.000000
0.453437	0.000000
0.453437	0.000000
0.453437	0.000000
0.453437	0.000000
0.453437	0.000000
0.453437	0.000000
0.453437	0.000000
0.453437	0.000000
0.453437	0.000000
0.453437	0.000000
0.200030	0.000000
0.200030	0.000000
0.200030	0.000000
0.200030	0.000000
0.200030	0.000000
0.200030	0.000000
0.200030	0.000000
0.200030	0.000000
0.091727	0.000000
0.091727	0.000000
0.091727	0.000000
0.091727	0.000000
0.091727	0.000000
0.091727	0.000000
0.091727	0.000000
0.091727	0.000000
0.091727	0.000000
0.091727	0.000000
0.091727	0.000000
0.117121	0.000000
0.117121	0.000000
0.117121	0.000000
0.117121	0.000000
0.117121	0.000000
0.117121	0.000000
0.117121	0.000000
0.117121	0.000000
0.187996	0.000000
0.187996	0.000000
0.187996	0.000000
0.187996	0.000000
0.187996	0.000000
0.187996	0.000000
0.187996	0.000000
0.187996	0.000000
0.187996	0.000000
0.187996	0.000000
0.187996	0.000000
0.187996	0.000000
0.127066	0.000000
0.127066	0.000000
0.127066	0.000000
0.127066	0.000000
0.127066	0.000000
0.127066	0.000000
0.127066	0.000000
0.127066	0.000000
0.097803	0.000000
0.097803	0.000000
0.097803	0.000000
0.097803	0.000000
0.097803	0.000000
0.097803	0.000000
0.097803	0.000000
0.097803	0.000000
0.097803	0.000000
0.097803	0.000000
0.097803	0.000000
0.143481	0.000000
0.143481	0.000000
0.143481	0.000000
0.143481	0.000000
0.143481	0.000000
0.143481	0.000000
0.143481	0.000000
0.179799	0.000000
0.179799	0.000000
0.179799	0.000000
0.179799	0.000000
0.179799	0.000000
0.179799	0.000000
0.179799	0.000000
0.179799	0.000000
0.179799	0.000000
0.179799	0.000000
0.240515	0.000000
0.240515	0.000000
0.240515	0.000000
0.240515	0.000000
0.240515	0.000000
0.240515	0.000000
0.240515	0.000000
0.240515	0.000000
0.240515	0.000000
0.240515	0.000000
0.240515	0.000000
0.268263	0.000000
0.268263	0.000000
0.268263	0.000000
0.268263	0.000000
0.268263	0.000000
0.268263	0.000000
0.268263	0.000000
0.268263	0.000000
0.381926	0.000000
0.381926	0.000000
0.381926	0.000000
0.381926	0.000000
0.381926	0.000000
0.381926	0.000000
0.381926	0.000000
0.381926	0.000000
0.381926	0.000000
0.438569	0.000000
0.438569	0.000000
0.438569	0.000000
0.438569	0.000000
0.438569	0.000000
0.438569	0.000000
0.438569	0.000000
0.438569	0.000000
0.438569	0.000000
0.438569	0.000000
0.238606	0.000000
0.238606	0.000000
0.238606	0.000000
0.238606	0.000000
0.238606	0.000000
0.238606	0.000000
0.238606	0.000000
0.238606	0.000000
0.238606	0.000000
0.131761	0.000000
0.131761	0.000000
0.131761	0.000000
0.131761	0.000000
0.131761	0.000000
0.131761	0.000000
0.131761	0.000000
0.131761	0.000000
0.219723	0.000000
0.219723	0.000000
0.219723	0.000000
0.219723	0.000000
0.219723	0.000000
0.219723	0.000000
0.219723	0.000000
0.219723	0.000000
0.201668	0.000000
0.201668	0.000000
0.201668	0.000000
0.201668	0.000000
0.201668	0.000000
0.123118	0.000000
0.123118	0.000000
0.123118	0.000000
0.123118	0.000000
0.123118	0.000000
0.123118	0.000000
0.123118	0.000000
0.123118	0.000000
0.102256	0.000000
0.102256	0.000000
0.102256	0.000000
0.102256	0.000000
0.102256	0.000000
0.102256	0.000000
0.102256	0.000000
0.102256	0.000000
0.063507	0.000000
0.063507	0.000000
0.063507	0.000000
0.063507	0.000000
0.063507	0.000000
0.063507	0.000000
0.063507	0.000000
0.063507	0.000000
0.168908	0.000000
0.168908	0.000000
0.168908	0.000000
0.168908	0.000000
0.168908	0.000000
0.168908	0.000000
0.168908	0.000000
0.244099	0.000000
0.244099	0.000000
0.244099	0.000000
0.244099	0.000000
0.244099	0.000000
0.244099	0.000000
0.244099	0.000000
0.050184	0.000000
0.050184	0.000000
0.050184	0.000000
0.050184	0.000000
0.050184	0.000000
0.050184	0.000000
0.050184	0.000000
0.050184	0.000000
0.050184	0.000000
0.156992	0.000000
0.156992	0.000000
0.156992	0.000000
0.156992	0.000000
0.156992	0.000000
0.156992	0.000000
0.156992	0.000000
0.156992	0.000000
0.080512	0.000000
0.080512	0.000000
0.080512	0.000000
0.080512	0.000000
0.080512	0.000000
0.080512	0.000000
0.080512	0.000000
0.080512	0.000000
0.080512	0.000000
0.145122	0.000000
0.145122	0.000000
0.145122	0.000000
0.145122	0.000000
0.145122	0.000000
0.145122	0.000000
0.145122	0.000000
0.081793	0.000000
0.081793	0.000000
0.081793	0.000000
0.081793	0.000000
0.081793	0.000000
0.081793	0.000000
0.081793	0.000000
0.081793	0.000000
0.099815	0.000000
0.099815	0.000000
0.099815	0.000000
0.099815	0.000000
0.099815	0.000000
0.099815	0.000000
0.099815	0.000000
0.087002	0.000000
0.087002	0.000000
0.087002	0.000000
0.087002	0.000000
0.087002	0.000000
0.087002	0.000000
0.087002	0.000000
0.087002	0.000000
0.087002	0.000000
0.087002	0.000000
0.143544	0.000000
0.143544	0.000000
0.143544	0.000000
0.143544	0.000000
0.143544	0.000000
0.143544	0.000000
0.143544	0.000000
0.095005	0.000000
0.095005	0.000000
0.095005	0.000000
0.095005	0.000000
0.095005	0.000000
0.095005	0.000000
0.114376	0.000000
0.114376	0.000000
0.114376	0.000000
0.114376	0.000000
0.496634	0.000000
0.496634	0.000000
0.496634	0.000000
0.496634	0.000000
0.496634	0.000000
0.496634	0.000000
0.496634	0.000000
0.496634	0.000000
0.118145	0.000000
0.118145	0.000000
0.118145	0.000000
0.118145	0.000000
0.118145	0.000000
0.118145	0.000000
0.118145	0.000000
0.118145	0.000000
0.118145	0.000000
0.118145	0.000000
0.118145	0.000000
0.046483	0.000000
0.046483	0.000000
0.046483	0.000000
0.046483	0.000000
0.096877	0.000000
0.096877	0.000000
0.096877	0.000000
0.096877	0.000000
0.096877	0.000000
0.169920	0.000000
0.169920	0.000000
0.169920	0.000000
0.169920	0.000000
0.169920	0.000000
0.169920	0.000000
0.169920	0.000000
0.169920	0.000000
0.169920	0.000000
0.169920	0.000000
0.169920	0.000000
0.169920	0.000000
0.169920	0.000000
0.169920	0.000000
0.215332	0.000000
0.215332	0.000000
0.215332	0.000000
0.215332	0.000000
0.215332	0.000000
0.215332	0.000000
0.215332	0.000000
0.215332	0.000000
0.215332	0.000000
0.215332	0.000000
0.215332	0.000000
0.119072	0.000000
0.119072	0.000000
0.119072	0.000000
0.119072	0.000000
0.054821	0.000000
0.054821	0.000000
0.054821	0.000000
0.054821	0.000000
0.054821	0.000000
0.054821	0.000000
0.054821	0.000000
0.054821	0.000000
0.122917	0.000000
0.122917	0.000000
0.122917	0.000000
0.122917	0.000000
0.122917	0.000000
0.122917	0.000000
0.122917	0.000000
0.102738	0.000000
0.102738	0.000000
0.102738	0.000000
0.102738	0.000000
0.102738	0.000000
0.102738	0.000000
0.152086	0.000000
0.152086	0.000000
0.152086	0.000000
0.152086	0.000000
0.152086	0.000000
0.152086	0.000000
0.152086	0.000000
0.152086	0.000000
0.152086	0.000000
0.152086	0.000000
0.152086	0.000000
0.152086	0.000000
0.152086	0.000000
0.152086	0.000000
0.063324	0.000000
0.063324	0.000000
0.063324	0.000000
0.063324	0.000000
0.063324	0.000000
0.063324	0.000000
0.063324	0.000000
0.056454	0.000000
0.056454	0.000000
0.056454	0.000000
0.056454	0.000000
0.056454	0.000000
0.065533	0.000000
0.065533	0.000000
0.065533	0.000000
0.065533	0.000000
0.065533	0.000000
0.065533	0.000000
0.065533	0.000000
0.157992	0.000000
0.157992	0.000000
0.157992	0.000000
0.157992	0.000000
0.157992	0.000000
0.157992	0.000000
0.157992	0.000000
0.157992	0.000000
0.154398	0.000000
0.154398	0.000000
0.154398	0.000000
0.154398	0.000000
0.154398	0.000000
0.261879	0.000000
0.261879	0.000000
0.261879	0.000000
0.261879	0.000000
0.261879	0.000000
0.261879	0.000000
0.261879	0.000000
0.261879	0.000000
0.261879	0.000000
0.261879	0.000000
0.261879	0.000000
0.261879	0.000000
0.261879	0.000000
0.261879	0.000000
0.179062	0.000000
0.179062	0.000000
0.179062	0.000000
0.179062	0.000000
0.179062	0.000000
0.179062	0.000000
0.179062	0.000000
0.179062	0.000000
0.179062	0.000000
0.179062	0.000000
0.350125	0.000020
0.350125	0.000000
0.350125	0.000000
0.350125	0.000000
0.350125	0.000000
0.350125	0.000000
0.350125	0.000000
0.217075	1.000000
0.217075	0.000000
0.217075	1.000000
0.217075	0.000000
0.217075	0.000000
0.217075	0.000000
0.217075	0.000000
0.217075	0.000000
0.217075	0.000000
0.126293	0.000018
0.126293	0.000000
0.126293	0.022635
0.126293	0.000000
0.126293	0.000000
0.126293	0.000000
0.126293	0.000000
0.126293	0.000000
0.589613	0.000000
0.589613	1.000000
0.589613	1.000000
0.589613	0.000000
0.589613	0.000000
0.589613	0.000000
0.589613	0.000000
0.589613	0.000000
0.589613	0.000000
0.589613	1.000000
0.589613	0.000000
0.383079	0.000000
0.383079	0.000000
0.383079	0.000000
0.383079	0.000000
0.383079	0.000000
0.383079	0.000000
0.383079	0.000000
0.383079	0.000000
0.143975	0.000000
0.143975	0.000000
0.143975	0.000000
0.143975	0.000000
0.143975	0.000000
0.111052	0.000000
0.111052	0.000000
0.111052	0.000000
0.111052	0.000000
0.111052	0.000000
0.111052	0.000000
0.111052	0.000000
0.103261	0.000000
0.103261	0.000000
0.103261	0.000000
0.103261	0.000000
0.103261	0.000000
0.103261	0.000000
0.103261	0.000000
0.103261	0.000000
0.054985	0.000000
0.054985	0.000000
0.054985	0.000000
0.054985	0.000000
0.054985	0.000000
0.054985	0.000000
0.054985	0.000000
0.054985	0.000000
0.062994	0.000000
0.062994	0.000000
0.062994	0.000000
0.062994	0.000000
0.062994	0.000000
0.062994	0.000000
0.062994	0.000000
0.136858	0.000000
0.136858	0.000000
0.136858	0.000000
0.136858	0.000000
0.136858	0.000000
0.136858	0.000000
0.136858	0.000000
0.136858	0.000000
0.096957	0.000000
0.096957	0.000000
0.096957	0.000000
0.096957	0.000000
0.096957	0.000000
0.096957	0.000000
0.096957	0.000000
0.096957	0.000000
0.176387	0.000000
0.176387	0.000000
0.176387	0.000000
0.176387	0.000000
0.176387	0.000000
0.176849	0.000000
0.176849	0.000000
0.176849	0.000000
0.176849	0.000000
0.168707	0.000000
0.168707	0.000000
0.168707	0.000000
0.168707	0.000000
0.168707	0.000000
0.168707	0.000000
0.168707	0.000000
0.168707	0.000000
0.119500	0.000000
0.119500	0.000000
0.119500	0.000000
0.119500	0.000000
0.119500	0.000000
0.119500	0.000000
0.119500	0.000000
0.119500	0.000000
0.162740	0.000000
0.162740	0.000000
0.162740	0.000000
0.162740	0.000000
0.162740	0.000000
0.162740	0.000000
0.266852	0.000000
0.266852	0.000000
0.266852	0.000000
0.266852	0.000000
0.266852	0.000000
0.266852	0.000000
0.266852	0.000000
0.091577	0.000000
0.091577	0.000000
0.091577	0.000000
0.091577	0.000000
0.091577	0.000000
0.091577	0.000000
0.091577	0.000000
0.091577	0.000000
0.240442	0.000000
0.240442	0.000000
0.240442	0.000000
0.240442	0.000000
0.240442	0.000000
0.240442	0.000000
0.240442	0.000000
0.240442	0.000000
0.119044	0.000000
0.119044	0.000000
0.119044	0.000000
0.119044	0.000000
0.119044	0.000000
0.119044	0.000000
0.119044	0.000000
0.119044	0.000000
0.119044	0.000000
0.120110	0.000000
0.120110	0.000000
0.120110	0.000000
0.120110	0.000000
0.120110	0.000000
0.120110	0.000000
0.120110	0.000000
0.120110	0.000000
0.134701	0.000000
0.134701	0.000000
0.134701	0.000000
0.134701	0.000000
0.134701	0.000000
0.134701	0.000000
0.134701	0.000000
0.134701	0.000000
0.174104	0.000000
0.174104	0.000000
0.174104	0.000000
0.174104	0.000000
0.174104	0.000000
0.174104	0.000000
0.120014	1.000000
0.120014	1.000000
0.120014	1.000000
0.120014	1.000000
0.120014	0.000000
0.120014	0.000000
0.120014	0.000000
0.120014	0.000000
0.091446	0.000000
0.091446	0.000000
0.091446	0.000000
0.091446	0.000000
0.091446	0.000000
0.091446	0.000000
0.091446	0.000000
0.103163	0.000000
0.103163	0.000000
0.103163	0.000000
0.103163	0.000000
0.103163	0.000000
0.103163	0.000000
0.103163	0.000000
0.103163	0.000000
0.110212	0.875894
0.110212	0.735156
0.110212	0.998697
0.110212	0.913682
0.110212	0.097653
0.110212	0.000000
0.110212	0.000000
0.110212	0.997789
0.110212	0.924952
0.110212	0.000000
0.110212	0.000000
0.137541	1.000000
0.137541	0.000000
0.137541	1.000000
0.137541	1.000000
0.137541	0.000000
0.137541	0.000000
0.137541	0.000000
0.137541	0.000000
0.137541	0.000000
0.307850	1.000000
0.307850	0.000000
0.307850	1.000000
0.307850	1.000000
0.307850	1.000000
0.307850	0.000000
0.307850	0.000000
0.307850	0.000000
0.307850	0.000000
0.307850	0.000000
0.307850	0.000000
0.272037	0.000000
0.272037	0.000000
0.272037	0.000000
0.272037	0.000000
0.272037	0.000000
0.272037	0.000000
0.272037	0.000000
0.272037	0.000000
0.204200	0.037994
0.204200	0.000000
0.204200	0.999846
0.204200	0.000000
0.204200	0.000000
0.204200	0.000000
0.204200	0.000000
0.204200	0.000000
0.204200	0.000000
0.204200	0.000000
0.204200	0.000000
0.204200	0.999605
0.347367	1.000000
0.347367	0.000000
0.347367	1.000000
0.347367	0.000000
0.347367	0.000000
0.347367	0.000000
0.347367	0.000000
0.604122	0.999908
0.604122	0.000000
0.604122	0.999985
0.604122	0.000000
0.604122	0.000000
1.000000	0.000000
1.000000	0.000000
1.000000	1.000000
1.000000	0.000000
1.000000	0.000000
1.000000	0.000000
1.000000	0.000000
1.000000	0.000000
1.000000	0.000000
1.000000	0.000000
1.000000	1.000000
1.000000	0.000000
1.000000	0.000000
1.000000	0.000000
1.000000	0.000000
1.000000	0.000000
0.449306	0.000000
0.449306	0.000000
0.449306	0.000000
0.449306	0.000000
0.449306	0.000000
0.173336	0.000000
0.173336	0.000000
0.173336	0.000000
0.173336	0.000000
0.173336	0.000000
0.173336	0.000000
0.173336	0.000000
0.088538	0.000000
0.088538	0.000000
0.088538	0.000000
0.088538	0.000000
0.088538	0.000000
0.088538	0.000000
0.088538	0.000000
0.137523	0.000000
0.137523	0.000000
0.137523	0.000000
0.137523	0.000000
0.137523	0.000000
0.137523	0.000000
0.137523	0.000000
0.102993	0.000000
0.102993	0.000000
0.102993	0.000000
0.102993	0.000000
0.102993	0.000000
0.102993	0.000000
0.102993	0.000000
0.102993	0.000000
0.102993	0.000000
0.204294	0.000000
0.204294	0.000000
0.204294	0.000000
0.204294	0.000000
0.204294	0.000000
0.204294	0.000000
0.204294	0.000000
0.204294	0.000000
0.145884	0.000000
0.145884	0.000000
0.145884	0.000000
0.145884	0.000000
0.145884	0.000000
0.145884	0.000000
0.145884	0.000000
0.324931	0.000000
0.324931	0.000000
0.324931	0.000000
0.324931	0.000000
0.324931	0.000000
0.324931	0.000000
0.324931	0.000025
0.324931	0.000000
0.324931	0.000000
0.324931	0.759954
0.247210	0.000000
0.247210	0.000000
0.247210	0.000000
0.247210	0.000000
0.247210	0.000000
0.247210	0.000000
0.247210	0.000000
0.247210	0.000000
0.227461	0.000000
0.227461	0.000000
0.227461	0.000000
0.227461	0.000000
0.227461	0.000000
0.227461	0.000000
0.227461	0.000000
0.227461	0.000000
0.241332	0.000000
0.241332	0.000000
0.241332	0.032808
0.241332	0.000000
0.241332	0.000000
0.241332	0.000000
0.241332	0.000000
0.241332	0.000000
0.241332	0.000000
0.178204	0.000000
0.178204	0.000000
0.178204	0.000000
0.178204	0.000000
0.178204	0.000000
0.178204	0.000000
0.107973	0.000000
0.107973	0.000000
0.107973	0.000000
0.107973	0.000000
0.107973	0.000000
0.107973	0.000000
0.107973	0.000000
0.118958	0.000000
0.118958	0.000000
0.118958	0.000000
0.118958	0.000000
0.118958	0.000000
0.118958	0.000000
0.118958	0.000000
0.118678	0.000000
0.118678	0.000000
0.118678	0.000000
0.118678	0.000000
0.118678	0.000000
0.118678	0.000000
0.118678	0.000000
0.118678	0.000000
0.218306	0.000000
0.218306	0.000000
0.218306	0.000000
0.218306	0.000000
0.218306	0.000000
0.167560	0.000000
0.167560	0.000000
0.167560	0.000000
0.167560	0.000000
0.167560	0.000000
0.167560	0.000000
0.167560	0.000000
0.167560	0.000000
0.167560	0.000000
0.204291	0.000000
0.204291	0.000000
0.204291	0.000000
0.204291	0.000000
0.204291	0.000000
0.159646	0.000000
0.159646	0.000000
0.159646	0.000000
0.159646	0.000000
0.159646	0.000000
0.159646	0.000000
0.159646	0.000000
0.159646	0.000000
0.315023	0.000000
0.315023	0.000000
0.315023	0.000000
0.315023	0.000000
0.315023	0.000000
0.315023	0.000000
0.315023	0.000000
0.218343	0.000000
0.218343	0.000000
0.218343	0.000000
0.218343	0.000000
0.218343	0.000000
0.218343	0.000000
0.218343	0.000000
0.218343	0.000000
0.214228	0.000000
0.214228	0.000000
0.214228	0.000000
0.214228	0.000000
0.214228	0.000000
0.214228	0.000000
0.214228	0.000000
0.214228	0.000000
0.214228	0.000000
0.214228	0.000000
0.214228	0.000000
0.192352	0.000000
0.192352	0.000000
0.192352	0.000000
0.192352	0.000000
0.192352	0.000000
0.192352	0.000000
0.192352	0.000000
0.341784	0.000000
0.341784	0.000000
0.341784	0.000000
0.341784	0.000000
0.341784	0.000000
0.341784	0.000000
0.341784	0.000000
0.341784	0.000000
0.341784	0.000000
0.239705	0.000000
0.239705	0.000000
0.239705	0.000000
0.239705	0.000000
0.239705	0.000000
0.239705	0.000000
0.239705	0.000000
0.239705	0.000000
0.100296	0.000000
0.100296	0.000000
0.100296	0.000000
0.100296	0.000000
0.100296	0.000000
0.195681	0.000000
0.195681	0.000000
0.195681	0.000000
0.195681	0.000000
0.195681	0.000000
0.195681	0.000000
0.195681	0.000000
0.195681	0.000000
0.223814	0.000000
0.223814	0.000000
0.223814	0.000000
0.223814	0.000000
0.223814	0.000000
0.223814	0.000000
0.223814	0.000000
0.223814	0.000000
0.223814	0.000000
0.223814	0.000000
0.223814	0.000000
0.169597	0.000000
0.169597	0.000000
0.169597	0.000000
0.169597	0.000000
0.169597	0.000000
0.169597	0.000000
0.169597	0.000000
0.169597	0.000000
0.230651	0.000000
0.230651	0.000000
0.230651	0.000000
0.230651	0.000000
0.183544	0.000000
0.183544	0.000000
0.183544	0.000000
0.183544	0.000000
0.183544	0.000000
0.183544	0.000000
0.183544	0.000000
0.183544	0.000000
0.193882	0.000000
0.193882	0.000000
0.193882	0.000000
0.193882	0.000000
0.193882	0.000000
0.193882	0.000000
0.193882	0.000000
0.193882	0.000000
0.234424	0.000000
0.234424	0.000000
0.234424	0.000000
0.234424	0.000000
0.234424	0.000000
0.234424	0.000000
0.234424	0.000000
0.234424	0.000000
0.234424	0.000000
0.234424	0.000000
0.234424	0.000000
0.104685	0.000000
0.104685	0.000000
0.104685	0.000000
0.104685	0.000000
0.104685	0.000000
0.104685	0.000000
0.104685	0.000000
0.104685	0.000000
0.104685	0.000000
0.099653	0.000000
0.099653	0.000000
0.099653	0.000000
0.099653	0.000000
0.099653	0.000000
0.099653	0.000000
0.099653	0.000000
0.099653	0.000000
0.099653	0.000000
0.099653	0.000000
0.066301	0.000000
0.066301	0.000000
0.066301	0.000000
0.066301	0.000000
0.066301	0.000000
0.066301	0.000000
0.141661	0.000000
0.141661	0.000000
0.141661	0.000000
0.141661	0.000000
0.141661	0.000000
0.141661	0.000000
0.141661	0.000000
0.141661	0.000000
0.048695	0.000000
0.048695	0.000000
0.048695	0.000000
0.048695	0.000000
0.048695	0.000000
0.048695	0.000000
0.048695	0.000000
0.048695	0.000000
0.087153	0.000000
0.087153	0.000000
0.087153	0.000000
0.087153	0.000000
0.087153	0.000000
0.087153	0.000000
0.087153	0.000000
0.087153	0.000000
0.077126	0.000000
0.077126	0.000000
0.077126	0.000000
0.077126	0.000000
0.077126	0.000000
0.077126	0.000000
0.077126	0.000000
0.077126	0.000000
0.075348	0.000000
0.075348	0.000000
0.075348	0.000000
0.075348	0.000000
0.075348	0.000000
0.075348	0.000000
0.075348	0.000000
0.075348	0.000000
0.075348	0.000000
0.140654	0.000000
0.140654	0.000000
0.140654	0.000000
0.140654	0.000000
0.140654	0.000000
0.140654	0.000000
0.140654	0.000000
0.140654	0.000000
0.179374	0.000000
0.179374	0.000000
0.179374	0.000000
0.179374	0.000000
0.179374	0.000000
0.179374	0.000000
0.179374	0.000000
0.179374	0.000000
0.138839	0.000000
0.138839	0.000000
0.138839	0.000000
0.138839	0.000000
0.138839	0.000000
0.138839	0.000000
0.138839	0.000000
0.138839	0.000000
0.138839	0.000000
0.138839	0.000000
0.138839	0.000000
0.109210	0.000000
0.109210	0.000000
0.109210	0.000000
0.109210	0.000000
0.109210	0.000000
0.109210	0.000000
0.109210	0.000000
0.109210	0.000000
0.109210	0.000000
0.140711	0.000000
0.140711	0.000000
0.140711	0.000000
0.140711	0.000000
0.140711	0.000000
0.140711	0.000000
0.140711	0.000000
0.140711	0.000000
0.241726	0.000000
0.241726	0.000000
0.241726	0.000000
0.241726	0.000000
0.241726	0.000000
0.241726	0.000000
0.241726	0.000000
0.146599	0.000000
0.146599	0.000000
0.146599	0.000000
0.146599	0.000000
0.146599	0.000000
0.146599	0.000000
0.146599	0.000000
0.146599	0.000000
0.146599	0.000000
0.227074	0.000000
0.227074	0.000000
0.227074	0.000000
0.227074	0.000000
0.227074	0.000000
0.227074	0.000000
0.227074	0.000000
0.375371	0.000000
0.375371	0.000000
0.375371	0.000000
0.375371	0.000000
0.375371	0.000000
0.375371	0.000000
0.375371	0.000000
0.375371	0.000000
0.375371	0.000000
0.375371	0.000000
0.375371	0.000000
0.251763	0.000000
0.251763	0.000000
0.251763	0.000000
0.251763	0.000000
0.251763	0.000000
0.251763	0.000000
0.251763	0.000000
0.251763	0.000000
0.251763	0.000000
0.203248	0.000000
0.203248	0.000000
0.203248	0.000000
0.203248	0.000000
0.203248	0.000000
0.203248	0.000000
0.203248	0.000000
0.203248	0.000000
0.203248	0.000000
0.122416	0.000000
0.122416	0.000000
0.122416	0.000000
0.122416	0.000000
0.122416	0.000000
0.122416	0.000000
0.122416	0.000000
0.234019	0.000000
0.234019	0.000000
0.234019	0.000000
0.234019	0.000000
0.234019	0.000000
0.234019	0.000000
0.234019	0.000000
0.129372	0.000000
0.129372	0.000000
0.129372	0.000000
0.129372	0.000000
0.129372	0.000000
0.163773	0.000000
0.163773	0.000000
0.163773	0.000000
0.163773	0.000000
0.163773	0.000000
0.163773	0.000000
0.163773	0.000000
0.163773	0.000000
0.128478	0.000000
0.128478	0.000000
0.128478	0.000000
0.128478	0.000000
0.128478	0.000000
0.128478	0.000000
0.128478	0.000000
0.128478	0.000000
0.128478	0.000000
0.128478	0.000000
0.128478	0.000000
0.096625	0.000000
0.096625	0.000000
0.096625	0.000000
0.096625	0.000000
0.096625	0.000000
0.129551	1.000000
0.129551	0.000000
0.129551	0.000000
0.129551	0.000000
0.129551	0.000000
0.129551	0.000000
0.129551	0.000000
0.129551	0.000000
0.129551	0.000000
0.241992	0.000000
0.241992	0.000000
0.241992	0.000000
0.241992	0.000000
0.241992	0.000000
0.241992	0.000000
0.241992	0.000000
0.112527	1.000000
0.112527	0.000000
0.112527	1.000000
0.112527	0.000000
0.112527	0.000000
0.112527	1.000000
0.217791	0.000000
0.217791	1.000000
0.217791	0.000000
0.217791	0.000000
0.217791	0.000000
0.217791	0.000000
0.217791	0.000000
0.217791	0.000000
0.092731	0.992826
0.092731	0.000000
0.092731	0.000000
0.092731	0.000000
0.092731	0.000000
0.092731	0.000000
0.092731	1.000000
0.092731	0.000000
0.158970	0.000000
0.158970	0.000000
0.158970	0.000000
0.158970	0.000000
0.158970	0.000000
0.158970	0.000000
0.158970	0.000000
0.235404	0.000000
0.235404	0.000000
0.235404	0.000000
0.235404	0.000000
0.235404	0.000000
0.235404	0.000000
0.235404	0.000000
0.235404	1.000000
0.143788	0.000000
0.143788	0.000000
0.143788	0.000000
0.143788	0.000000
0.143788	0.000000
0.192135	1.000000
0.192135	1.000000
0.192135	1.000000
0.192135	1.000000
0.192135	1.000000
0.192135	1.000000
0.192135	1.000000
0.192135	1.000000
0.192135	1.000000
0.142057	0.000000
0.142057	0.000000
0.142057	0.000000
0.142057	1.000000
0.142057	0.000000
0.142057	0.000000
0.142057	0.000000
0.142057	0.000000
0.191708	1.000000
0.191708	1.000000
0.191708	0.000000
0.191708	0.000000
0.191708	0.000000
0.191708	0.000000
0.191708	0.000000
0.191708	0.000000
0.191708	0.000000
0.191708	0.000000
0.191708	0.000000
0.191708	1.000000
0.272603	1.000000
0.272603	0.000000
0.272603	1.000000
0.272603	0.000000
0.272603	1.000000
0.272603	1.000000
0.272603	0.000000
0.272603	0.000000
0.072411	0.996086
0.072411	0.000000
0.072411	1.000000
0.072411	1.000000
0.147375	0.000000
0.147375	1.000000
0.147375	1.000000
0.147375	0.000000
0.147375	0.000000
0.147375	0.000000
0.147375	0.000000
0.147375	0.000000
0.147375	0.000000
0.147375	0.000000
0.147375	0.000000
0.110330	0.000004
0.110330	0.000000
0.110330	0.000000
0.110330	0.000000
0.110330	0.000000
0.110330	0.000000
0.110330	1.000000
0.110330	0.000000
0.110330	1.000000
0.110330	0.000000
0.110330	0.000000
0.067130	1.000000
0.067130	0.000000
0.067130	1.000000
0.067130	1.000000
0.067130	0.000000
0.067130	1.000000
0.060030	0.000000
0.060030	1.000000
0.060030	1.000000
0.060030	1.000000
0.060030	0.000000
0.060030	0.000000
0.060030	0.000000
0.060030	0.000000
0.063089	1.000000
0.063089	0.000000
0.063089	0.000689
0.063089	0.000000
0.063089	0.000000
0.143389	0.000007
0.143389	0.000019
0.143389	0.000052
0.143389	0.000007
0.143389	0.000000
0.143389	0.000020
0.143389	0.054132
0.143389	0.015647
0.095794	0.000044
0.095794	0.560469
0.095794	0.975931
0.095794	0.644047
0.095794	1.000000
0.095794	1.000000
0.095794	1.000000
0.095794	1.000000
0.095794	1.000000
0.095794	0.000000
0.095794	0.000000
0.034647	0.000000
0.034647	0.000000
0.034647	0.000000
0.034647	0.000000
0.034647	0.000000
0.130422	0.000000
0.130422	0.000000
0.130422	0.000000
0.130422	0.000000
0.130422	0.000000
0.181809	0.000000
0.181809	0.000000
0.181809	0.000000
0.181809	0.000000
0.181809	0.000000
0.181809	0.000000
0.181809	0.000000
0.181809	0.000000
0.180341	0.000000
0.180341	0.000000
0.180341	0.000000
0.180341	0.000000
0.180341	0.000000
0.180341	0.000000
0.180341	0.000000
0.180341	0.000000
0.180341	0.000000
0.186464	0.000000
0.186464	0.000000
0.186464	0.000000
0.186464	0.000000
0.186464	0.000000
0.186464	0.000000
0.186464	0.000000
0.186464	0.000000
0.154418	0.000000
0.154418	0.000000
0.154418	0.000000
0.154418	0.000000
0.154418	0.000000
0.154418	0.000000
0.154418	0.000000
0.120597	0.000000
0.120597	0.000000
0.120597	0.000000
0.120597	0.000000
0.120597	0.000000
0.120597	0.000000
0.120597	0.000000
0.120597	0.000000
0.152676	0.000000
0.152676	0.000000
0.152676	0.000000
0.152676	0.000000
0.152676	0.000000
0.152676	0.000000
0.152676	0.000000
0.152676	0.000000
0.152676	0.000000
0.134609	0.000000
0.134609	0.000000
0.134609	0.000000
0.134609	0.000000
0.134609	0.000000
0.134609	0.000000
0.134609	0.000000
0.170522	0.000000
0.170522	0.000000
0.170522	0.000000
0.170522	0.000000
0.170522	0.000000
0.170522	0.000000
0.170522	0.000000
0.170522	0.000000
0.170522	0.000000
0.132056	0.000000
0.132056	0.000000
0.132056	0.000000
0.132056	0.000000
0.132056	0.000000
0.132056	0.000000
0.132056	0.000000
0.150449	0.000000
0.150449	0.000000
0.150449	0.000000
0.150449	0.000000
0.150449	0.000000
0.150449	0.000000
0.150449	0.000000
0.150449	0.000000
0.150449	0.000000
0.150449	0.000000
0.150449	0.000000
0.085126	0.000000
0.085126	0.000000
0.085126	0.000000
0.085126	0.000000
0.085126	0.000000
0.085126	0.000000
0.085126	0.000000
0.085126	0.000000
0.114932	0.000000
0.114932	0.000000
0.114932	0.000000
0.114932	0.000000
0.114932	0.000000
0.114932	0.000000
0.114932	0.000000
0.114932	0.000000
0.130012	0.000000
0.130012	0.000000
0.130012	0.000000
0.130012	0.000000
0.130012	0.000000
0.130012	0.000000
0.130012	0.000000
0.048182	0.000000
0.048182	0.000000
0.048182	0.000000
0.048182	0.000000
0.048182	0.000000
0.193989	0.000000
0.193989	0.000000
0.193989	0.000000
0.193989	0.000000
0.193989	0.000000
0.193989	0.000000
0.193989	0.000000
0.193989	0.000000
0.216746	0.000000
0.216746	0.000000
0.216746	0.000000
0.216746	0.000000
0.216746	0.000000
0.216746	0.000000
0.216746	0.000000
0.216746	0.000000
0.228265	0.000000
0.228265	0.000000
0.228265	0.000000
0.228265	0.000000
0.228265	0.000000
0.228265	0.000000
0.228265	0.000000
0.228265	0.000000
0.157461	0.000000
0.157461	0.000000
0.157461	0.000000
0.157461	0.000000
0.157461	0.000000
0.157461	0.000000
0.157461	0.000000
0.215798	0.000000
0.215798	0.000000
0.215798	0.000000
0.215798	0.000000
0.215798	0.000000
0.215798	0.000000
0.215798	0.000000
0.215798	0.000000
0.215798	0.000000
0.215798	0.000000
0.215798	0.000000
0.207277	0.000000
0.207277	0.000000
0.207277	0.000000
0.207277	0.000000
0.207277	0.000000
0.207277	0.000000
0.207277	0.000000
0.076157	0.782649
0.076157	0.000000
0.076157	0.874269
0.076157	0.993090
0.076157	0.963345
0.076157	0.775026
0.076157	0.000000
0.076157	0.481253
0.351198	0.000000
0.351198	0.000000
0.351198	0.284478
0.351198	0.000000
0.351198	0.000000
0.351198	0.000000
0.351198	0.000000
0.351198	0.000000
0.351198	0.000000
0.137705	0.030331
0.137705	0.801246
0.137705	0.420503
0.137705	0.000044
0.137705	0.000000
0.137705	0.862422
0.137705	0.000000
0.137705	0.568383
0.137705	0.082908
0.137705	0.995168
0.137705	0.919760
0.108476	0.000000
0.108476	0.000000
0.108476	0.000000
0.108476	0.000000
0.108476	0.000000
0.108476	0.000000
0.108476	0.000000
0.108476	0.000000
0.123246	0.000000
0.123246	0.000000
0.123246	0.000000
0.123246	0.000000
0.123246	0.000000
0.123246	0.000000
0.123246	0.000000
0.123246	0.000000
0.123246	0.000000
0.130417	0.000000
0.130417	0.000000
0.130417	0.000000
0.130417	0.000000
0.130417	0.000000
0.130417	0.000000
0.130417	0.000000
0.130417	0.000000
0.130417	0.000000
0.240978	0.000000
0.240978	0.000000
0.240978	0.000000
0.240978	0.000000
0.240978	0.000000
0.240978	0.000000
0.240978	0.000000
0.240978	0.000000
0.171081	0.000000
0.171081	0.000000
0.171081	0.000000
0.171081	0.000000
0.171081	0.000000
0.171081	0.000000
0.171081	0.000000
0.171081	0.000000
0.154364	0.000000
0.154364	0.000000
0.154364	0.000000
0.154364	0.000000
0.154364	0.000000
0.154364	0.000000
0.154364	0.000000
0.154364	0.000000
0.154364	0.000000
0.154364	0.000000
0.154364	0.000000
0.152609	0.000000
0.152609	0.000000
0.152609	0.000000
0.152609	0.000000
0.152609	0.000000
0.152609	0.000000
0.152609	0.000000
0.152609	0.000000
0.176451	0.000000
0.176451	0.000000
0.176451	0.000000
0.176451	0.000000
0.176451	0.000000
0.176451	0.000000
0.176451	0.000000
0.176451	0.000000
0.176451	0.000000
0.176451	0.000000
0.176451	0.000000
0.176451	0.000000
0.099542	0.000000
0.099542	0.000000
0.099542	0.000000
0.099542	0.000000
0.099542	0.000000
0.099542	0.000000
0.099542	0.000000
0.099542	0.000000
0.099542	0.000000
0.099542	0.000000
0.099542	0.000000
0.066647	0.000000
0.066647	0.000000
0.066647	0.000000
0.066647	0.000000
0.066647	0.000000
0.267558	0.000000
0.267558	0.000000
0.267558	0.000000
0.267558	0.000000
0.267558	0.000000
0.267558	0.000000
0.267558	0.000000
0.267558	0.000000
0.267558	0.000000
0.267558	0.000000
0.267558	0.000000
0.073758	0.000000
0.073758	0.000000
0.073758	0.000000
0.073758	0.000000
0.073758	0.000000
0.073758	0.000000
0.073758	0.000000
0.073758	0.000000
0.083238	0.000000
0.083238	0.000000
0.083238	0.000000
0.083238	0.000000
0.083238	0.000000
0.083238	0.000000
0.083238	0.000000
0.083238	0.000000
0.083238	0.000000
0.083238	0.000000
0.083238	0.000000
0.133761	0.000000
0.133761	0.000000
0.133761	0.000000
0.133761	0.000000
0.133761	0.000000
0.133761	0.000000
0.133761	0.000000
0.131391	0.000000
0.131391	0.000000
0.131391	0.000000
0.131391	0.000000
0.137181	0.000000
0.137181	0.000000
0.137181	0.000000
0.137181	0.000000
0.137181	0.000000
0.137181	0.000000
0.137181	0.000000
0.063930	0.000000
0.063930	0.000000
0.063930	0.000000
0.063930	0.000000
0.063930	0.000000
0.063930	0.000000
0.063930	0.000000
0.063930	0.000000
0.053585	0.000000
0.053585	0.000000
0.053585	0.000000
0.053585	0.000000
0.053585	0.000000
0.053585	0.000000
0.053585	0.000000
0.053585	0.000000
0.088345	0.000000
0.088345	0.000000
0.088345	0.000000
0.088345	0.000000
0.088345	0.000000
0.088345	0.000000
0.088345	0.000000
0.088345	0.000000
0.088345	0.000000
0.088345	0.000000
0.088345	0.000000
0.088345	0.000000
0.204237	0.000000
0.204237	0.000000
0.204237	0.000000
0.204237	0.000000
0.204237	0.000000
0.067832	0.000000
0.067832	0.000000
0.067832	0.000000
0.067832	0.000000
0.067832	0.000000
0.067832	0.000000
0.067832	0.000000
0.067832	0.000000
0.067832	0.000000
0.119070	0.000000
0.119070	0.000000
0.119070	0.000000
0.119070	0.000000
0.119070	0.000000
0.119070	0.000000
0.119070	0.000000
0.119070	0.000000
0.119070	0.000000
0.255625	0.000000
0.255625	0.000000
0.255625	0.000000
0.255625	0.000000
0.255625	0.000000
0.255625	0.000000
0.255625	0.000000
0.255625	0.000000
0.255625	0.000000
0.207181	0.000000
0.207181	0.000000
0.207181	0.000000
0.207181	0.000000
0.207181	0.000000
0.207181	0.000000
0.207181	0.000000
0.207181	0.000000
0.207181	0.000000
0.207181	0.000000
0.207181	0.000000
0.113125	0.000000
0.113125	0.000000
0.113125	0.000000
0.113125	0.000000
0.113125	0.000000
0.113125	0.000000
0.113125	0.000000
0.113125	0.000000
0.113125	0.000000
0.113125	0.000000
0.113125	0.000000
0.113125	0.000000
0.113125	0.000000
0.113125	0.000000
0.181156	0.000000
0.181156	0.000000
0.181156	0.000000
0.181156	0.000000
0.181156	0.000000
0.181156	0.000000
0.181156	0.000000
0.181156	0.000000
0.280391	0.000000
0.280391	0.000000
0.280391	0.000000
0.280391	0.000000
0.280391	0.000000
0.280391	0.000000
0.280391	0.000000
0.280391	0.000000
0.280391	0.000000
0.100985	0.000000
0.100985	0.000000
0.100985	0.000000
0.100985	0.000000
0.100985	0.000000
0.100985	0.000000
0.100985	0.000000
0.100985	0.000000
0.100985	0.000000
0.100985	0.000000
0.124483	0.000000
0.124483	0.000000
0.124483	0.000000
0.124483	0.000000
0.124483	0.000000
0.124483	0.000000
0.124483	0.000000
0.124483	0.000000
0.124483	0.000000
0.124483	0.000000
0.124483	0.000000
0.154239	0.000000
0.154239	0.000000
0.154239	0.000000
0.154239	0.000000
0.154239	0.000000
0.154239	0.000000
0.154239	0.000000
0.154239	0.000000
0.154239	0.000000
0.154239	0.000000
0.154239	0.000000
0.118194	0.000000
0.118194	0.000000
0.118194	0.000000
0.118194	0.000000
0.118194	0.000000
0.118194	0.000000
0.118194	0.000000
0.118194	0.000000
0.118194	0.000000
0.112622	0.000000
0.112622	0.000000
0.112622	0.000000
0.112622	0.000000
0.112622	0.000000
0.112622	0.000000
0.112622	0.000000
0.093863	0.000000
0.093863	0.000000
0.093863	0.000000
0.093863	0.000000
0.093863	0.000000
0.093863	0.000000
0.093863	0.000000
0.093863	0.000000
0.093863	0.000000
0.093863	0.000000
0.093863	0.000000
0.149300	0.000000
0.149300	0.000000
0.149300	0.000000
0.149300	0.000000
0.149300	0.000000
0.149300	0.000000
0.149300	0.000000
0.200487	0.000000
0.200487	0.000000
0.200487	0.000000
0.200487	0.000000
0.200487	0.000000
0.200487	0.000000
0.200487	0.000000
0.159328	0.999990
0.159328	0.999997
0.159328	0.999989
0.159328	0.000000
0.159328	0.000000
0.159328	0.000000
0.159328	0.000000
0.159328	0.000000
0.159328	0.000000
0.092240	0.000000
0.092240	0.000000
0.092240	0.000000
0.092240	0.000000
0.092240	0.000000
0.092240	0.000000
0.092240	0.000000
0.092240	0.000000
0.092240	0.000000
0.092240	0.000000
0.092240	0.000000
0.093999	0.000000
0.093999	0.000000
0.093999	0.000000
0.093999	0.000000
0.093999	0.000000
0.093999	0.000000
0.093999	0.000000
0.093999	0.000000
0.164379	0.001493
0.164379	0.059872
0.164379	0.004174
0.164379	0.000214
0.164379	0.000000
0.164379	0.000000
0.164379	0.000000
0.164379	0.000000
0.164379	0.000000
0.051027	0.000053
0.051027	0.000000
0.051027	0.000000
0.051027	0.000000
0.084224	0.000000
0.084224	0.000000
0.084224	0.000000
0.084224	0.000000
0.084224	0.000000
0.084224	0.000000
0.084224	0.000000
0.084224	0.000000
0.084224	0.000000
0.084224	0.000000
0.084224	0.000000
0.084224	0.000000
0.220198	0.000000
0.220198	0.000000
0.220198	0.000000
0.220198	0.000000
0.220198	0.000000
0.100545	0.961700
0.100545	0.993684
0.100545	0.999698
0.100545	0.000000
0.100545	0.000000
0.100545	0.000000
0.100545	0.000000
0.100545	0.000000
0.080312	0.999424
0.080312	0.000000
0.080312	0.999878
0.080312	0.997834
0.080312	0.000000
0.080312	0.000000
0.080312	0.000000
0.080312	0.000000
0.080312	0.000000
0.072752	0.000000
0.072752	0.000000
0.072752	0.000000
0.072752	0.000000
0.072752	0.000000
0.072752	0.000000
0.072752	0.000000
0.072752	0.000000
0.319650	0.001116
0.319650	0.000000
0.319650	0.016493
0.319650	0.014593
0.319650	0.000000
0.319650	0.000000
0.319650	0.000000
0.319650	0.000000
0.319650	0.000000
0.036472	0.998875
0.036472	0.999849
0.036472	0.999469
0.036472	0.998846
0.036472	0.000000
0.036472	0.000000
0.036472	0.000000
0.036472	0.000000
0.089711	0.000000
0.089711	0.000000
0.089711	0.000000
0.089711	0.000000
0.089711	0.000000
0.089711	0.000000
0.089711	0.000000
0.089711	0.000000
0.274634	0.000000
0.274634	0.000000
0.274634	0.000000
0.274634	0.000000
0.274634	0.000000
0.274634	0.000000
0.274634	0.000000
0.161815	0.999989
0.161815	0.000000
0.161815	0.999995
0.161815	0.000000
0.161815	0.000000
0.161815	0.000000
0.161815	0.000000
0.161815	0.000000
0.161815	0.000000
0.057989	1.000000
0.057989	0.000000
0.057989	1.000000
0.057989	0.000000
0.057989	0.000000
0.057989	0.000000
0.057989	0.000000
0.057989	0.000000
0.057989	0.000000
0.152700	0.000000
0.152700	0.000000
0.152700	0.000000
0.152700	0.000000
0.152700	0.000000
0.152700	0.000000
0.152700	0.000000
0.152700	0.000000
0.152700	0.000000
0.152700	0.000000
0.152700	0.000000
0.152700	0.000000
0.170522	0.000005
0.170522	0.000000
0.170522	0.000005
0.170522	0.000000
0.170522	0.000000
0.054762	0.999988
0.054762	0.000000
0.054762	0.000000
0.054762	0.000000
0.054762	0.000000
0.054762	0.000000
0.054762	0.000000
0.054762	0.000000
0.184699	0.999694
0.184699	0.000000
0.184699	0.999246
0.184699	0.976188
0.184699	0.000000
0.184699	0.000000
0.184699	0.000000
0.184699	0.000000
0.193298	0.000000
0.193298	0.092152
0.193298	0.012688
0.193298	0.000000
0.193298	0.000000
0.193298	0.000000
0.193298	0.000000
0.193298	0.000000
0.193298	0.000000
0.119011	0.000027
0.119011	0.000002
0.119011	0.000002
0.119011	0.000001
0.119011	0.000000
0.119011	0.000000
0.119011	0.000000
0.119011	0.000000
0.119011	0.000000
0.224591	0.000000
0.224591	0.000000
0.224591	0.000000
0.224591	0.000000
0.224591	0.000000
0.224591	0.000000
0.224591	0.000000
0.224591	0.000000
0.224591	0.000000
0.153998	0.000000
0.153998	0.000000
0.153998	0.000000
0.153998	0.000000
0.153998	0.000000
0.153998	0.000000
0.153998	0.000000
0.078974	0.000000
0.078974	0.000000
0.078974	0.000000
0.078974	0.000000
0.078974	0.000000
0.138708	0.000000
0.138708	0.000000
0.138708	0.000000
0.138708	0.000000
0.138708	0.000000
0.138708	0.000000
0.138708	0.000000
0.138708	0.000000
0.106443	0.000000
0.106443	0.000000
0.106443	0.000000
0.106443	0.000000
0.106443	0.000000
0.106443	0.000000
0.106443	0.000000
0.106443	0.000000
0.159614	0.000000
0.159614	0.000000
0.159614	0.000000
0.159614	0.000000
0.159614	0.000000
0.159614	0.000000
0.159614	0.000000
0.159614	0.000000
0.159614	0.000000
0.071220	0.000000
0.071220	0.000000
0.071220	0.000000
0.071220	0.000000
0.071220	0.000000
0.087074	0.000000
0.087074	0.000000
0.087074	0.000000
0.087074	0.000000
0.087074	0.000000
0.087074	0.000000
0.087074	0.000000
0.087074	0.000000
0.180002	0.000000
0.180002	0.000000
0.180002	0.000000
0.180002	0.000000
0.180002	0.000000
0.180002	0.000000
0.180002	0.000000
0.180002	0.000000
0.180002	0.000000
0.180002	0.000000
0.180002	0.000000
0.180002	0.000000
0.180002	0.000000
0.180002	0.000000
0.129688	0.000000
0.129688	0.000000
0.129688	0.000000
0.129688	0.000000
0.129688	0.000000
0.129688	0.000000
0.129688	0.000000
0.129688	0.000000
0.129688	0.000000
0.152308	0.000000
0.152308	0.000000
0.152308	0.000000
0.152308	0.000000
0.152308	0.000000
0.152308	0.000000
0.152308	0.000000
0.152308	0.000000
0.152308	0.000000
0.152308	0.000000
0.152308	0.000000
0.152308	0.000000
0.207818	0.000000
0.207818	0.000000
0.207818	0.000000
0.207818	0.000000
0.207818	0.000000
0.129358	0.000000
0.129358	0.000000
0.129358	0.000000
0.129358	0.000000
0.129358	0.000000
0.129358	0.000000
0.129358	0.000000
0.129358	0.000000
0.210052	0.000000
0.210052	0.000000
0.210052	0.000000
0.210052	0.000000
0.210052	0.000000
0.210052	0.000000
0.210052	0.000000
0.210052	0.000000
0.210052	0.000000
0.316792	0.000000
0.316792	0.000000
0.316792	0.000000
0.316792	0.000000
0.316792	0.000000
0.316792	0.000000
0.316792	0.000000
0.316792	0.000000
0.259624	0.000000
0.259624	0.000000
0.259624	0.000000
0.259624	0.000000
0.259624	0.000000
0.259624	0.000000
0.259624	0.000000
