Ground Truth	Predictions
0.188019	0.000000
0.188019	0.000000
0.188019	0.000000
0.188019	0.000000
0.188019	0.000000
0.188019	0.000000
0.164609	0.000000
0.164609	0.000000
0.164609	0.000000
0.164609	0.000000
0.164609	0.000000
0.164609	0.000000
0.164609	0.000000
0.164609	0.000000
0.164609	0.000000
0.094252	0.000000
0.094252	0.000000
0.094252	0.000000
0.094252	0.000000
0.094252	0.000000
0.094252	0.000000
0.094252	0.000000
0.095336	0.000000
0.095336	0.000000
0.095336	0.000000
0.095336	0.000000
0.095336	0.000000
0.095336	0.000000
0.095336	0.000000
0.095336	0.000000
0.174080	0.000000
0.174080	0.000000
0.174080	0.000000
0.174080	0.000000
0.174080	0.000000
0.174080	0.000000
0.174080	0.000000
0.088930	0.000000
0.088930	0.000000
0.088930	0.000000
0.088930	0.000000
0.088930	0.000000
0.088930	0.000000
0.088930	0.000000
0.088930	0.000000
0.252678	0.000000
0.252678	0.000000
0.252678	0.000000
0.252678	0.000000
0.252678	0.000000
0.252678	0.000000
0.252678	0.000000
0.252678	0.000000
0.252678	0.000000
0.252678	0.000000
0.252678	0.000000
0.252678	0.000000
0.318034	0.000000
0.318034	0.000000
0.318034	0.000000
0.318034	0.000000
0.318034	0.000000
0.318034	0.000000
0.318034	0.000000
0.318034	0.000000
0.413795	0.000000
0.413795	0.000000
0.413795	0.000000
0.413795	0.000000
0.413795	0.000000
0.413795	0.000000
0.413795	0.000000
0.413795	0.000000
0.633719	0.000082
0.633719	0.000000
0.633719	0.000054
0.633719	0.000000
0.633719	0.000000
0.633719	0.000063
0.633719	0.135905
0.633719	0.000000
0.633719	0.000003
0.633719	0.000000
0.465732	0.000000
0.465732	0.000000
0.465732	0.000000
0.465732	0.000000
0.465732	0.000000
0.711867	0.000000
0.711867	0.000000
0.711867	0.000000
0.711867	0.000000
0.711867	0.000000
0.711867	0.000000
0.365235	0.000000
0.365235	0.000000
0.365235	0.000000
0.365235	0.000000
0.365235	0.000000
0.365235	0.000000
0.365235	0.000000
0.365235	0.000000
0.265138	0.000000
0.265138	0.000000
0.265138	0.000000
0.265138	0.000000
0.265138	0.000000
0.265138	0.000000
0.265138	0.000000
0.481271	0.000000
0.481271	0.000000
0.481271	0.000000
0.481271	0.000000
0.481271	0.000000
0.481271	0.000000
0.481271	0.000000
0.316886	0.000000
0.316886	0.000000
0.316886	0.000000
0.316886	0.000000
0.316886	0.000000
0.316886	0.000000
0.316886	0.000000
0.316886	0.000000
0.260900	0.000000
0.260900	0.000000
0.260900	0.000000
0.260900	0.000000
0.260900	0.000000
0.260900	0.000000
0.260900	0.000941
0.260900	0.000000
0.335840	0.000000
0.335840	0.000000
0.335840	0.000000
0.335840	0.000000
0.335840	0.000000
0.335840	0.000000
0.335840	0.000000
0.335840	0.000000
0.335840	0.000000
0.262017	0.000000
0.262017	0.000000
0.262017	0.000000
0.262017	0.000000
0.262017	0.000000
0.262017	0.000000
0.262017	0.000000
0.262017	0.000000
0.224489	0.000000
0.224489	0.000000
0.224489	0.000000
0.224489	0.000000
0.224489	0.000000
0.224489	0.000000
0.224489	0.000000
0.224489	0.000000
0.168732	0.000000
0.168732	0.000000
0.168732	0.000000
0.168732	0.000000
0.168732	0.000000
0.168732	0.000000
0.168732	0.000000
0.168732	0.000000
0.168732	0.000000
0.168732	0.000000
0.202991	0.000000
0.202991	0.000000
0.202991	0.000000
0.202991	0.000000
0.202991	0.000000
0.202991	0.000000
0.202991	0.000000
0.202991	0.000000
0.202991	0.000000
0.202991	0.000000
0.202991	0.000000
0.116819	0.000000
0.116819	0.000000
0.116819	0.000000
0.116819	0.000000
0.116819	0.000000
0.116819	0.000000
0.116819	0.000000
0.334891	0.000000
0.334891	0.000000
0.334891	0.000000
0.334891	0.000000
0.334891	0.000000
0.334891	0.000000
0.334891	0.000000
0.334891	0.000000
0.334891	0.000000
0.230395	0.000000
0.230395	0.000000
0.230395	0.000000
0.230395	0.000000
0.230395	0.000000
0.230395	0.000000
0.230395	0.000000
0.230395	0.000000
0.230395	0.000000
0.157785	0.000000
0.157785	0.000000
0.157785	0.000000
0.157785	0.000000
0.157785	0.000000
0.157785	0.000000
0.206055	0.000000
0.206055	0.000000
0.206055	0.000000
0.206055	0.000000
0.206055	0.000000
0.206055	0.000000
0.206055	0.000000
0.206055	0.000000
0.206055	0.000000
0.098584	0.000000
0.098584	0.000000
0.098584	0.000000
0.098584	0.000000
0.098584	0.000000
0.098584	0.000000
0.098584	0.000000
0.098584	0.000000
0.093341	0.000000
0.093341	0.000000
0.093341	0.000000
0.093341	0.000000
0.093341	0.000000
0.093341	0.000000
0.093341	0.000000
0.093341	0.000000
0.093341	0.000000
0.197150	0.000000
0.197150	0.000000
0.197150	0.000000
0.197150	0.000000
0.197150	0.000000
0.197150	0.000000
0.197150	0.000000
0.197150	0.000000
0.197150	0.000000
0.192113	0.000000
0.192113	0.000000
0.192113	0.000000
0.192113	0.000000
0.192113	0.000000
0.192113	0.000000
0.192113	0.000000
0.150294	0.000000
0.150294	0.000000
0.150294	0.000000
0.150294	0.000000
0.150294	0.000000
0.246577	0.000000
0.246577	0.000000
0.246577	0.000000
0.246577	0.000000
0.246577	0.000000
0.246577	0.000000
0.246577	0.000000
0.246577	0.000000
0.246577	0.000000
0.246577	0.000000
0.246577	0.000000
0.086631	0.000000
0.086631	0.000000
0.086631	0.000000
0.086631	0.000000
0.086631	0.000000
0.086631	0.000000
0.086631	0.000000
0.086631	0.000000
0.213980	0.000000
0.213980	0.000000
0.213980	0.000000
0.213980	0.000000
0.213980	0.000000
0.213980	0.000000
0.213980	0.000000
0.213980	0.000000
0.213980	0.000000
0.213980	0.000000
0.213980	0.000000
0.244799	0.000000
0.244799	0.000000
0.244799	0.000000
0.244799	0.000000
0.636044	0.000000
0.636044	0.000000
0.636044	0.000000
0.636044	0.000000
0.636044	0.000000
0.636044	0.000000
0.636044	0.000000
0.636044	0.000000
0.636044	0.000000
0.636044	0.000000
0.636044	0.000000
0.708983	0.000000
0.708983	0.000000
0.708983	0.000000
0.708983	0.000000
0.708983	0.000000
0.708983	0.000000
0.709025	0.932610
0.709025	0.000000
0.709025	0.000000
0.709025	0.000000
0.709025	0.000000
0.709025	0.000000
0.709025	0.000000
0.709025	0.000000
0.709025	0.000000
0.709025	0.000000
0.709025	0.000000
0.680945	0.000000
0.680945	0.000000
0.680945	0.000000
0.680945	0.000000
0.680945	0.000000
0.680945	0.000000
0.680945	0.000000
0.680945	0.000000
0.680945	0.000000
0.680945	0.000000
0.680945	0.000000
0.518156	0.000000
0.518156	0.000045
0.518156	0.000803
0.518156	0.000000
0.518156	0.000000
0.518156	0.000000
0.518156	0.000000
0.518156	0.000000
0.518156	0.000000
0.375215	0.000000
0.375215	0.000000
0.375215	0.000000
0.375215	0.000000
0.375215	0.000000
0.375215	0.000000
0.375215	0.000000
0.375215	0.000000
0.203939	0.284680
0.203939	0.000000
0.203939	0.284680
0.203939	0.006254
0.203939	0.000000
0.203939	0.000000
0.203939	0.020094
0.272141	0.000000
0.272141	0.000000
0.272141	0.000041
0.272141	0.000000
0.272141	0.000000
0.272141	0.000000
0.272141	0.000000
0.272141	0.000000
0.272141	0.000000
0.236238	0.000000
0.236238	0.000000
0.236238	0.000019
0.236238	0.284680
0.236238	0.000000
0.236238	0.000000
0.236238	0.000000
0.236238	0.000000
0.236238	0.000000
0.207589	0.000000
0.207589	0.000000
0.207589	0.000000
0.207589	0.000000
0.207589	0.000000
0.207589	0.000000
0.207589	0.000000
0.207589	0.000000
0.273903	0.000000
0.273903	0.000000
0.273903	0.000000
0.273903	0.000000
0.273903	0.000000
0.273903	0.000000
0.273903	0.000000
0.205107	0.000000
0.205107	0.000000
0.205107	0.000000
0.205107	0.000000
0.205107	0.000000
0.205107	0.000000
0.205107	0.000000
0.205107	0.000000
0.205107	0.000000
0.225352	0.000000
0.225352	0.000000
0.225352	0.000000
0.225352	0.000000
0.225352	0.000000
0.225352	0.000000
0.225352	0.000000
0.225352	0.000000
0.225352	0.000000
0.189423	0.000000
0.189423	0.000000
0.189423	0.000000
0.189423	0.000000
0.189423	0.000000
0.189423	0.000000
0.189423	0.000000
0.189423	0.000000
0.189423	0.000000
0.189423	0.000000
0.189423	0.000000
0.189423	0.000000
0.249301	0.000000
0.249301	0.000000
0.249301	0.000000
0.249301	0.000000
0.249301	0.000000
0.249301	0.000000
0.249301	0.000000
0.249301	0.000000
0.113899	0.000000
0.113899	0.000000
0.113899	0.000000
0.113899	0.000000
0.113899	0.000000
0.113899	0.000000
0.113899	0.000000
0.113899	0.000000
0.234553	0.000000
0.234553	0.000000
0.234553	0.000000
0.234553	0.000000
0.234553	0.000000
0.234553	0.000000
0.234553	0.000000
0.234553	0.000000
0.192011	0.000000
0.192011	0.000000
0.192011	0.000000
0.192011	0.000000
0.192011	0.000000
0.192011	0.000000
0.192011	0.000000
0.192011	0.000000
0.192011	0.000000
0.192011	0.000000
0.464405	0.000000
0.464405	0.000000
0.464405	0.000000
0.464405	0.000000
0.464405	0.000000
0.464405	0.000000
0.464405	0.000000
0.464405	0.000000
0.464405	0.000000
0.464405	0.000000
0.464405	0.000000
0.122526	0.000000
0.122526	0.000000
0.122526	0.000000
0.122526	0.000000
0.122526	0.000000
0.122526	0.000000
0.122526	0.000000
0.292083	0.000000
0.292083	0.000000
0.292083	0.000000
0.292083	0.000000
0.292083	0.000000
0.292083	0.000000
0.292083	0.000000
0.292083	0.000000
0.292083	0.000000
0.584337	0.000000
0.584337	0.000000
0.584337	0.000000
0.584337	0.000000
0.584337	0.000000
0.584337	0.000000
0.584337	0.000000
0.584337	0.000000
0.213978	0.507906
0.213978	0.000000
0.213978	0.535024
0.213978	0.665124
0.213978	0.509949
0.213978	0.000000
0.213978	0.000000
0.213978	0.000000
0.213978	0.000000
0.190247	0.000000
0.190247	0.000000
0.190247	0.000000
0.190247	0.000000
0.190247	0.000000
0.190247	0.000000
0.190247	0.000000
0.190247	0.000000
0.316439	0.000033
0.316439	0.000000
0.316439	0.000000
0.316439	0.000000
0.316439	0.000000
0.316439	0.000000
0.316439	0.000000
0.316439	0.000000
0.144331	0.000000
0.144331	0.000000
0.144331	0.000000
0.144331	0.000000
0.144331	0.000000
0.144331	0.000000
0.144331	0.000000
0.144331	0.000000
0.144331	0.000000
0.144331	0.000000
0.144331	0.000000
0.122127	0.000000
0.122127	0.000000
0.122127	0.000000
0.122127	0.000000
0.122127	0.000000
0.122127	0.000000
0.122127	0.000000
0.076739	0.000000
0.076739	0.000000
0.076739	0.000000
0.076739	0.000000
0.076739	0.000000
0.076739	0.000000
0.076739	0.000000
0.208892	0.000000
0.208892	0.000000
0.208892	0.000000
0.208892	0.000000
0.208892	0.000000
0.208892	0.000000
0.208892	0.000000
0.208892	0.000000
0.208892	0.000000
0.159177	0.000000
0.159177	0.000000
0.159177	0.000000
0.159177	0.000000
0.159177	0.000000
0.159177	0.000000
0.159177	0.000000
0.159177	0.000000
0.154676	0.000000
0.154676	0.000000
0.154676	0.000000
0.154676	0.000000
0.154676	0.000000
0.154676	0.000000
0.154676	0.000000
0.154676	0.000000
0.144272	0.000000
0.144272	0.000000
0.144272	0.000000
0.144272	0.000000
0.144272	0.000000
0.144272	0.000000
0.144272	0.000000
0.144272	0.000000
0.144272	0.000000
0.144272	0.000000
0.144272	0.000000
0.144189	0.000000
0.144189	0.000000
0.144189	0.000000
0.144189	0.000000
0.144189	0.000000
0.144189	0.000000
0.144189	0.000000
0.150523	0.000000
0.150523	0.000000
0.150523	0.000000
0.150523	0.000000
0.150523	0.000000
0.150523	0.000000
0.150523	0.000000
0.150523	0.000000
0.102210	0.000000
0.102210	0.000000
0.102210	0.000000
0.102210	0.000000
0.102210	0.000000
0.102210	0.000000
0.102210	0.000000
0.102210	0.000000
0.076396	0.000000
0.076396	0.000000
0.076396	0.000000
0.076396	0.000000
0.076396	0.000000
0.076396	0.000000
0.076396	0.000000
0.076396	0.000000
0.141384	0.000000
0.141384	0.000000
0.141384	0.000000
0.141384	0.000000
0.141384	0.000000
0.141384	0.000000
0.141384	0.000000
0.141384	0.000000
0.141384	0.000000
0.101566	0.000000
0.101566	0.000000
0.101566	0.000000
0.101566	0.000000
0.101566	0.000000
0.101566	0.000000
0.101566	0.000000
0.101566	0.000000
0.101566	0.000000
0.101566	0.000000
0.101566	0.000000
0.101566	0.000000
0.081767	0.000000
0.081767	0.000000
0.081767	0.000000
0.081767	0.000000
0.081767	0.000000
0.081767	0.000000
0.081767	0.000000
0.076977	0.000000
0.076977	0.000000
0.076977	0.000000
0.076977	0.000000
0.076977	0.000000
0.076977	0.000000
0.076977	0.000000
0.076977	0.000000
0.076977	0.000000
0.156887	0.000000
0.156887	0.000000
0.156887	0.000000
0.156887	0.000000
0.156887	0.000000
0.156887	0.000000
0.156887	0.000000
0.156887	0.000000
0.156887	0.000000
0.111953	0.000000
0.111953	0.000000
0.111953	0.000000
0.111953	0.000000
0.111953	0.000000
0.111953	0.000000
0.111953	0.000000
0.111953	0.000000
0.138110	0.000000
0.138110	0.000000
0.138110	0.000000
0.138110	0.000000
0.138110	0.000000
0.138110	0.000000
0.138110	0.000000
0.138110	0.000000
0.138110	0.000000
0.089297	0.000000
0.089297	0.000000
0.089297	0.000000
0.089297	0.000000
0.089297	0.000000
0.089297	0.000000
0.089297	0.000000
0.089297	0.000000
0.100818	0.000000
0.100818	0.000000
0.100818	0.000000
0.100818	0.000000
0.100818	0.000000
0.100818	0.000000
0.100818	0.000000
0.100818	0.000000
0.092471	0.000000
0.092471	0.000000
0.092471	0.000000
0.092471	0.000000
0.092471	0.000000
0.092471	0.000000
0.092471	0.000000
0.092471	0.000000
0.094074	0.000000
0.094074	0.000000
0.094074	0.000000
0.094074	0.000000
0.094074	0.000000
0.094074	0.000000
0.094074	0.000000
0.094074	0.000000
0.094074	0.000000
0.094074	0.000000
0.235446	0.000000
0.235446	0.000000
0.235446	0.000000
0.235446	0.000000
0.235446	0.000000
0.235446	0.000000
0.235446	0.000000
0.235446	0.000000
0.306544	0.000000
0.306544	0.000000
0.306544	0.000000
0.306544	0.000000
0.306544	0.000000
0.306544	0.000000
0.306544	0.000000
0.306544	0.000000
0.078428	0.000000
0.078428	0.000000
0.078428	0.000000
0.078428	0.000000
0.078428	0.000000
0.078428	0.000000
0.078428	0.000000
0.078428	0.000000
0.253400	0.000000
0.253400	0.000000
0.253400	0.000000
0.253400	0.000000
0.253400	0.000000
0.332513	0.000000
0.332513	0.000000
0.332513	0.000000
0.332513	0.000000
0.332513	0.000000
0.332513	0.000000
0.332513	0.000000
0.332513	0.000000
0.332513	0.000000
0.332513	0.000000
0.133752	0.000000
0.133752	0.000000
0.133752	0.000000
0.133752	0.000000
0.133752	0.000000
0.133752	0.000000
0.212197	0.000000
0.212197	0.000000
0.212197	0.000000
0.212197	0.000000
0.212197	0.000000
0.212197	0.000000
0.212197	0.000000
0.212197	0.000000
0.212916	0.000000
0.212916	0.000000
0.212916	0.000000
0.212916	0.000000
0.212916	0.000000
0.212916	0.000000
0.212916	0.000000
0.212916	0.000000
0.212916	0.000000
0.220779	0.000000
0.220779	0.000000
0.220779	0.000000
0.220779	0.000000
0.220779	0.000000
0.220779	0.000000
0.220779	0.000000
0.220779	0.000000
0.163683	0.000000
0.163683	0.000000
0.163683	0.000000
0.163683	0.000000
0.163683	0.000000
0.163683	0.000000
0.163683	0.000000
0.163683	0.000000
0.163683	0.000000
0.163683	0.000000
0.163683	0.000000
0.140383	0.000000
0.140383	0.000000
0.140383	0.000000
0.140383	0.000000
0.140383	0.000000
0.140383	0.000000
0.140383	0.000000
0.140383	0.000000
0.140383	0.000000
0.140383	0.000000
0.158038	0.000000
0.158038	0.000000
0.158038	0.000000
0.158038	0.000000
0.158038	0.000000
0.158038	0.000000
0.158038	0.000000
0.170138	0.000000
0.170138	0.000000
0.170138	0.000000
0.170138	0.000000
0.170138	0.000000
0.170138	0.000000
0.170138	0.000000
0.170138	0.000000
0.120297	0.000000
0.120297	0.000000
0.120297	0.000000
0.120297	0.000000
0.120297	0.000000
0.120297	0.000000
0.120297	0.000000
0.120297	0.000000
0.177467	0.000000
0.177467	0.000000
0.177467	0.000000
0.177467	0.000000
0.177467	0.000000
0.177467	0.000000
0.177467	0.000000
0.177467	0.000000
0.177467	0.000000
0.154619	0.000000
0.154619	0.000000
0.154619	0.000000
0.154619	0.000000
0.154619	0.000000
0.154619	0.000000
0.154619	0.000000
0.154619	0.000000
0.154619	0.000000
0.154619	0.000000
0.154619	0.000000
0.154619	0.000000
0.172477	0.000000
0.172477	0.000000
0.172477	0.000000
0.172477	0.000000
0.172477	0.000000
0.172477	0.000000
0.172477	0.000000
0.172477	0.000000
0.172477	0.000000
0.172477	0.000000
0.172477	0.000000
0.124806	0.000000
0.124806	0.000000
0.124806	0.000000
0.124806	0.000000
0.124806	0.000000
0.124806	0.000000
0.124806	0.000000
0.124806	0.000000
0.124806	0.000000
0.124806	0.000000
0.124806	0.000000
0.192332	0.000000
0.192332	0.000000
0.192332	0.000000
0.192332	0.000000
0.192332	0.000000
0.192332	0.000000
0.192332	0.000000
0.192332	0.000000
0.192332	0.000000
0.129921	0.000000
0.129921	0.000000
0.129921	0.000000
0.129921	0.000000
0.129921	0.000000
0.129921	0.000000
0.129921	0.000000
0.129921	0.000000
0.129921	0.000000
0.129921	0.000000
0.147098	0.000000
0.147098	0.000000
0.147098	0.000000
0.147098	0.000000
0.147098	0.000000
0.147098	0.000000
0.147098	0.000000
0.095947	0.000000
0.095947	0.000000
0.095947	0.000000
0.095947	0.000000
0.095947	0.000000
0.095947	0.000000
0.095947	0.000000
0.095947	0.000000
0.102672	0.000000
0.102672	0.000000
0.102672	0.000000
0.102672	0.000000
0.102672	0.000000
0.102672	0.000000
0.102672	0.000000
0.102672	0.000000
0.102672	0.000000
0.102672	0.000000
0.102672	0.000000
0.101510	0.000000
0.101510	0.000000
0.101510	0.000000
0.101510	0.000000
0.101510	0.000000
0.101510	0.000000
0.101510	0.000000
0.101510	0.000000
0.175758	0.000000
0.175758	0.000000
0.175758	0.000000
0.175758	0.000000
0.175758	0.000000
0.175758	0.000000
0.087061	0.000000
0.087061	0.000000
0.087061	0.000000
0.087061	0.000000
0.087061	0.000000
0.087061	0.000000
0.087061	0.000000
0.087061	0.000000
0.086463	0.000000
0.086463	0.000000
0.086463	0.000000
0.086463	0.000000
0.086463	0.000000
0.086463	0.000000
0.086463	0.000000
0.086463	0.000000
0.086463	0.000000
0.096970	0.000000
0.096970	0.000000
0.096970	0.000000
0.096970	0.000000
0.096970	0.000000
0.096970	0.000000
0.076154	0.000000
0.076154	0.000000
0.076154	0.000000
0.076154	0.000000
0.076154	0.000000
0.076154	0.000000
0.076154	0.000000
0.076154	0.000000
0.157230	0.000000
0.157230	0.000000
0.157230	0.000000
0.157230	0.000000
0.157230	0.000000
0.157230	0.000000
0.157230	0.000000
0.157230	0.000000
0.090160	0.000000
0.090160	0.000000
0.090160	0.000000
0.090160	0.000000
0.090160	0.000000
0.090160	0.000000
0.090160	0.000000
0.090160	0.000000
0.110297	0.000000
0.110297	0.000000
0.110297	0.000000
0.110297	0.000000
0.110297	0.000000
0.110297	0.000000
0.110297	0.000000
0.110297	0.000000
0.110297	0.000000
0.110297	0.000000
0.110297	0.000000
0.110297	0.000000
0.083892	0.000000
0.083892	0.000000
0.083892	0.000000
0.083892	0.000000
0.083892	0.000000
0.083892	0.000000
0.083892	0.000000
0.083892	0.000000
0.356632	0.000000
0.356632	0.000000
0.356632	0.000000
0.356632	0.000000
0.356632	0.000000
0.356632	0.000002
0.356632	0.024927
0.356632	0.000000
0.265489	0.000000
0.265489	0.000000
0.265489	0.000000
0.265489	0.000000
0.442823	0.000000
0.442823	0.000000
0.442823	0.000000
0.442823	0.000000
0.442823	0.000000
0.442823	0.000000
0.442823	0.000000
0.316187	0.000000
0.316187	0.000000
0.316187	0.000000
0.316187	0.000000
0.316187	0.000000
0.316187	0.000000
0.316187	0.000000
0.316187	0.000000
0.144739	0.000000
0.144739	0.000000
0.144739	0.000000
0.144739	0.000000
0.144739	0.000010
0.144739	0.000000
0.144739	0.000000
0.144739	0.000000
0.144739	0.000000
0.283420	0.000000
0.283420	0.000000
0.283420	0.000000
0.283420	0.000000
0.283420	0.000000
0.283420	0.000000
0.283420	0.000000
0.283420	0.000000
0.283420	0.000000
0.283420	0.000000
0.283420	0.000000
0.283420	0.000000
0.375378	0.000000
0.375378	0.000000
0.375378	0.000000
0.375378	0.000000
0.375378	0.000000
0.375378	0.000000
0.375378	0.000000
0.144123	0.000000
0.144123	0.000000
0.144123	0.000000
0.144123	0.000000
0.144123	0.000000
0.144123	0.000000
0.144123	0.000000
0.144123	0.000000
0.134691	0.000000
0.134691	0.000000
0.134691	0.000000
0.134691	0.000000
0.134691	0.000000
0.134691	0.000000
0.134691	0.000000
0.134691	0.000000
0.348682	0.000000
0.348682	0.000000
0.348682	0.000000
0.348682	0.000000
0.348682	0.000000
0.348682	0.001500
0.348682	0.000004
0.348682	0.000395
0.348682	0.000000
0.239153	0.284680
0.239153	0.000000
0.239153	0.340651
0.239153	0.000000
0.239153	0.000000
0.239153	0.000000
0.239153	0.000000
0.239153	0.000000
0.239153	0.000000
0.201933	0.000000
0.201933	0.000000
0.201933	0.000000
0.201933	0.000000
0.201933	0.000000
0.201933	0.000000
0.201933	0.000000
0.201933	0.000000
0.201933	0.000000
0.379707	0.284680
0.379707	0.234037
0.379707	0.284680
0.379707	0.000000
0.379707	0.000000
0.379707	0.015029
0.379707	0.000000
0.379707	0.000000
0.379707	0.515511
0.349518	0.284680
0.349518	0.000000
0.349518	0.284680
0.349518	0.000000
0.349518	0.000000
0.349518	0.000000
0.349518	0.284680
0.349518	0.000000
0.280283	0.000000
0.280283	0.000000
0.280283	0.000000
0.280283	0.000000
0.280283	0.000049
0.280283	0.000000
0.280283	0.000000
0.280283	0.000000
0.280283	0.000000
0.071660	0.000000
0.071660	0.000000
0.071660	0.000000
0.071660	0.000000
0.071660	0.000000
0.071660	0.000000
0.071660	0.000000
0.071660	0.000000
0.088927	0.000000
0.088927	0.000000
0.088927	0.000000
0.088927	0.000000
0.088927	0.000000
0.088927	0.000000
0.088927	0.000000
0.088927	0.000000
0.074926	0.000000
0.074926	0.000000
0.074926	0.000000
0.074926	0.000000
0.074926	0.000000
0.074926	0.000000
0.074926	0.000000
0.074926	0.000000
0.074926	0.000000
0.027689	0.000000
0.027689	0.000000
0.027689	0.000000
0.027689	0.000000
0.027689	0.000000
0.027689	0.000000
0.087636	0.000000
0.087636	0.000000
0.087636	0.000000
0.087636	0.000000
0.087636	0.000000
0.077376	0.000000
0.077376	0.000000
0.077376	0.000000
0.077376	0.000000
0.077376	0.000000
0.077376	0.000000
0.077376	0.000000
0.077376	0.000000
0.054847	0.000000
0.054847	0.000000
0.054847	0.000000
0.054847	0.000000
0.054847	0.000000
0.054847	0.000000
0.054847	0.000000
0.054847	0.000000
0.054847	0.000000
0.093645	0.000000
0.093645	0.000000
0.093645	0.000000
0.093645	0.000000
0.093645	0.000000
0.093645	0.000000
0.093645	0.000000
0.093645	0.000000
0.093645	0.000000
0.065074	0.000000
0.065074	0.000000
0.065074	0.000000
0.065074	0.000000
0.065074	0.000000
0.047392	0.000000
0.047392	0.000000
0.047392	0.000000
0.047392	0.000000
0.047392	0.000000
0.047392	0.000000
0.047392	0.000000
0.047392	0.000000
0.047392	0.000000
0.083746	0.000000
0.083746	0.000000
0.083746	0.000000
0.083746	0.000000
0.083746	0.000000
0.083746	0.000000
0.083746	0.000000
0.083746	0.000000
0.083746	0.000000
0.043709	0.000000
0.043709	0.000000
0.043709	0.000000
0.043709	0.000000
0.043709	0.000000
0.043709	0.000000
0.043709	0.000000
0.043709	0.000000
0.043709	0.000000
0.094682	0.000000
0.094682	0.000000
0.094682	0.000000
0.094682	0.000000
0.094682	0.000000
0.094682	0.000000
0.094682	0.000000
0.094682	0.000000
0.101717	0.000000
0.101717	0.000000
0.101717	0.000000
0.101717	0.000000
0.101717	0.000000
0.101717	0.000000
0.162621	0.000000
0.162621	0.000000
0.162621	0.000000
0.162621	0.000000
0.162621	0.000000
0.162621	0.000000
0.162621	0.000000
0.162621	0.000000
0.131312	0.000000
0.131312	0.000000
0.131312	0.000000
0.131312	0.000000
0.131312	0.000000
0.131312	0.000000
0.131312	0.000000
0.131312	0.000000
0.131312	0.000000
0.131312	0.000000
0.131312	0.000000
0.131312	0.000000
0.178643	0.000000
0.178643	0.000000
0.178643	0.000000
0.178643	0.000000
0.178643	0.000000
0.178643	0.000000
0.178643	0.000000
0.178643	0.000000
0.141197	0.000000
0.141197	0.000000
0.141197	0.000000
0.141197	0.000000
0.141197	0.000000
0.141197	0.000000
0.141197	0.000000
0.141197	0.000000
0.184071	0.000000
0.184071	0.000000
0.184071	0.000000
0.184071	0.000000
0.184071	0.000000
0.184071	0.000000
0.184071	0.000000
0.227712	0.000000
0.227712	0.000000
0.227712	0.000000
0.227712	0.000000
0.196911	0.000000
0.196911	0.000000
0.196911	0.000000
0.196911	0.000000
0.196911	0.000000
0.196911	0.000000
0.196911	0.000000
0.196911	0.000000
0.196911	0.000000
0.192000	0.000000
0.192000	0.000000
0.192000	0.000000
0.192000	0.000000
0.192000	0.000000
0.192000	0.000000
0.192000	0.000000
0.192000	0.000000
0.120242	0.000000
0.120242	0.000000
0.120242	0.000000
0.120242	0.000000
0.120242	0.000000
0.120242	0.000000
0.120242	0.000000
0.120242	0.000000
0.084475	0.000000
0.084475	0.000000
0.084475	0.000000
0.084475	0.000000
0.084475	0.000000
0.084475	0.000000
0.084475	0.000000
0.084475	0.000000
0.084475	0.000000
0.084475	0.000000
0.084475	0.000000
0.080899	0.000000
0.080899	0.000000
0.080899	0.000000
0.080899	0.000000
0.080899	0.000000
0.080899	0.000000
0.080899	0.000000
0.080899	0.000000
0.164334	0.000000
0.164334	0.000000
0.164334	0.000000
0.164334	0.000000
0.164334	0.000000
0.164334	0.000000
0.164334	0.000000
0.164334	0.000000
0.187166	0.000000
0.187166	0.000000
0.187166	0.000000
0.187166	0.000000
0.187166	0.000000
0.187166	0.000000
0.187166	0.000000
0.089350	0.000000
0.089350	0.000000
0.089350	0.000000
0.089350	0.000000
0.089350	0.000000
0.089350	0.000000
0.089350	0.000000
0.086030	0.000000
0.086030	0.000000
0.086030	0.000000
0.086030	0.000000
0.086030	0.000000
0.086030	0.000000
0.086030	0.000000
0.086030	0.000000
0.108898	0.000000
0.108898	0.000000
0.108898	0.000000
0.108898	0.000000
0.108898	0.000000
0.270637	0.000000
0.270637	0.000000
0.270637	0.000000
0.270637	0.000000
0.270637	0.000000
0.270637	0.000000
0.270637	0.000000
0.270637	0.000000
0.270637	0.000000
0.270637	0.000000
0.270637	0.000000
0.091748	0.000000
0.091748	0.000000
0.091748	0.000000
0.091748	0.000000
0.091748	0.000000
0.091748	0.000000
0.091748	0.000000
0.091748	0.000000
0.091748	0.000000
0.091748	0.000000
0.091748	0.000000
0.091748	0.000000
0.049326	0.000000
0.049326	0.000000
0.049326	0.000000
0.049326	0.000000
0.049326	0.000000
0.049326	0.000000
0.049326	0.000000
0.083412	0.000000
0.083412	0.000000
0.083412	0.000000
0.083412	0.000000
0.083412	0.000000
0.083412	0.000000
0.083412	0.000000
0.083412	0.000000
0.083412	0.000000
0.083412	0.000000
0.083412	0.000000
0.083412	0.000000
0.083412	0.000000
0.083412	0.000000
0.050310	0.000000
0.050310	0.000000
0.050310	0.000000
0.050310	0.000000
0.050310	0.000000
0.050310	0.000000
0.050310	0.000000
0.050310	0.000000
0.050310	0.000000
0.031880	0.000000
0.031880	0.000000
0.031880	0.000000
0.031880	0.000000
0.031880	0.000000
0.031880	0.000000
0.097868	0.000000
0.097868	0.000000
0.097868	0.000000
0.097868	0.000000
0.097868	0.000000
0.097868	0.000000
0.097868	0.000000
0.097868	0.000000
0.097868	0.000000
0.100786	0.000000
0.100786	0.000000
0.100786	0.000000
0.100786	0.000000
0.100786	0.000000
0.100786	0.000000
0.100786	0.000000
0.100786	0.000000
0.100786	0.000000
0.100786	0.000000
0.100786	0.000000
0.100786	0.000000
0.132762	0.000000
0.132762	0.000000
0.132762	0.000000
0.132762	0.000000
0.132762	0.000000
0.132762	0.000000
0.132762	0.000000
0.063768	0.000000
0.063768	0.000000
0.063768	0.000000
0.063768	0.000000
0.063768	0.000000
0.063768	0.000000
0.063768	0.000000
0.235293	0.000000
0.235293	0.000000
0.235293	0.000000
0.235293	0.000000
0.235293	0.000000
0.235293	0.000000
0.235293	0.000000
0.235293	0.000000
0.235293	0.000000
0.043832	0.000000
0.043832	0.000000
0.043832	0.000000
0.043832	0.000000
0.043832	0.000000
0.043832	0.000000
0.043832	0.000000
0.043832	0.000000
0.043832	0.000000
0.043832	0.000000
0.043832	0.000000
0.043832	0.000000
0.187476	0.000000
0.187476	0.000000
0.187476	0.000000
0.187476	0.000000
0.187476	0.000000
0.187476	0.000000
0.187476	0.000000
0.187476	0.000000
0.187476	0.000000
0.187476	0.000000
0.086509	0.000000
0.086509	0.000000
0.086509	0.000000
0.086509	0.000000
0.086509	0.000000
0.086509	0.000000
0.086509	0.000000
0.086509	0.000000
0.086509	0.000000
0.086509	0.000000
0.086509	0.000000
0.467871	0.000000
0.467871	0.000000
0.467871	0.000000
0.467871	0.000005
0.467871	0.000000
0.467871	0.000000
0.467871	0.000000
0.467871	0.000000
0.199859	0.000000
0.199859	0.000000
0.199859	0.000000
0.199859	0.000000
0.199859	0.000000
0.199859	0.000000
0.153350	0.000000
0.153350	0.000000
0.153350	0.000000
0.153350	0.000000
0.153350	0.000000
0.153350	0.000000
0.153350	0.000000
0.311514	0.460199
0.311514	0.483652
0.311514	0.348755
0.311514	0.004350
0.311514	0.481976
0.311514	0.000000
0.311514	0.733199
0.311514	0.986860
0.311514	0.000000
0.167987	0.000000
0.167987	0.000000
0.167987	0.000000
0.167987	0.000000
0.167987	0.000000
0.167987	0.000000
0.167987	0.000000
0.167987	0.000000
0.167987	0.000000
0.167987	0.000000
0.167987	0.000000
0.167987	0.000000
0.109961	0.000000
0.109961	0.000000
0.109961	0.000000
0.109961	0.000000
0.109961	0.000000
0.109961	0.000000
0.109961	0.000000
0.109961	0.000000
0.109961	0.000000
0.109961	0.000000
0.109961	0.000000
0.187001	0.000010
0.187001	0.000001
0.187001	0.021182
0.187001	0.000000
0.187001	0.000000
0.187001	0.079109
0.187001	0.000000
0.187001	0.000000
0.187001	0.000000
0.221949	0.025662
0.221949	0.000000
0.221949	0.304837
0.221949	0.000000
0.221949	0.000000
0.221949	0.000000
0.221949	0.000000
0.221949	0.000000
0.221949	0.000000
0.158133	0.000000
0.158133	0.000000
0.158133	0.000000
0.158133	0.000000
0.158133	0.000000
0.245417	0.000000
0.245417	0.284680
0.245417	0.284680
0.245417	0.000000
0.245417	0.000000
0.245417	0.000000
0.245417	0.000000
0.245417	0.000000
0.245417	0.000000
0.164975	0.000000
0.164975	0.000000
0.164975	0.000000
0.164975	0.000000
0.164975	0.000000
0.164975	0.000000
0.164975	0.000000
0.164975	0.000000
0.164975	0.000000
0.164975	0.000000
0.164975	0.000000
0.050809	0.000000
0.050809	0.000000
0.050809	0.000000
0.050809	0.000000
0.050809	0.000000
0.050809	0.000000
0.050809	0.000000
0.050809	0.000000
0.318971	0.000000
0.318971	0.000000
0.318971	0.000000
0.318971	0.000000
0.318971	0.000000
0.318971	0.000000
0.318971	0.000000
0.318971	0.000000
0.318971	0.000000
0.118962	0.000000
0.118962	0.000000
0.118962	0.000000
0.118962	0.000000
0.118962	0.000000
0.118962	0.000000
0.118962	0.000000
0.046020	0.000000
0.046020	0.000000
0.046020	0.000000
0.046020	0.000000
0.046020	0.000000
0.046020	0.000000
0.046020	0.000000
0.046020	0.000000
0.182091	0.000000
0.182091	0.000000
0.182091	0.000000
0.182091	0.000000
0.182091	0.000000
0.182091	0.000000
0.182091	0.000000
0.182091	0.000000
0.182091	0.000000
0.196392	0.000000
0.196392	0.000000
0.196392	0.000000
0.196392	0.000000
0.196392	0.000000
0.196392	0.000000
0.196392	0.000000
0.063055	0.000000
0.063055	0.000000
0.063055	0.000000
0.063055	0.000000
0.063055	0.000000
0.063055	0.000000
0.063055	0.000000
0.063055	0.000000
0.063055	0.000000
0.063055	0.000000
0.063055	0.000000
0.063055	0.000000
0.067779	0.000000
0.067779	0.000000
0.067779	0.000000
0.067779	0.000000
0.067779	0.000000
0.067779	0.000000
0.067779	0.000000
0.067779	0.000000
0.063336	0.000000
0.063336	0.000000
0.063336	0.000000
0.063336	0.000000
0.063336	0.000000
0.213405	0.000000
0.213405	0.000000
0.213405	0.000000
0.213405	0.000000
0.129848	0.000000
0.129848	0.000000
0.129848	0.000000
0.129848	0.000000
0.129848	0.000000
0.129848	0.000000
0.129848	0.000000
0.129848	0.000000
0.129848	0.000000
0.217531	0.000000
0.217531	0.000000
0.217531	0.000000
0.217531	0.000000
0.217531	0.000000
0.217531	0.000000
0.217531	0.000000
0.217531	0.000000
0.217531	0.000000
0.217531	0.000000
0.217531	0.000000
0.217531	0.000000
0.140825	0.000000
0.140825	0.000000
0.140825	0.000000
0.140825	0.000000
0.140825	0.000000
0.140825	0.000000
0.140825	0.000000
0.140825	0.000000
0.140825	0.000000
0.458817	0.000000
0.458817	0.000001
0.458817	0.001488
0.458817	0.000000
0.458817	0.000000
0.458817	0.029392
0.458817	0.000000
0.458817	0.999476
0.458817	0.000000
0.224127	0.000000
0.224127	0.000000
0.224127	0.000000
0.224127	0.000000
0.224127	0.000000
0.224127	0.000000
0.224127	0.000000
0.224127	0.000000
0.574674	0.753024
0.574674	0.000000
0.574674	0.002179
0.574674	0.833121
0.574674	0.000000
0.574674	0.000000
0.574674	0.000000
0.574674	0.000000
0.723138	0.000000
0.723138	0.000000
0.723138	0.000000
0.723138	0.000000
0.723138	0.000000
0.723138	0.000000
0.723138	0.966035
0.723138	0.000000
0.723138	0.000000
0.723138	0.000000
0.723138	0.000000
0.723138	0.000000
0.723138	0.000000
0.723138	0.000000
0.746393	0.019292
0.746393	0.194061
0.746393	0.779232
0.746393	0.188715
0.746393	0.000000
0.746393	0.000000
0.411308	0.000000
0.411308	0.000007
0.411308	0.000000
0.411308	0.000000
0.411308	0.025033
0.394282	0.000000
0.394282	0.000000
0.394282	0.000000
0.394282	0.000000
0.394282	0.000000
0.394282	0.000000
0.394282	0.000000
0.394282	0.000000
0.394282	0.000000
0.394282	0.000000
0.394282	0.000000
0.394282	0.000000
0.537555	0.571010
0.537555	0.000000
0.537555	0.623631
0.537555	0.000000
0.537555	0.000000
0.537555	0.000000
0.537555	0.000000
0.537555	0.000000
0.537555	0.000000
0.468960	0.689280
0.468960	0.000000
0.468960	0.765006
0.468960	0.000000
0.468960	0.000000
0.468960	0.000000
0.468960	0.000000
0.468960	0.000000
0.468960	0.000000
0.215666	0.000000
0.215666	0.000000
0.215666	0.000000
0.215666	0.000000
0.215666	0.000000
0.215666	0.000000
0.215666	0.000000
0.215666	0.000000
0.119082	0.000000
0.119082	0.000000
0.119082	0.595587
0.119082	0.583063
0.119082	0.000000
0.119082	0.462679
0.083567	0.370951
0.083567	0.352155
0.083567	0.340112
0.083567	0.385322
0.083567	0.000000
0.083567	0.000000
0.083567	0.000000
0.132805	0.284680
0.132805	0.285615
0.132805	0.284680
0.132805	0.000000
0.132805	0.000000
0.132805	0.000000
0.132805	0.000000
0.132805	0.000000
0.132805	0.000000
0.182796	0.002049
0.182796	0.209990
0.182796	0.063814
0.182796	0.000120
0.182796	0.000000
0.182796	0.284680
0.182796	0.000000
0.182796	0.000000
0.182796	0.000000
0.197536	0.007272
0.197536	0.060196
0.197536	0.284680
0.197536	0.004068
0.197536	0.060517
0.197536	0.000145
0.197536	0.284680
0.197536	0.000000
0.197536	0.000000
0.221951	0.000007
0.221951	0.013971
0.221951	0.000053
0.221951	0.000004
0.221951	0.000000
0.221951	0.000000
0.221951	0.000000
0.160987	0.000000
0.160987	0.000000
0.160987	0.000000
0.160987	0.000000
0.160987	0.000000
0.160987	0.000000
0.160987	0.000000
0.160987	0.000000
0.160987	0.000000
0.160987	0.000000
0.160987	0.000000
0.207426	0.000000
0.207426	0.000000
0.207426	0.000000
0.207426	0.000000
0.207426	0.000000
0.207426	0.000000
0.207426	0.000000
0.207426	0.000000
0.207426	0.000000
0.207426	0.000000
0.207426	0.000000
0.207426	0.000000
0.291440	0.000000
0.291440	0.000000
0.291440	0.000000
0.291440	0.000000
0.291440	0.000000
0.291440	0.000000
0.291440	0.000000
0.291440	0.000000
0.262934	0.284680
0.262934	0.000000
0.262934	0.284680
0.262934	0.000000
0.262934	0.284680
0.262934	0.000000
0.262934	0.297817
0.262934	0.000000
0.262934	0.000000
0.190942	0.000000
0.190942	0.000000
0.190942	0.000000
0.190942	0.000000
0.190942	0.000000
0.190942	0.000000
0.190942	0.000000
0.190942	0.000000
0.340468	0.000000
0.340468	0.000000
0.340468	0.000000
0.340468	0.000000
0.340468	0.000000
0.340468	0.000000
0.340468	0.000000
0.289609	0.000002
0.289609	0.000000
0.289609	0.093743
0.289609	0.000000
0.286341	0.000000
0.286341	0.000000
0.286341	0.000000
0.286341	0.000000
0.286341	0.000000
0.286341	0.000000
0.286341	0.000000
0.286341	0.000000
0.286341	0.000000
0.286341	0.000000
0.286341	0.000000
0.289028	0.012534
0.289028	0.000000
0.289028	0.000057
0.289028	0.000000
0.289028	0.000000
0.289028	0.000000
0.297539	0.000000
0.297539	0.284680
0.297539	0.284680
0.297539	0.284680
0.297539	0.000000
0.297539	0.000000
0.297539	0.570032
0.297539	0.000000
0.194879	0.000000
0.194879	0.000000
0.194879	0.284680
0.194879	0.284680
0.194879	0.000000
0.194879	0.000000
0.194879	0.000000
0.194879	0.000000
0.194879	0.000000
0.326934	0.000000
0.326934	0.000000
0.326934	0.000000
0.326934	0.000000
0.326934	0.000000
0.326934	0.000000
0.326934	0.000000
0.649078	0.000000
0.649078	0.000000
0.649078	0.000000
0.649078	0.000000
0.649078	0.000000
0.649078	0.000000
0.649078	0.000000
0.649078	0.000000
0.649078	0.000000
0.166136	0.000000
0.166136	0.000000
0.166136	0.000000
0.166136	0.000000
0.166136	0.000000
0.166136	0.000000
0.166136	0.000000
0.166136	0.000000
0.166136	0.000000
0.172190	0.000000
0.172190	0.000000
0.172190	0.000000
0.172190	0.000000
0.172190	0.000000
0.172190	0.000000
0.172190	0.000000
0.172190	0.000000
0.198641	0.000000
0.198641	0.000000
0.198641	0.000000
0.198641	0.000000
0.198641	0.000000
0.198641	0.000000
0.198641	0.000000
0.198641	0.000000
0.198641	0.000000
0.198641	0.000000
0.198641	0.000000
0.303663	0.000000
0.303663	0.000000
0.303663	0.000000
0.303663	0.000000
0.303663	0.000000
0.303663	0.000000
0.303663	0.000000
0.303663	0.000000
0.303663	0.000000
0.303663	0.000000
0.253049	0.000000
0.253049	0.000000
0.253049	0.000000
0.253049	0.000000
0.253049	0.000000
0.253049	0.000000
0.253049	0.000000
0.274286	0.000000
0.274286	0.000000
0.274286	0.000000
0.274286	0.000000
0.274286	0.000000
0.274286	0.000000
0.274286	0.000000
0.274286	0.000000
0.274286	0.000000
0.171407	0.000000
0.171407	0.000000
0.171407	0.000000
0.171407	0.000000
0.171407	0.000000
0.171407	0.000000
0.171407	0.000000
0.171407	0.000000
0.171407	0.000000
0.081824	0.000000
0.081824	0.000000
0.081824	0.000000
0.081824	0.000000
0.081824	0.000000
0.081824	0.000000
0.081824	0.000000
0.095427	0.000000
0.095427	0.000000
0.095427	0.000000
0.095427	0.000000
0.095427	0.000000
0.095427	0.000000
0.095427	0.000000
0.095427	0.000000
0.095427	0.000000
0.075822	0.000000
0.075822	0.000000
0.075822	0.000000
0.075822	0.000000
0.075822	0.000000
0.075822	0.000000
0.075822	0.000000
0.075822	0.000000
0.075822	0.000000
0.075822	0.000000
0.075822	0.000000
0.115480	0.000000
0.115480	0.000000
0.115480	0.000000
0.115480	0.000000
0.115480	0.000000
0.115480	0.000000
0.115480	0.000000
0.115480	0.000000
0.136079	0.000000
0.136079	0.000000
0.136079	0.000000
0.136079	0.000000
0.136079	0.000000
0.136079	0.000000
0.136079	0.000000
0.136079	0.000000
0.136079	0.000000
0.136079	0.000000
0.136079	0.000000
0.342384	0.000000
0.342384	0.000000
0.342384	0.000000
0.342384	0.000000
0.342384	0.000000
0.342384	0.000000
0.342384	0.000000
0.224589	0.000000
0.224589	0.000000
0.224589	0.000000
0.224589	0.000000
0.328341	0.000000
0.328341	0.000000
0.328341	0.000000
0.328341	0.000000
0.328341	0.000000
0.328341	0.000000
0.328341	0.000000
0.273338	0.000000
0.273338	0.000000
0.273338	0.000000
0.273338	0.000000
0.273338	0.000000
0.273338	0.000000
0.273338	0.000000
0.277759	0.000000
0.277759	0.000000
0.277759	0.000000
0.277759	0.000000
0.277759	0.000000
0.277759	0.000000
0.277759	0.000000
0.760487	0.000000
0.760487	0.000000
0.760487	0.000000
0.760487	0.000000
0.760487	0.000000
0.760487	0.000000
0.760487	0.000000
0.760487	0.000000
0.760487	0.000000
0.760487	0.000000
0.760487	0.000000
0.760487	0.000000
0.760487	0.000000
0.760487	0.000000
0.764912	0.000000
0.764912	0.000000
0.764912	0.000000
0.764912	0.000000
0.764912	0.000000
0.764912	0.000000
0.764912	0.000000
0.764912	0.000000
0.764912	0.000000
0.625961	0.000000
0.625961	0.000000
0.625961	0.000000
0.625961	0.000000
0.483369	0.000000
0.483369	0.000000
0.483369	0.000000
0.483369	0.000000
0.483369	0.000000
0.483369	0.000000
0.483369	0.000000
0.483369	0.000000
0.605440	0.000000
0.605440	0.000000
0.605440	0.000000
0.605440	0.000000
0.605440	0.000000
0.605440	0.000000
0.605440	0.000000
0.538845	0.000000
0.538845	0.000000
0.538845	0.000338
0.538845	0.000000
0.538845	0.000000
0.538845	0.000000
0.538845	0.000000
0.538845	0.000000
0.701719	0.000000
0.701719	0.000000
0.701719	0.000000
0.701719	0.000000
0.701719	0.000000
0.701719	0.000000
0.701719	0.000000
0.701719	0.000000
0.399744	0.000000
0.399744	0.000000
0.399744	0.000000
0.399744	0.000000
0.399744	0.000000
0.399744	0.000000
0.399744	0.000000
0.399744	0.000000
0.399744	0.000000
0.399744	0.000000
0.399744	0.000000
0.328037	0.000000
0.328037	0.000000
0.328037	0.000000
0.328037	0.000000
0.328037	0.000000
0.328037	0.000000
0.328037	0.000000
0.328037	0.000000
0.328037	0.000000
0.480677	0.000000
0.480677	0.000000
0.480677	0.000000
0.480677	0.000000
0.480677	0.000000
0.480677	0.000000
0.480677	0.000000
0.480677	0.000000
0.480677	0.000000
0.480677	0.000000
0.480677	0.000000
0.480677	0.000000
0.589991	0.000000
0.589991	0.000000
0.589991	0.000000
0.589991	0.000000
0.589991	0.000000
0.589991	0.000000
0.589991	0.000000
0.589991	0.000000
0.589991	0.000000
0.589991	0.000000
0.589991	0.000000
0.589991	0.000000
0.169082	0.000000
0.169082	0.000000
0.169082	0.000000
0.169082	0.000000
0.169082	0.000000
0.242994	0.000000
0.242994	0.000000
0.242994	0.000000
0.242994	0.000000
0.242994	0.000000
0.242994	0.000000
0.242994	0.000000
0.242994	0.000000
0.242994	0.000000
0.390387	0.000000
0.390387	0.000000
0.390387	0.000000
0.390387	0.000000
0.390387	0.000000
0.390387	0.000000
0.390387	0.000000
0.390387	0.000000
0.390387	0.000000
0.273588	0.000000
0.273588	0.000000
0.273588	0.000000
0.273588	0.000000
0.273588	0.000000
0.273588	0.000000
0.273588	0.000000
0.273588	0.000000
0.273588	0.000000
0.182236	0.000000
0.182236	0.000000
0.182236	0.000000
0.182236	0.000000
0.182236	0.000000
0.182236	0.000000
0.182236	0.000000
0.182236	0.000000
0.118259	0.000000
0.118259	0.000000
0.118259	0.000000
0.118259	0.000000
0.118259	0.000000
0.118259	0.000000
0.118259	0.000000
0.118259	0.000000
0.199151	0.000000
0.199151	0.000000
0.199151	0.000000
0.199151	0.000000
0.199151	0.000000
0.199151	0.000000
0.199151	0.000000
0.199151	0.000000
0.123038	0.000000
0.123038	0.000000
0.123038	0.000000
0.123038	0.000000
0.123038	0.000000
0.123038	0.000000
0.123038	0.000000
0.123038	0.000000
0.141905	0.000000
0.141905	0.000000
0.141905	0.000000
0.141905	0.000000
0.141905	0.000000
0.141905	0.000000
0.141905	0.000000
0.141905	0.000000
0.141905	0.000000
0.146429	0.000000
0.146429	0.000000
0.146429	0.000000
0.146429	0.000000
0.146429	0.000000
0.146429	0.000000
0.146429	0.000000
0.146429	0.000000
0.146429	0.000000
0.146429	0.000000
0.098358	0.000000
0.098358	0.000000
0.098358	0.000000
0.098358	0.000000
0.098358	0.000000
0.098358	0.000000
0.098358	0.000000
0.098358	0.000000
0.098358	0.000000
0.098358	0.000000
0.098358	0.000000
0.114103	0.000000
0.114103	0.000000
0.114103	0.000000
0.114103	0.000000
0.114103	0.000000
0.114103	0.000000
0.114103	0.000000
0.177522	0.000000
0.177522	0.000000
0.177522	0.000000
0.177522	0.000000
0.177522	0.000000
0.177522	0.000000
0.177522	0.000000
0.177522	0.000000
0.177522	0.000000
0.177522	0.000000
0.140438	0.000000
0.140438	0.000000
0.140438	0.000000
0.140438	0.000000
0.140438	0.000000
0.140438	0.000000
0.497889	0.000000
0.497889	0.000000
0.497889	0.000000
0.497889	0.000000
0.497889	0.000000
0.497889	0.000000
0.497889	0.000000
0.497889	0.000000
0.497889	0.000000
0.143337	0.000000
0.143337	0.000000
0.143337	0.000000
0.143337	0.000000
0.202913	0.000000
0.202913	0.000000
0.202913	0.000000
0.202913	0.000000
0.202913	0.000000
0.202913	0.000000
0.202913	0.000000
0.202913	0.000000
0.157040	0.000000
0.157040	0.000000
0.157040	0.000000
0.157040	0.000000
0.157040	0.000000
0.157040	0.000000
0.157040	0.000000
0.157040	0.000000
0.114602	0.000000
0.114602	0.000000
0.114602	0.000000
0.114602	0.000000
0.114602	0.000000
0.114602	0.000000
0.114602	0.000000
0.114602	0.000000
0.114602	0.000000
0.114602	0.000000
0.114602	0.000000
0.110025	0.000000
0.110025	0.000000
0.110025	0.000000
0.110025	0.000000
0.110025	0.000000
0.110025	0.000000
0.110025	0.000000
0.110025	0.000000
0.068552	0.000000
0.068552	0.000000
0.068552	0.000000
0.068552	0.000000
0.208831	0.000000
0.208831	0.000000
0.208831	0.000000
0.208831	0.000000
0.208831	0.000000
0.208831	0.000000
0.208831	0.000000
0.208831	0.000000
0.100135	0.000000
0.100135	0.000000
0.100135	0.000000
0.100135	0.000000
0.100135	0.000000
0.100135	0.000000
0.100135	0.000000
0.100135	0.000000
0.100135	0.000000
0.127869	0.000000
0.127869	0.000000
0.127869	0.000000
0.127869	0.000000
0.127869	0.000000
0.127869	0.000000
0.127869	0.000000
0.127869	0.000000
0.127869	0.000000
0.127869	0.000000
0.127869	0.000000
0.127869	0.000000
0.212774	0.000000
0.212774	0.000000
0.212774	0.000000
0.212774	0.000000
0.212774	0.000000
0.212774	0.000000
0.212774	0.000000
0.212774	0.000000
0.212774	0.000000
0.097646	0.000000
0.097646	0.000000
0.097646	0.000000
0.097646	0.000000
0.097646	0.000000
0.097646	0.000000
0.097646	0.000000
0.097646	0.000000
0.060805	0.000000
0.060805	0.000000
0.060805	0.000000
0.060805	0.000000
0.060805	0.000000
0.060805	0.000000
0.060805	0.000000
0.060805	0.000000
0.060805	0.000000
0.060805	0.000000
0.060805	0.000000
0.060805	0.000000
0.099513	0.000000
0.099513	0.000000
0.099513	0.000000
0.099513	0.000000
0.099513	0.000000
0.099513	0.000000
0.099513	0.000000
0.099513	0.000000
0.099513	0.000000
0.099513	0.000000
0.099513	0.000000
0.249281	0.000000
0.249281	0.000000
0.249281	0.000000
0.249281	0.000000
0.249281	0.000000
0.249281	0.000000
0.249281	0.000000
0.249281	0.000000
0.249281	0.000000
0.234951	0.000000
0.234951	0.000000
0.234951	0.000000
0.234951	0.000000
0.230701	0.000000
0.230701	0.000000
0.230701	0.000000
0.230701	0.000000
0.230701	0.000000
0.230701	0.000000
0.230701	0.000000
0.230701	0.000000
0.230701	0.000000
0.230701	0.000000
0.394381	0.000000
0.394381	0.000000
0.394381	0.000000
0.394381	0.000000
0.394381	0.000000
0.394381	0.000000
0.394381	0.000000
0.468862	0.415435
0.468862	0.000000
0.468862	0.496094
0.468862	0.000000
0.468862	0.000000
0.468862	0.000000
0.468862	0.000000
0.468862	0.000000
0.468862	0.000000
0.468862	0.000000
0.468862	0.000000
0.239724	0.000000
0.239724	0.000000
0.239724	0.000000
0.239724	0.000000
0.222568	0.000000
0.222568	0.000000
0.222568	0.000000
0.222568	0.000000
0.164530	0.000000
0.164530	0.000000
0.164530	0.000000
0.164530	0.000000
0.164530	0.000000
0.164530	0.000000
0.164530	0.000000
0.164530	0.000000
0.245733	0.000000
0.245733	0.000000
0.245733	0.000000
0.245733	0.000000
0.245733	0.000000
0.245733	0.000000
0.245733	0.000000
0.245733	0.000000
0.210980	0.000000
0.210980	0.000000
0.210980	0.000000
0.210980	0.000000
0.210980	0.000000
0.210980	0.000000
0.210980	0.000000
0.210980	0.000000
0.179081	0.000000
0.179081	0.000000
0.179081	0.000000
0.179081	0.000000
0.179081	0.000000
0.179081	0.000000
0.179081	0.000000
0.179081	0.000000
0.157304	0.000000
0.157304	0.000000
0.157304	0.000000
0.157304	0.000000
0.157304	0.000000
0.157304	0.000000
0.157304	0.000000
0.157304	0.000000
0.157304	0.000000
0.157304	0.000000
0.157304	0.000000
0.157304	0.000000
0.150904	0.000000
0.150904	0.000000
0.150904	0.000000
0.150904	0.000000
0.150904	0.000000
0.150904	0.000000
0.150904	0.000000
0.150904	0.000000
0.128216	0.000000
0.128216	0.000000
0.128216	0.000000
0.128216	0.000000
0.128216	0.000000
0.128216	0.000000
0.128216	0.000000
0.128216	0.000000
0.238359	0.000000
0.238359	0.000000
0.238359	0.000000
0.238359	0.000000
0.238359	0.000000
0.238359	0.000000
0.238359	0.000000
0.238359	0.000000
0.238359	0.000000
0.109790	0.000000
0.109790	0.000000
0.109790	0.000000
0.109790	0.000000
0.109790	0.000000
0.109790	0.000000
0.109790	0.000000
0.109790	0.000000
0.109790	0.000000
0.109790	0.000000
0.141939	0.000000
0.141939	0.000000
0.141939	0.000000
0.141939	0.000000
0.141939	0.000000
0.164921	0.000000
0.164921	0.000000
0.164921	0.000000
0.164921	0.000000
0.164921	0.000000
0.164921	0.000000
0.164921	0.000000
0.164921	0.000000
0.164921	0.000000
0.305198	0.000000
0.305198	0.000000
0.305198	0.000000
0.305198	0.000000
0.305198	0.000000
0.305198	0.000000
0.305198	0.000000
0.305198	0.000000
0.161620	0.000000
0.161620	0.000000
0.161620	0.000000
0.161620	0.000000
0.161620	0.000000
0.161620	0.000000
0.161620	0.000000
0.161620	0.000000
0.093599	0.000000
0.093599	0.000000
0.093599	0.000000
0.093599	0.000000
0.093599	0.000000
0.093599	0.000000
0.093599	0.000000
0.205648	0.000000
0.205648	0.000000
0.205648	0.000000
0.205648	0.000000
0.205648	0.000000
0.205648	0.000000
0.205648	0.000000
0.205648	0.000000
0.233170	0.000000
0.233170	0.000000
0.233170	0.000000
0.233170	0.000000
0.233170	0.000000
0.233170	0.000000
0.233170	0.000000
0.233170	0.000000
0.261349	0.000000
0.261349	0.000000
0.261349	0.000000
0.261349	0.000000
0.261349	0.000000
0.261349	0.000000
0.261349	0.000000
0.450220	0.000000
0.450220	0.000000
0.450220	0.000000
0.450220	0.000000
0.450220	0.000000
0.504834	0.332839
0.504834	0.000000
0.504834	0.284680
0.504834	0.000000
0.504834	0.000000
0.504834	0.000000
0.504834	0.284680
0.504834	0.000000
0.319476	0.000000
0.319476	0.000000
0.319476	0.000000
0.319476	0.000000
0.319476	0.000000
0.319476	0.000000
0.319476	0.000000
0.319476	0.000000
0.480632	0.000000
0.480632	0.000000
0.480632	0.000000
0.480632	0.000000
0.480632	0.000000
0.480632	0.000000
0.237984	0.000000
0.237984	0.000000
0.237984	0.000000
0.237984	0.000000
0.237984	0.000000
0.237984	0.000000
0.237984	0.000000
0.237984	0.000000
0.237984	0.000000
0.237984	0.000000
0.237984	0.000000
0.442740	0.000141
0.442740	0.005204
0.442740	0.000021
0.442740	0.000001
0.442740	0.000000
0.442740	0.919430
0.442740	0.013281
0.442740	0.000117
0.442740	0.000000
0.338534	0.000000
0.338534	0.000000
0.338534	0.000000
0.338534	0.000000
0.338534	0.000000
0.338534	0.000000
0.338534	0.000000
0.338534	0.000000
0.278690	0.000000
0.278690	0.000000
0.278690	0.000000
0.278690	0.000000
0.278690	0.000000
0.278690	0.000000
0.278690	0.000000
0.278690	0.000000
0.410408	0.000000
0.410408	0.000000
0.410408	0.000000
0.410408	0.000000
0.410408	0.000000
0.410408	0.000000
0.410408	0.000000
0.410408	0.000000
0.633279	0.000000
0.633279	0.000000
0.633279	0.000000
0.633279	0.000000
0.633279	0.000000
0.633279	0.000000
0.633279	0.000000
0.633279	0.000000
0.485287	0.000000
0.485287	0.000000
0.485287	0.000000
0.485287	0.000000
0.485287	0.000000
0.485287	0.000000
0.485287	0.000000
0.622816	0.000000
0.622816	0.000000
0.622816	0.000000
0.622816	0.000000
0.276175	0.000000
0.276175	0.000000
0.276175	0.000000
0.276175	0.000000
0.276175	0.000000
0.276175	0.000000
0.276175	0.000000
0.276175	0.000000
0.240018	0.000000
0.240018	0.000000
0.240018	0.000000
0.240018	0.000000
0.240018	0.000000
0.240018	0.000000
0.240018	0.000000
0.240018	0.000000
0.173431	0.000000
0.173431	0.000000
0.173431	0.000000
0.173431	0.000000
0.173431	0.000000
0.173431	0.000000
0.173431	0.000000
0.171228	0.000000
0.171228	0.000000
0.171228	0.000000
0.171228	0.000000
0.171228	0.000000
0.171228	0.000000
0.171228	0.000000
0.171228	0.000000
0.078142	0.000000
0.078142	0.000000
0.078142	0.000000
0.078142	0.000000
0.078142	0.000000
0.078142	0.000000
0.078142	0.000000
0.078142	0.000000
0.078142	0.000000
0.105558	0.000000
0.105558	0.000000
0.105558	0.000000
0.105558	0.000000
0.105558	0.000000
0.105558	0.000000
0.105558	0.000000
0.121114	0.000000
0.121114	0.000000
0.121114	0.000000
0.121114	0.000000
0.159588	0.000000
0.159588	0.000000
0.159588	0.000000
0.159588	0.000000
0.222191	0.000000
0.222191	0.000000
0.222191	0.000000
0.222191	0.000000
0.222191	0.000000
0.222191	0.000000
0.222191	0.000000
0.263294	0.000000
0.263294	0.000000
0.263294	0.000000
0.263294	0.000000
0.263294	0.000000
0.292411	0.000000
0.292411	0.000000
0.292411	0.000000
0.292411	0.000000
0.292411	0.000000
0.292411	0.000000
0.469493	0.000000
0.469493	0.000000
0.469493	0.000000
0.469493	0.000000
0.469493	0.000000
0.469493	0.000000
0.292657	0.000000
0.292657	0.000000
0.292657	0.000000
0.292657	0.000000
0.292657	0.000000
0.292657	0.000000
0.292657	0.000000
0.292657	0.000000
0.222336	0.000000
0.222336	0.000000
0.222336	0.000000
0.222336	0.000000
0.222336	0.000000
0.222336	0.000000
0.222336	0.000000
0.222336	0.000000
0.222336	0.000000
0.222336	0.000000
0.222336	0.000000
0.222336	0.000000
0.368757	0.000000
0.368757	0.000000
0.368757	0.000000
0.368757	0.000000
0.368757	0.000000
0.368757	0.000000
0.368757	0.000000
0.368757	0.000000
0.368757	0.000000
0.368757	0.000000
0.368757	0.000000
0.477948	0.000000
0.477948	0.000000
0.477948	0.000000
0.477948	0.000123
0.477948	0.000000
0.477948	0.000000
0.252774	0.000000
0.252774	0.000000
0.252774	0.000000
0.252774	0.000000
0.252774	0.000000
0.252774	0.000000
0.252774	0.000000
0.252774	0.000000
0.374594	0.000000
0.374594	0.000000
0.374594	0.000000
0.374594	0.000000
0.374594	0.000000
0.374594	0.833331
0.374594	0.000000
0.409595	0.000000
0.409595	0.000000
0.409595	0.000000
0.409595	0.000000
0.409595	0.000000
0.409595	0.000000
0.409595	0.000000
0.409595	0.000000
0.409595	0.000000
0.137407	0.000000
0.137407	0.000000
0.137407	0.000000
0.137407	0.000000
0.137407	0.000000
0.137407	0.000000
0.137407	0.000000
0.137407	0.000000
0.137407	0.000000
0.203345	0.000000
0.203345	0.000000
0.203345	0.000000
0.203345	0.000000
0.203345	0.000000
0.203345	0.000000
0.203345	0.000000
0.203345	0.000000
0.203345	0.000000
0.423545	0.000000
0.423545	0.000000
0.423545	0.000000
0.423545	0.000000
0.423545	0.000000
0.423545	0.000000
0.423545	0.000000
0.423545	0.000000
0.222302	0.000000
0.222302	0.000000
0.222302	0.000000
0.222302	0.000000
0.222302	0.000000
0.222302	0.000000
0.528705	0.000000
0.528705	0.000000
0.528705	0.000000
0.528705	0.000000
0.528705	0.000000
0.528705	0.000000
0.528705	0.000000
0.528705	0.000000
0.528705	0.000000
0.528705	0.000000
0.460926	0.000000
0.460926	0.000000
0.460926	0.000000
0.460926	0.000000
0.460926	0.000000
0.460926	0.000000
0.460926	0.000000
0.460926	0.000000
0.218284	0.000000
0.218284	0.000000
0.218284	0.000000
0.218284	0.000000
0.218284	0.000000
0.218284	0.000000
0.218284	0.000000
0.218284	0.000000
0.459030	0.000000
0.459030	0.000000
0.459030	0.000000
0.459030	0.000000
0.459030	0.000000
0.459030	0.000000
0.459030	0.000000
0.459030	0.000000
0.459030	0.000000
0.459030	0.000000
0.459030	0.000000
0.677388	0.000000
0.677388	0.000000
0.677388	0.000000
0.677388	0.000000
0.677388	0.000000
0.677388	0.000000
0.677388	0.000000
0.820051	0.000000
0.820051	0.000000
0.820051	0.000000
0.820051	0.000000
0.820051	0.000000
0.820051	0.000000
0.663384	0.000000
0.663384	0.000000
0.663384	0.000000
0.663384	0.000000
0.663384	0.000000
0.663384	0.000000
0.663384	0.000000
0.663384	0.000000
0.483744	0.300758
0.483744	0.288220
0.483744	0.286110
0.483744	0.000000
0.483744	0.000000
0.483744	0.000000
0.483744	0.000000
0.483744	0.000000
0.483744	0.000000
0.571326	0.284680
0.571326	0.000000
0.571326	0.284680
0.571326	0.000000
0.571326	0.000000
0.571326	0.000000
0.571326	0.000000
0.571326	0.000000
0.571326	0.000000
0.717957	0.000000
0.717957	0.000000
0.717957	0.000000
0.717957	0.000000
0.717957	0.000000
0.717957	0.000000
0.717957	0.000000
0.717957	0.000000
0.694947	0.000000
0.694947	0.000000
0.694947	0.000000
0.694947	0.000000
0.694947	0.000000
0.694947	0.000000
0.694947	0.000000
0.694947	0.000000
0.694947	0.000000
0.428656	0.000000
0.428656	0.000000
0.428656	0.000000
0.428656	0.000000
0.428656	0.000000
0.428656	0.000000
0.428656	0.000000
0.428656	0.000000
0.597878	0.000000
0.597878	0.000000
0.597878	0.000000
0.597878	0.000000
0.597878	0.000000
0.597878	0.000000
0.597878	0.000000
0.597878	0.000000
0.597878	0.000000
0.184410	0.000000
0.184410	0.000000
0.184410	0.000000
0.184410	0.000000
0.184410	0.000000
0.184410	0.000000
0.184410	0.000000
0.184410	0.000000
0.184410	0.000000
0.285933	0.000000
0.285933	0.000000
0.285933	0.000000
0.285933	0.000000
0.285933	0.000000
0.285933	0.000000
0.285933	0.000000
0.285933	0.000000
0.392457	0.000000
0.392457	0.000000
0.392457	0.000000
0.392457	0.000000
0.392457	0.000000
0.243430	0.000000
0.243430	0.000000
0.243430	0.000000
0.243430	0.000000
0.243430	0.000000
0.243430	0.000000
0.243430	0.000000
0.243430	0.000000
0.264768	0.000000
0.264768	0.000000
0.264768	0.000000
0.264768	0.000000
0.264768	0.000000
0.264768	0.000000
0.264768	0.000000
0.264768	0.000000
0.368947	0.000000
0.368947	0.000000
0.368947	0.000000
0.368947	0.000000
0.368947	0.000000
0.368947	0.000000
0.368947	0.000000
0.368947	0.000000
0.397099	0.000000
0.397099	0.000000
0.397099	0.000000
0.397099	0.000000
0.397099	0.000000
0.397099	0.000000
0.397099	0.000000
0.661240	0.000000
0.661240	0.000000
0.661240	0.000000
0.661240	0.000000
0.661240	0.000000
0.661240	0.000000
0.661240	0.000000
0.661240	0.000000
0.661240	0.000000
0.661240	0.000000
0.661240	0.000000
0.661240	0.000000
0.331552	0.000000
0.331552	0.000000
0.331552	0.000000
0.331552	0.000000
0.331552	0.000000
0.331552	0.000000
0.331552	0.000000
0.241638	0.000000
0.241638	0.000000
0.241638	0.000000
0.241638	0.000000
0.241638	0.000000
0.241638	0.000000
0.241638	0.000000
0.241638	0.000000
0.241638	0.000000
0.241638	0.000000
0.241638	0.000000
0.340957	0.000000
0.340957	0.000000
0.340957	0.000000
0.340957	0.000000
0.340957	0.000000
0.340957	0.000000
0.340957	0.000000
0.295748	0.000000
0.295748	0.000000
0.295748	0.000000
0.295748	0.000000
0.295748	0.000000
0.295748	0.000000
0.295748	0.000000
0.295748	0.000000
0.121160	0.000000
0.121160	0.000000
0.121160	0.000000
0.121160	0.000000
0.121160	0.000000
0.121160	0.000000
0.121160	0.000000
0.121160	0.000000
0.314185	0.000004
0.314185	0.000000
0.314185	0.000159
0.314185	0.000000
0.314185	0.000000
0.314185	0.000000
0.314185	0.000000
0.314185	0.284680
0.314185	0.045416
0.314185	0.000000
0.314185	0.025498
0.339133	0.000000
0.339133	0.000000
0.339133	0.000000
0.339133	0.000000
0.339133	0.000000
0.339133	0.000000
0.339133	0.000000
0.339133	0.000000
0.311336	0.000000
0.311336	0.000000
0.311336	0.000000
0.311336	0.000000
0.484244	0.000000
0.484244	0.000000
0.484244	0.000000
0.484244	0.000000
0.484244	0.000000
0.484244	0.000000
0.484244	0.000000
0.484244	0.000000
0.366992	0.000000
0.366992	0.000000
0.366992	0.000000
0.366992	0.000000
0.366992	0.000000
0.366992	0.000000
0.366992	0.000000
0.366992	0.000000
0.212379	0.000000
0.212379	0.000000
0.212379	0.000000
0.212379	0.000000
0.212379	0.000000
0.212379	0.000000
0.212379	0.000000
0.212379	0.000000
0.254146	0.000000
0.254146	0.000000
0.254146	0.000000
0.254146	0.000000
0.254146	0.000000
0.254146	0.000000
0.254146	0.000000
0.254146	0.000000
0.254146	0.000000
0.533542	0.000000
0.533542	0.000000
0.533542	0.000000
0.533542	0.000000
0.533542	0.000000
0.533542	0.000000
0.556293	0.000000
0.556293	0.000000
0.556293	0.000000
0.556293	0.000000
0.556293	0.000000
0.556293	0.000000
0.556293	0.000000
0.556293	0.000000
0.556293	0.000000
0.432102	0.000000
0.432102	0.000000
0.432102	0.000000
0.432102	0.000000
0.432102	0.000000
0.432102	0.000000
0.432102	0.000000
0.432102	0.000000
0.382921	0.000000
0.382921	0.000000
0.382921	0.000000
0.382921	0.000000
0.382921	0.000000
0.382921	0.000000
0.382921	0.000000
0.382921	0.000000
0.621328	0.000000
0.621328	0.000000
0.621328	0.000000
0.621328	0.000000
0.621328	0.000000
0.621328	0.000000
0.621328	0.000000
0.621328	0.000000
0.621328	0.000000
0.621328	0.000000
0.621328	0.000000
0.485713	0.000000
0.485713	0.000000
0.485713	0.000000
0.485713	0.000000
0.485713	0.000000
0.485713	0.000000
0.485713	0.000000
0.485713	0.000000
0.485713	0.000000
0.485713	0.000000
0.485713	0.000000
0.485713	0.000000
0.485713	0.000000
0.485713	0.000000
0.281890	0.000000
0.281890	0.000000
0.281890	0.000000
0.281890	0.000000
0.281890	0.000000
0.281890	0.000000
0.281890	0.000000
0.281890	0.000000
0.243593	0.000000
0.243593	0.000000
0.243593	0.000000
0.243593	0.000000
0.243593	0.000000
0.243593	0.000000
0.168341	0.000000
0.168341	0.000000
0.168341	0.000000
0.168341	0.000000
0.168341	0.000000
0.168341	0.000000
0.168341	0.000000
0.168341	0.000000
0.349532	0.000000
0.349532	0.000000
0.349532	0.000000
0.349532	0.000000
0.349532	0.000000
0.349532	0.000000
0.349532	0.000000
0.349532	0.000000
0.349532	0.000000
0.226281	0.000000
0.226281	0.000000
0.226281	0.000000
0.226281	0.000000
0.226281	0.000000
0.226281	0.000000
0.226281	0.000000
0.226281	0.000000
0.226281	0.000000
0.280811	0.000000
0.280811	0.000000
0.280811	0.000000
0.280811	0.000000
0.280811	0.000000
0.280811	0.000000
0.280811	0.000000
0.280811	0.000000
