Ground Truth	Predictions
0.363227	0.000000
0.363227	0.000000
0.363227	0.000000
0.363227	0.000000
0.363227	0.297337
0.363227	0.000000
0.363227	0.000000
0.363227	0.000000
0.059877	0.297337
0.059877	0.000000
0.059877	0.297337
0.059877	0.297337
0.059877	0.000000
0.059877	0.000000
0.059877	0.000000
0.059877	0.297337
0.109251	0.062671
0.109251	0.122571
0.109251	0.043346
0.109251	0.000000
0.109251	0.000000
0.109251	0.000000
0.109251	0.000000
0.040265	0.297337
0.040265	0.000000
0.040265	0.297337
0.040265	0.323614
0.040265	0.118461
0.040265	0.000000
0.040265	0.000000
0.040265	0.000000
0.040265	0.000000
0.040265	0.000000
0.040265	0.000000
0.110455	0.006193
0.110455	0.000147
0.110455	0.004660
0.110455	0.000653
0.110455	0.000073
0.110455	0.005341
0.110455	0.000000
0.119056	0.000000
0.119056	0.000000
0.119056	0.000001
0.119056	0.000000
0.119056	0.000000
0.119056	0.000001
0.119056	0.000000
0.119056	0.000000
0.133923	0.000000
0.133923	0.000000
0.133923	0.000000
0.133923	0.000000
0.151017	0.022933
0.151017	0.014923
0.151017	0.034381
0.151017	0.023705
0.151017	0.028327
0.151017	0.041877
0.151017	0.008239
0.151017	0.063548
0.151017	0.011915
0.151017	0.026905
0.151017	0.033405
0.257238	0.004442
0.257238	0.000008
0.257238	0.014534
0.257238	0.017312
0.257238	0.054423
0.257238	0.000005
0.257238	0.000000
0.257238	0.000000
0.211052	0.514989
0.211052	0.449418
0.211052	0.518919
0.211052	0.466263
0.211052	0.148156
0.211052	0.417194
0.211052	0.000000
0.211052	0.860981
0.339840	0.010461
0.339840	0.003104
0.339840	0.030696
0.339840	0.000000
0.339840	0.886127
0.339840	0.000000
0.287812	0.030434
0.287812	0.000000
0.287812	0.057667
0.287812	0.037073
0.158727	0.000687
0.158727	0.000041
0.158727	0.000093
0.158727	0.000011
0.158727	0.000009
0.158727	0.000000
0.158727	0.000000
0.188989	0.616653
0.188989	0.000000
0.188989	0.148056
0.188989	0.201490
0.175694	0.037372
0.175694	0.007814
0.175694	0.050435
0.175694	0.061987
0.108992	0.112467
0.108992	0.069028
0.108992	0.164414
0.108992	0.131397
0.108992	0.249618
0.108992	0.071380
0.108992	0.105316
0.108992	0.034488
0.152018	0.467830
0.152018	0.576767
0.152018	0.534450
0.152018	0.652986
0.152018	0.799837
0.152018	0.643308
0.152018	0.823708
0.138281	0.066812
0.138281	0.108934
0.138281	0.091327
0.138281	0.067503
0.138281	0.099189
0.138281	0.255843
0.138281	0.120837
0.086287	0.005764
0.086287	0.013271
0.086287	0.015906
0.086287	0.002689
0.086287	0.002243
0.086287	0.000133
0.086287	0.005311
0.097628	0.247380
0.097628	0.501413
0.097628	0.502391
0.097628	0.000000
0.097628	0.000000
0.097628	0.690840
0.153503	0.892031
0.153503	0.913624
0.153503	0.903430
0.153503	0.914189
0.153503	0.892785
0.153503	0.962409
0.153503	0.931077
0.153503	0.000000
0.153503	0.000000
0.086893	0.082550
0.086893	0.094613
0.086893	0.139127
0.086893	0.119886
0.086893	0.137199
0.086893	0.181425
0.086893	0.152562
0.086893	0.061204
0.083179	0.258385
0.083179	0.354131
0.083179	0.297337
0.083179	0.000000
0.083179	0.297337
0.083179	0.234782
0.083179	0.000000
0.083179	0.618912
0.106134	0.962654
0.106134	0.000000
0.106134	0.966967
0.106134	0.000000
0.106134	0.000000
0.106134	0.000000
0.106134	0.000000
0.106134	0.000000
0.106134	0.000000
0.106134	0.000000
0.106134	0.000000
0.194113	0.866271
0.194113	0.926149
0.194113	0.878283
0.194113	0.000000
0.194113	0.900956
0.194113	0.938561
0.194113	0.000000
0.194113	0.000000
0.194113	0.000000
0.082685	0.272213
0.082685	0.266978
0.082685	0.297337
0.082685	0.297337
0.082685	0.180243
0.082685	0.255133
0.082685	0.217222
0.082685	0.000000
0.126166	0.297337
0.126166	0.297337
0.126166	0.297337
0.126166	0.000000
0.126166	0.000000
0.126166	0.000000
0.126166	0.000000
0.168414	0.297337
0.168414	0.297337
0.168414	0.297337
0.168414	0.663638
0.168414	0.297337
0.168414	0.297337
0.168414	0.000000
0.168414	0.297337
0.168414	0.000000
0.168414	0.319475
0.113314	0.229930
0.113314	0.241378
0.113314	0.276453
0.113314	0.297337
0.113314	0.297337
0.113314	0.188062
0.113314	0.289943
0.113314	0.348187
0.113314	0.297337
0.209960	0.271257
0.209960	0.044042
0.209960	0.063365
0.209960	0.110090
0.209960	0.065612
0.209960	0.297337
0.209960	0.284904
0.209960	0.638989
0.209960	0.000000
0.166518	0.000001
0.166518	0.000000
0.166518	0.000004
0.166518	0.000144
0.166518	0.000000
0.166518	0.000000
0.166518	0.000000
0.166518	0.000000
0.088784	0.000000
0.088784	0.000000
0.088784	0.000000
0.088784	0.000000
0.088784	0.000000
0.088784	0.000000
0.088784	0.000000
0.159860	0.026741
0.159860	0.014923
0.159860	0.026796
0.159860	0.024691
0.159860	0.018320
0.159860	0.042894
0.159860	0.019685
0.159860	0.016189
0.159860	0.070168
0.159860	0.017745
0.159860	0.030882
0.159860	0.026860
0.175297	0.000000
0.175297	0.000000
0.175297	0.000000
0.175297	0.000000
0.175297	0.000000
0.175297	0.000000
0.175297	0.000000
0.175297	0.000000
0.164592	0.000001
0.164592	0.000001
0.164592	0.000241
0.164592	0.000023
0.175901	0.270418
0.175901	0.102256
0.175901	0.231090
0.175901	0.305667
0.175901	0.284855
0.175901	0.488551
0.175901	0.530858
0.175901	0.917489
0.472718	0.127759
0.472718	0.208418
0.472718	0.128895
0.472718	0.000000
0.472718	0.000000
0.472718	0.000000
0.303959	0.177051
0.303959	0.000000
0.303959	0.257897
0.303959	0.000000
0.303959	0.000000
0.455131	0.874690
0.455131	0.902109
0.455131	0.910178
0.455131	0.985813
0.455131	0.958196
0.455131	0.000000
0.455131	0.000000
0.455131	0.916218
0.455131	0.000000
0.455131	0.000000
0.455131	0.000000
0.824629	0.422367
0.824629	0.000000
0.824629	0.000000
0.824629	0.000000
0.824629	0.000000
0.800421	0.000000
0.800421	0.000000
0.800421	0.942717
0.800421	0.000000
0.800421	0.000000
0.800421	0.000000
0.800421	0.000000
0.390378	0.000000
0.390378	0.765999
0.390378	0.698176
0.390378	0.666843
0.390378	0.000000
0.390378	0.695528
0.390378	0.000000
0.390378	0.000000
0.390378	0.000000
0.257469	0.000000
0.257469	0.711089
0.257469	0.648703
0.257469	0.721492
0.257469	0.000000
0.257469	0.000000
0.257469	0.000000
0.257469	0.000000
0.257469	0.000000
0.355580	0.851795
0.355580	0.748508
0.355580	0.786611
0.355580	0.776567
0.355580	0.000000
0.355580	0.000000
0.355580	0.000000
0.355580	0.000000
0.355580	0.000000
0.312169	0.270580
0.312169	0.289425
0.312169	0.297337
0.312169	0.173712
0.312169	0.042570
0.312169	0.000000
0.312169	0.501761
0.312169	0.000000
0.205964	0.297337
0.205964	0.347359
0.205964	0.315298
0.205964	0.297337
0.205964	0.000000
0.205964	0.332366
0.205964	0.531960
0.205964	0.000000
0.205964	0.000000
0.262552	0.545238
0.262552	0.000000
0.262552	0.581624
0.262552	0.639363
0.262552	0.000000
0.262552	0.000000
0.262552	0.000000
0.262552	0.000000
0.262552	0.000000
0.228401	0.053475
0.228401	0.043124
0.228401	0.130969
0.228401	0.069891
0.228401	0.518587
0.228401	0.297337
0.228401	0.333510
0.228401	0.244446
0.228401	0.000000
0.228401	0.000000
0.228401	0.256283
0.228401	0.000000
0.137589	0.000442
0.137589	0.002972
0.137589	0.000803
0.137589	0.000188
0.137589	0.000025
0.137589	0.069117
0.137589	0.000297
0.125663	0.297337
0.125663	0.297337
0.125663	0.297337
0.125663	0.297337
0.125663	0.000000
0.125663	0.000000
0.125663	0.000000
0.125663	0.000000
0.125663	0.000000
0.125663	0.000000
0.125663	0.000000
0.125663	0.000000
0.125663	0.000000
0.125663	0.000000
0.231032	0.297337
0.231032	0.000000
0.231032	0.297337
0.231032	0.297337
0.231032	0.297337
0.231032	0.000000
0.231032	0.297337
0.231032	0.000000
0.231032	0.000000
0.185359	0.000028
0.185359	0.000300
0.185359	0.001019
0.185359	0.000407
0.185359	0.000001
0.185359	0.000735
0.185359	0.297337
0.185359	0.000000
0.128552	0.000000
0.128552	0.000000
0.128552	0.000000
0.128552	0.000000
0.128552	0.000000
0.128552	0.000000
0.128552	0.000000
0.064139	0.071128
0.064139	0.072242
0.064139	0.134040
0.064139	0.119091
0.064139	0.000000
0.064139	0.000000
0.064139	0.000000
0.064139	0.000000
0.109206	0.017784
0.109206	0.000000
0.109206	0.014870
0.109206	0.017324
0.109206	0.005813
0.109206	0.031047
0.109206	0.000000
0.109206	0.010907
0.109206	0.000000
0.109206	0.026769
0.109206	0.063420
0.204790	0.000000
0.204790	0.000000
0.204790	0.000000
0.204790	0.000000
0.204790	0.000000
0.204790	0.000000
0.204790	0.000000
0.204790	0.000000
0.073508	0.000001
0.073508	0.001438
0.073508	0.001083
0.073508	0.000000
0.073508	0.000000
0.073508	0.000000
0.073508	0.000000
0.073508	0.000000
0.027289	0.007234
0.027289	0.000000
0.027289	0.022010
0.027289	0.000000
0.027289	0.000000
0.027289	0.000000
0.027289	0.000000
0.150158	0.026486
0.150158	0.000000
0.150158	0.000000
0.150158	0.000000
0.150158	0.020671
0.150158	0.049840
0.150158	0.053022
0.150158	0.000000
0.150158	0.000000
0.057840	0.045051
0.057840	0.133780
0.057840	0.055024
0.057840	0.033387
0.057840	0.000000
0.057840	0.000000
0.057840	0.000000
0.057840	0.000000
0.180183	0.000000
0.180183	0.000000
0.180183	0.000000
0.180183	0.015245
0.180183	0.000000
0.180183	0.000000
0.180183	0.000000
0.076674	0.040303
0.076674	0.050435
0.076674	0.050067
0.076674	0.080461
0.076674	0.021076
0.076674	0.036807
0.076674	0.012149
0.076674	0.024924
0.076674	0.032147
0.182743	0.007668
0.182743	0.002184
0.182743	0.010791
0.182743	0.009329
0.182743	0.007711
0.182743	0.000010
0.182743	0.006708
0.182743	0.005831
0.223680	0.000001
0.223680	0.000000
0.223680	0.000077
0.223680	0.000007
0.223680	0.000001
0.223680	0.000000
0.223680	0.000000
0.223680	0.000000
0.218447	0.000038
0.218447	0.000002
0.218447	0.004399
0.218447	0.011609
0.218447	0.000000
0.218447	0.012041
0.218447	0.000000
0.132247	0.075331
0.132247	0.140230
0.132247	0.152071
0.132247	0.272367
0.132247	0.073002
0.132247	0.192608
0.132247	0.076732
0.132247	0.361597
0.132247	0.087088
0.132247	0.195351
0.132247	0.122927
0.379104	0.059907
0.379104	0.121865
0.379104	0.127660
0.379104	0.000000
0.379104	0.344992
0.194176	0.005007
0.194176	0.000000
0.194176	0.002388
0.194176	0.000416
0.194176	0.000008
0.194176	0.000000
0.435454	0.000000
0.435454	0.712434
0.435454	0.743645
0.435454	0.677317
0.435454	0.937884
0.435454	0.829046
0.435454	0.883477
0.435454	0.000000
0.283585	0.194710
0.283585	0.289133
0.283585	0.136288
0.283585	0.105568
0.283585	0.278726
0.283585	0.000000
0.283585	0.000000
0.196386	0.053865
0.196386	0.071862
0.196386	0.070127
0.196386	0.072402
0.196386	0.823868
0.157169	0.087228
0.157169	0.089287
0.157169	0.115159
0.157169	0.297337
0.157169	0.056758
0.157169	0.297337
0.157169	0.694809
0.309106	0.069548
0.309106	0.632304
0.309106	0.121583
0.309106	0.000000
0.309106	0.000000
0.302105	0.128020
0.302105	0.297337
0.302105	0.234763
0.302105	0.297337
0.302105	0.127926
0.302105	0.049019
0.302105	0.000000
0.119668	0.119576
0.119668	0.180313
0.119668	0.175503
0.119668	0.124360
0.119668	0.196842
0.139177	0.297337
0.139177	0.297337
0.139177	0.297337
0.139177	0.297337
0.139177	0.297337
0.139177	0.297337
0.139177	0.297337
0.139177	0.297337
0.139177	0.297337
0.139177	0.297337
0.139177	0.315696
0.139177	0.297337
0.139177	0.000000
0.139177	0.000000
0.283041	0.528413
0.283041	0.615466
0.283041	0.616101
0.283041	0.000000
0.283041	0.000000
0.283041	0.000000
0.283041	0.000000
0.283041	0.000000
0.283041	0.000000
0.195089	0.455943
0.195089	0.000000
0.195089	0.479099
0.195089	0.624566
0.195089	0.000000
0.195089	0.000000
0.195089	0.000000
0.195089	0.000000
0.195089	0.000000
0.072982	0.026185
0.072982	0.024336
0.072982	0.033183
0.072982	0.023421
0.072982	0.024133
0.072982	0.007986
0.072982	0.027806
0.152422	0.297337
0.152422	0.297337
0.152422	0.297337
0.152422	0.000000
0.152422	0.297337
0.152422	0.000000
0.152422	0.000000
0.152422	0.000000
0.152422	0.000000
0.066312	0.297337
0.066312	0.000000
0.066312	0.297337
0.066312	0.000000
0.066312	0.000000
0.102802	0.297337
0.102802	0.000000
0.102802	0.297337
0.102802	0.000000
0.102802	0.000000
0.096487	0.087973
0.096487	0.125322
0.096487	0.186449
0.096487	0.000000
0.096487	0.101920
0.096487	0.078863
0.096487	0.018898
0.096487	0.000000
0.109658	0.361156
0.109658	0.000000
0.109658	0.297337
0.109658	0.000000
0.109658	0.000000
0.109658	0.000000
0.109658	0.000000
0.109658	0.000000
0.063250	0.031823
0.063250	0.000000
0.063250	0.042058
0.063250	0.000000
0.063250	0.008194
0.063250	0.035088
0.063250	0.000000
0.063250	0.005862
0.084812	0.146451
0.084812	0.000000
0.084812	0.081697
0.084812	0.068149
0.084812	0.292270
0.084812	0.048572
0.084812	0.297337
0.115704	0.062837
0.115704	0.003838
0.115704	0.015427
0.115704	0.051245
0.115704	0.000176
0.115704	0.000037
0.115704	0.000004
0.332827	0.048431
0.332827	0.046503
0.332827	0.066593
0.332827	0.050651
0.332827	0.000000
0.332827	0.038838
0.332827	0.057678
0.332827	0.021092
0.202231	0.105280
0.202231	0.110745
0.202231	0.067796
0.202231	0.064858
0.222105	0.060201
0.222105	0.028734
0.222105	0.040349
0.222105	0.037659
0.222105	0.022335
0.222105	0.043308
0.222105	0.379934
0.162176	0.000205
0.162176	0.000035
0.162176	0.000060
0.162176	0.000079
0.162176	0.000668
0.162176	0.000000
0.162176	0.000067
0.255705	0.205674
0.255705	0.184585
0.255705	0.217193
0.255705	0.217047
0.255705	0.000000
0.255705	0.315513
0.255705	0.000000
0.255705	0.000000
0.137871	0.297337
0.137871	0.364577
0.137871	0.295457
0.137871	0.316766
0.137871	0.277891
0.137871	0.594930
0.137871	0.168710
0.075541	0.029025
0.075541	0.023329
0.075541	0.049797
0.075541	0.032151
0.092159	0.052171
0.092159	0.078145
0.092159	0.057188
0.092159	0.038610
0.092159	0.187050
0.147914	0.234545
0.147914	0.297337
0.147914	0.269427
0.147914	0.267413
0.147914	0.000000
0.147914	0.678676
0.103870	0.119071
0.103870	0.477181
0.103870	0.160822
0.103870	0.235127
0.103870	0.000000
0.050284	0.016404
0.050284	0.013808
0.050284	0.028370
0.050284	0.018242
0.050284	0.011274
0.059965	0.067512
0.059965	0.104990
0.059965	0.083974
0.059965	0.000000
0.059965	0.072707
0.059965	0.056836
0.059965	0.000000
0.059965	0.137305
0.098755	0.309243
0.098755	0.000000
0.098755	0.431799
0.098755	0.000000
0.098755	0.000000
0.098755	0.000000
0.098755	0.000000
0.098755	0.000000
0.098755	0.000000
0.093071	0.162168
0.093071	0.000000
0.093071	0.297337
0.093071	0.297337
0.093071	0.000000
0.093071	0.160695
0.041736	0.060538
0.041736	0.054846
0.041736	0.080033
0.041736	0.000000
0.041736	0.137103
0.041736	0.076561
0.041736	0.024117
0.108999	0.297337
0.108999	0.000000
0.108999	0.297337
0.108999	0.000000
0.108999	0.297337
0.108999	0.000000
0.108999	0.000000
0.093918	0.297337
0.093918	0.000000
0.093918	0.000000
0.093918	0.000000
0.093918	0.000000
0.093918	0.000000
0.093918	0.000000
0.093918	0.000000
0.093918	0.000000
0.101953	0.043471
0.101953	0.000000
0.101953	0.031647
0.101953	0.049211
0.133678	0.121600
0.133678	0.093742
0.133678	0.153408
0.133678	0.122801
0.133678	0.118263
0.133678	0.000000
0.133678	0.000000
0.133678	0.000000
0.133678	0.000000
0.083392	0.000000
0.083392	0.000000
0.083392	0.000000
0.083392	0.000000
0.083392	0.000000
0.083392	0.000000
0.083392	0.000000
0.081188	0.000000
0.081188	0.000000
0.081188	0.000000
0.081188	0.000000
0.081991	0.000000
0.081991	0.000000
0.081991	0.000000
0.081991	0.000000
0.081991	0.000000
0.081991	0.000000
0.081991	0.000000
0.095308	0.000000
0.095308	0.000000
0.095308	0.000001
0.095308	0.000000
0.095308	0.000000
0.095308	0.000000
0.095308	0.000000
0.095308	0.000000
0.112678	0.011135
0.112678	0.002868
0.112678	0.008123
0.112678	0.011243
0.140284	0.114757
0.140284	0.109887
0.140284	0.099089
0.140284	0.055111
0.140284	0.000000
0.140284	0.000000
0.140284	0.000000
0.036033	0.297337
0.036033	0.000000
0.036033	0.297337
0.036033	0.000000
0.036033	0.000000
0.036033	0.000000
0.036033	0.000000
0.320297	0.297337
0.320297	0.348702
0.320297	0.297337
0.320297	0.317609
0.320297	0.713714
0.320297	0.000000
0.320297	0.000000
0.320297	0.000000
0.271947	0.066538
0.271947	0.243747
0.271947	0.091371
0.271947	0.208155
0.271947	0.003265
0.271947	0.445978
0.271947	0.228253
0.059229	0.000001
0.059229	0.000603
0.059229	0.000007
0.059229	0.000047
0.059229	0.000001
0.059229	0.000000
0.059229	0.000001
0.081377	0.188334
0.081377	0.000000
0.081377	0.297337
0.081377	0.000000
0.081377	0.000000
0.267693	0.221821
0.267693	0.000000
0.267693	0.295589
0.267693	0.340582
0.267693	0.000000
0.267693	0.000000
0.071334	0.389122
0.071334	0.664047
0.071334	0.466120
0.071334	0.436703
0.071334	0.557400
0.071334	0.000000
0.071334	0.000000
0.071334	0.000000
0.312690	0.002823
0.312690	0.005678
0.312690	0.001959
0.312690	0.000560
0.312690	0.007581
0.312690	0.319366
0.312690	0.070382
0.312690	0.001300
0.132078	0.015132
0.132078	0.003850
0.132078	0.006006
0.132078	0.001761
0.132078	0.017884
0.132078	0.029168
0.132078	0.078471
0.132078	0.056481
0.132078	0.001788
0.132078	0.005226
0.132078	0.003035
0.132078	0.163642
0.053350	0.660679
0.053350	0.548659
0.053350	0.570723
0.053350	0.601771
0.053350	0.668679
0.053350	0.517907
0.053350	0.000000
0.053350	0.000000
0.053350	0.000000
0.053350	0.000000
0.053350	0.000000
0.192613	0.318717
0.192613	0.000000
0.192613	0.382757
0.192613	0.580578
0.192613	0.000000
0.192613	0.000000
0.192613	0.000000
0.192613	0.000000
0.192613	0.000000
0.214246	0.351637
0.214246	0.427634
0.214246	0.424205
0.214246	0.497131
0.214246	0.515347
0.214246	0.372026
0.214246	0.665989
0.214246	0.000000
0.214246	0.000000
0.092593	0.000003
0.092593	0.000011
0.092593	0.000024
0.092593	0.000009
0.092593	0.000000
0.092593	0.000001
0.092593	0.000001
0.092593	0.000005
0.069307	0.297337
0.069307	0.297337
0.069307	0.324992
0.069307	0.000000
0.069307	0.000000
0.069307	0.412552
0.069307	0.000000
0.069307	0.000000
0.069307	0.000000
0.167700	0.297337
0.167700	0.000000
0.167700	0.297337
0.167700	0.000000
0.167700	0.297337
0.167700	0.000000
0.167700	0.000000
0.167700	0.000000
0.123601	0.297337
0.123601	0.000000
0.123601	0.297337
0.123601	0.000000
0.123601	0.000000
0.123601	0.297337
0.123601	0.000000
0.123601	0.000000
0.057327	0.297337
0.057327	0.000000
0.057327	0.297337
0.057327	0.297337
0.057327	0.000000
0.130209	0.297337
0.130209	0.297337
0.130209	0.297337
0.130209	0.000000
0.130209	0.000000
0.130209	0.000000
0.130209	0.000000
0.071097	0.297337
0.071097	0.000000
0.071097	0.297337
0.071097	0.000000
0.071097	0.000000
0.071097	0.000000
0.048285	0.066400
0.048285	0.106386
0.048285	0.125411
0.048285	0.297337
0.048285	0.058992
0.048285	0.000000
0.048285	0.025871
0.048285	0.000000
0.092083	0.228470
0.092083	0.239534
0.092083	0.213933
0.092083	0.261974
0.092083	0.000000
0.092083	0.297337
0.092083	0.000000
0.092083	0.000000
0.092083	0.000000
0.063375	0.000000
0.063375	0.000000
0.063375	0.000000
0.063375	0.000000
0.063375	0.000000
0.063375	0.000000
0.063375	0.000000
0.065334	0.185619
0.065334	0.000000
0.065334	0.297337
0.065334	0.297337
0.065334	0.000000
0.065334	0.000000
0.065334	0.000000
0.065334	0.000000
0.065334	0.297337
0.065334	0.297337
0.065334	0.000000
0.073568	0.000000
0.073568	0.000000
0.073568	0.000017
0.073568	0.000000
0.073568	0.000000
0.073568	0.062394
0.046173	0.000008
0.046173	0.000006
0.046173	0.000006
0.046173	0.000002
0.046173	0.000008
0.046173	0.000000
0.046173	0.000000
0.046173	0.000000
0.063132	0.000000
0.063132	0.006343
0.063132	0.015825
0.063132	0.000000
0.063132	0.000000
0.126868	0.001118
0.126868	0.000845
0.126868	0.010409
0.126868	0.001618
0.126868	0.000000
0.126868	0.000000
0.046103	0.297337
0.046103	0.297337
0.046103	0.297337
0.046103	0.000000
0.046103	0.000000
0.046103	0.000000
0.046103	0.000000
0.076071	0.323654
0.076071	0.418934
0.076071	0.306233
0.076071	0.326738
0.076071	0.529875
0.076071	0.000000
0.076071	0.000000
0.076071	0.000000
0.076071	0.000000
0.067399	0.029684
0.067399	0.018276
0.067399	0.141322
0.067399	0.023713
0.067399	0.000541
0.067399	0.228191
0.067399	0.086294
0.067399	0.033994
0.067399	0.013802
0.067399	0.014279
0.067399	0.017513
0.140112	0.016577
0.140112	0.008535
0.140112	0.008496
0.140112	0.001759
0.140112	0.000000
0.140112	0.000000
0.140112	0.000000
0.056062	0.297337
0.056062	0.000000
0.056062	0.297337
0.056062	0.297337
0.056062	0.000000
0.056062	0.000000
0.056062	0.000000
0.187508	0.149522
0.187508	0.297337
0.187508	0.170947
0.187508	0.200635
0.187508	0.091578
0.187508	0.000000
0.187508	0.154061
0.187508	0.012339
0.146050	0.003490
0.146050	0.187763
0.146050	0.018589
0.146050	0.296620
0.146050	0.002249
0.146050	0.000156
0.146050	0.000787
0.165030	0.672188
0.165030	0.742299
0.165030	0.791518
0.165030	0.000000
0.165030	0.000000
0.165030	0.847949
0.165030	0.888314
0.165030	0.000000
0.165030	0.000000
0.340496	0.297337
0.340496	0.000000
0.340496	0.297337
0.340496	0.000000
0.340496	0.000000
0.340496	0.000000
0.327655	0.674848
0.327655	0.813623
0.327655	0.000000
0.327655	0.000000
0.327655	0.000000
0.327655	0.000000
0.327655	0.000000
0.327655	0.000000
0.401012	0.000000
0.401012	0.000000
0.401012	0.649592
0.401012	0.580443
0.401012	0.719601
0.401012	0.000000
0.401012	0.000000
0.401012	0.000000
0.401012	0.000000
0.379012	0.297337
0.379012	0.297337
0.379012	0.297337
0.379012	0.297337
0.379012	0.297337
0.379012	0.000000
0.379012	0.000000
0.379012	0.000000
0.255843	0.297337
0.255843	0.297337
0.255843	0.000000
0.255843	0.000000
0.255843	0.000000
0.255843	0.000000
0.162760	0.000000
0.162760	0.000000
0.162760	0.297337
0.162760	0.297337
0.162760	0.000000
0.162760	0.297337
0.279563	0.000000
0.279563	0.297337
0.279563	0.297337
0.279563	0.000000
0.279563	0.000000
0.279563	0.000000
0.239662	0.297337
0.239662	0.297337
0.239662	0.297337
0.239662	0.297337
0.239662	0.297337
0.239662	0.000000
0.239662	0.000000
0.239662	0.000000
0.161956	0.069279
0.161956	0.080530
0.161956	0.097021
0.161956	0.074219
0.161956	0.051883
0.133236	0.297337
0.133236	0.297337
0.133236	0.297337
0.133236	0.297337
0.133236	0.000000
0.133236	0.297337
0.133236	0.000000
0.133236	0.000000
0.133236	0.000000
0.253564	0.297337
0.253564	0.000000
0.253564	0.297337
0.253564	0.297337
0.253564	0.000000
0.253564	0.000000
0.253564	0.000000
0.253564	0.000000
0.253564	0.000000
0.094960	0.000812
0.094960	0.128777
0.094960	0.004358
0.094960	0.006991
0.094960	0.000068
0.094960	0.000000
0.094960	0.000017
0.094960	0.000000
0.084319	0.000000
0.084319	0.000000
0.084319	0.000000
0.084319	0.000000
0.084319	0.000000
0.084319	0.000000
0.084319	0.000000
0.060646	0.000680
0.060646	0.000261
0.060646	0.002343
0.060646	0.118259
0.060646	0.000000
0.060646	0.000000
0.060646	0.000000
0.060646	0.000000
0.060646	0.000000
0.060646	0.000000
0.060646	0.000000
0.060646	0.000000
0.120924	0.138766
0.120924	0.291253
0.120924	0.290163
0.120924	0.000000
0.120924	0.000000
0.120924	0.000000
0.120924	0.000000
0.120924	0.000000
0.120224	0.001326
0.120224	0.000000
0.120224	0.002402
0.120224	0.037623
0.120224	0.297337
0.120224	0.000162
0.089855	0.000000
0.089855	0.000000
0.089855	0.000000
0.089855	0.000000
0.089855	0.000000
0.089855	0.000000
0.089855	0.000000
0.089855	0.000000
0.061493	0.000378
0.061493	0.003884
0.061493	0.007434
0.061493	0.000000
0.061493	0.000000
0.040502	0.038442
0.040502	0.000000
0.040502	0.031038
0.040502	0.000000
0.040502	0.000000
0.040502	0.000000
0.040502	0.000780
0.086649	0.000000
0.086649	0.000000
0.086649	0.000000
0.086649	0.000000
0.086649	0.000000
0.086649	0.000000
0.086649	0.000000
0.086649	0.000000
0.072894	0.000000
0.072894	0.000000
0.072894	0.000000
0.072894	0.000000
0.072894	0.000000
0.072894	0.000000
0.072894	0.000001
0.167415	0.055942
0.167415	0.000000
0.167415	0.017602
0.167415	0.000000
0.059032	0.050461
0.059032	0.000000
0.059032	0.238889
0.059032	0.000000
0.059032	0.140636
0.059032	0.000000
0.059032	0.000000
0.059032	0.000000
0.059032	0.000000
0.050875	0.000000
0.050875	0.000000
0.050875	0.000000
0.050875	0.001133
0.050875	0.000000
0.050875	0.000000
0.050875	0.000000
0.050875	0.000000
0.093500	0.061987
0.093500	0.090228
0.093500	0.090864
0.093500	0.128480
0.093500	0.260023
0.093500	0.188127
0.093500	0.000000
0.093500	0.137129
0.082856	0.007855
0.082856	0.001410
0.082856	0.008068
0.082856	0.005503
0.082856	0.004952
0.082856	0.012278
0.082856	0.000002
0.091888	0.000000
0.091888	0.000000
0.091888	0.000000
0.091888	0.000000
0.091888	0.000000
0.091888	0.000000
0.091888	0.000000
0.091888	0.000000
0.063446	0.000000
0.063446	0.000000
0.063446	0.000000
0.063446	0.000000
0.063446	0.000000
0.063446	0.000000
0.063446	0.000000
0.134337	0.000114
0.134337	0.000025
0.134337	0.001800
0.134337	0.127186
0.134337	0.000250
0.134337	0.000172
0.134337	0.010821
0.134337	0.000000
0.197080	0.010719
0.197080	0.000238
0.197080	0.021457
0.197080	0.028604
0.201886	0.030285
0.201886	0.104302
0.201886	0.051192
0.201886	0.040780
0.201886	0.000010
0.201886	0.000000
0.247275	0.487214
0.247275	0.390213
0.247275	0.133500
0.247275	0.096743
0.247275	0.040019
0.247275	0.000000
0.247275	0.898806
0.159892	0.728500
0.159892	0.789884
0.159892	0.750673
0.159892	0.769976
0.159892	0.740735
0.159892	0.744762
0.159892	0.832839
0.159892	0.000000
0.159892	0.773478
0.159892	0.000000
0.160881	0.250753
0.160881	0.297337
0.160881	0.297337
0.160881	0.297337
0.160881	0.065676
0.160881	0.297337
0.160881	0.297337
0.160881	0.273508
0.160881	0.164414
0.160881	0.181085
0.160881	0.266112
0.160881	0.385781
0.131768	0.354031
0.131768	0.407385
0.131768	0.319708
0.131768	0.000000
0.131768	0.907440
0.131768	0.617980
0.131768	0.096396
0.243112	0.246554
0.243112	0.000000
0.243112	0.297337
0.243112	0.374806
0.243112	0.297337
0.243112	0.297337
0.243112	0.223410
0.243112	0.000000
0.146744	0.015005
0.146744	0.039109
0.146744	0.047935
0.146744	0.007845
0.146744	0.007383
0.146744	0.005233
0.146744	0.030534
0.146744	0.020231
0.371756	0.828843
0.371756	0.861241
0.371756	0.830435
0.371756	0.815481
0.371756	0.884241
0.371756	0.926853
0.371756	0.000000
0.371756	0.000000
0.371756	0.000000
0.371756	0.000000
0.371756	0.000000
0.405108	0.297337
0.405108	0.000000
0.405108	0.297337
0.405108	0.297337
0.405108	0.000000
0.405108	0.000000
0.405108	0.000000
0.211005	0.002557
0.211005	0.005924
0.211005	0.003438
0.211005	0.000493
0.211005	0.000635
0.211005	0.297337
0.211005	0.000486
0.211005	0.013473
0.061265	0.000000
0.061265	0.000000
0.061265	0.000001
0.061265	0.000000
0.061265	0.000000
0.061265	0.000000
0.061265	0.000000
0.061265	0.000000
0.143142	0.156298
0.143142	0.206627
0.143142	0.250967
0.143142	0.297337
0.143142	0.000000
0.143142	0.000000
0.143142	0.000000
0.143142	0.000000
0.143142	0.000000
0.140311	0.221432
0.140311	0.000000
0.140311	0.000000
0.140311	0.000000
0.140311	0.000000
0.140311	0.000000
0.140311	0.000000
0.140311	0.000000
0.076733	0.000000
0.076733	0.000000
0.076733	0.000000
0.076733	0.000000
0.076733	0.000000
0.076733	0.000000
0.076733	0.000000
0.112685	0.000003
0.112685	0.000035
0.112685	0.001276
0.112685	0.000000
0.112685	0.000003
0.112685	0.000000
0.112685	0.000003
0.112685	0.000014
0.164710	0.012787
0.164710	0.000000
0.164710	0.020155
0.164710	0.014258
0.102653	0.297337
0.102653	0.000000
0.102653	0.297337
0.102653	0.000000
0.102653	0.000000
0.102653	0.000000
0.102653	0.000000
0.079974	0.146536
0.079974	0.000000
0.079974	0.233086
0.079974	0.000000
0.079974	0.000000
0.079974	0.000000
0.105101	0.001492
0.105101	0.000082
0.105101	0.010387
0.105101	0.000000
0.105101	0.000292
0.105101	0.000002
0.105101	0.005850
0.132912	0.297337
0.132912	0.000000
0.132912	0.297337
0.132912	0.297337
0.132912	0.000000
0.132912	0.000000
0.132912	0.000000
0.132912	0.000000
0.132912	0.000000
0.198951	0.000000
0.198951	0.019023
0.198951	0.044181
0.198951	0.000000
0.198951	0.000000
0.198951	0.027658
0.198951	0.016237
0.198951	0.027818
0.072792	0.054109
0.072792	0.058044
0.072792	0.072628
0.072792	0.072691
0.072792	0.027248
0.072792	0.020964
0.072792	0.023922
0.072792	0.000000
0.230194	0.901286
0.230194	0.724512
0.230194	0.720459
0.230194	0.720793
0.230194	0.819650
0.230194	0.743912
0.230194	0.893918
0.230194	0.935166
0.110561	0.244011
0.110561	0.085576
0.110561	0.096150
0.110561	0.098479
0.110561	0.239588
0.110561	0.279637
0.127099	0.365919
0.127099	0.355342
0.127099	0.170131
0.127099	0.108775
0.268036	0.724016
0.268036	0.719476
0.268036	0.683547
0.268036	0.775233
0.268036	0.000000
0.118503	0.801548
0.118503	0.820297
0.118503	0.830359
0.118503	0.890316
0.118503	0.834002
0.118503	0.860193
0.118503	0.827726
0.118503	0.000000
0.118503	0.000000
0.097628	0.075872
0.097628	0.078416
0.097628	0.105739
0.097628	0.076834
0.097628	0.035063
0.097628	0.040909
0.188279	0.069261
0.188279	0.060913
0.188279	0.095419
0.188279	0.095294
0.188279	0.102337
0.188279	0.163721
0.188279	0.030197
0.175318	0.936628
0.175318	0.974046
0.175318	0.954827
0.175318	0.968291
0.175318	0.000000
0.175318	0.000000
0.175318	0.000000
0.175318	0.000000
0.175318	0.000000
0.175318	0.967987
0.175318	0.000000
0.238077	0.698170
0.238077	0.800847
0.238077	0.720114
0.238077	0.711073
0.238077	0.918357
0.238077	0.000000
0.238077	0.000000
0.238077	0.000000
0.150275	0.084508
0.150275	0.133079
0.150275	0.117720
0.150275	0.083737
0.150275	0.079126
0.150275	0.062044
0.150275	0.043696
0.150275	0.269006
0.204924	0.297337
0.204924	0.297337
0.204924	0.297337
0.204924	0.297337
0.204924	0.000000
0.204924	0.297337
0.021156	0.297337
0.021156	0.297337
0.021156	0.297337
0.021156	0.297337
0.021156	0.297337
0.021156	0.000000
0.021156	0.000000
0.150332	0.206477
0.150332	0.242655
0.150332	0.297337
0.150332	0.297337
0.150332	0.242916
0.150332	0.297337
0.150332	0.000000
0.150332	0.000000
0.064986	0.097044
0.064986	0.087701
0.064986	0.132647
0.064986	0.132904
0.064986	0.085758
0.064986	0.072087
0.064986	0.131671
0.064986	0.037641
0.091417	0.396485
0.091417	0.455252
0.091417	0.479933
0.091417	0.000000
0.091417	0.000000
0.091417	0.000000
0.091417	0.000000
0.091417	0.000000
0.093326	0.297337
0.093326	0.000000
0.093326	0.297337
0.093326	0.000000
0.093326	0.000000
0.093326	0.297337
0.093326	0.000000
0.093326	0.000000
0.093326	0.000000
0.093326	0.000000
0.093326	0.000000
0.093326	0.000000
0.066635	0.297337
0.066635	0.000000
0.066635	0.297337
0.066635	0.000000
0.066635	0.297337
0.066635	0.297337
0.066635	0.297337
0.066635	0.000000
0.066635	0.297337
0.066635	0.000000
0.066635	0.000000
0.222191	0.297337
0.222191	0.000000
0.222191	0.356751
0.222191	0.000000
0.222191	0.000000
0.222191	0.000000
0.222191	0.000000
0.222191	0.000000
0.056872	0.064197
0.056872	0.086335
0.056872	0.088319
0.056872	0.065664
0.056872	0.033642
0.056872	0.028810
0.056872	0.000000
0.056872	0.098348
0.182030	0.297337
0.182030	0.297337
0.182030	0.297337
0.182030	0.297337
0.182030	0.297337
0.182030	0.297337
0.182030	0.358462
0.182030	0.000000
0.248557	0.022016
0.248557	0.051669
0.248557	0.023957
0.248557	0.026966
0.262140	0.311209
0.262140	0.297337
0.262140	0.297337
0.262140	0.297337
0.262140	0.619564
0.262140	0.000000
0.262140	0.000000
0.262140	0.000000
0.257748	0.297337
0.257748	0.297337
0.257748	0.297337
0.257748	0.000000
0.257748	0.000000
0.257748	0.000000
0.257748	0.000000
0.257748	0.000000
0.257748	0.000000
0.257748	0.000000
0.257748	0.000000
0.257748	0.000000
0.225966	0.382108
0.225966	0.000000
0.225966	0.544103
0.225966	0.000000
0.225966	0.000000
0.225966	0.000000
0.225966	0.000000
0.225966	0.000000
0.225966	0.000000
0.225966	0.000000
0.283555	0.297337
0.283555	0.000000
0.283555	0.000000
0.283555	0.000000
0.283555	0.297337
0.283555	0.412013
0.283555	0.000000
0.283555	0.000000
0.283555	0.000000
0.289621	0.000000
0.289621	0.095143
0.289621	0.083757
0.289621	0.297337
0.289621	0.035126
0.368681	0.000000
0.368681	0.000000
0.368681	0.000000
0.368681	0.000000
0.368681	0.297337
0.368681	0.000000
0.368681	0.000000
0.407431	0.297337
0.407431	0.000000
0.407431	0.297337
0.407431	0.297337
0.407431	0.320471
0.407431	0.000000
0.407431	0.000000
0.407431	0.000000
0.407431	0.000000
0.272641	0.000000
0.272641	0.110210
0.272641	0.214423
0.272641	0.000000
0.272641	0.000000
0.272641	0.253314
0.272641	0.330188
0.272641	0.119948
0.272641	0.376445
0.272641	0.175897
0.255989	0.297337
0.255989	0.458166
0.255989	0.297337
0.255989	0.322598
0.255989	0.336171
0.255989	0.000000
0.255989	0.000000
0.255989	0.000000
0.255989	0.000000
0.255989	0.000000
0.255989	0.000000
0.098887	0.000037
0.098887	0.000000
0.098887	0.000001
0.098887	0.000009
0.098887	0.000000
0.098887	0.000006
0.098887	0.000032
0.098887	0.000000
0.098887	0.000064
0.098887	0.000001
0.098887	0.000003
0.129630	0.000000
0.129630	0.000000
0.129630	0.000001
0.129630	0.000000
0.129630	0.000000
0.129630	0.000002
0.129630	0.000000
0.129630	0.000000
0.129630	0.000000
0.129630	0.000039
0.129630	0.000000
0.097608	0.000021
0.097608	0.000010
0.097608	0.000050
0.097608	0.000012
0.097608	0.000000
0.097608	0.001551
0.097608	0.000000
0.182412	0.000571
0.182412	0.000213
0.182412	0.001837
0.182412	0.000000
0.182412	0.000000
0.182412	0.000186
0.182412	0.102968
0.137141	0.111007
0.137141	0.083257
0.137141	0.118964
0.137141	0.251728
0.137141	0.000000
0.271326	0.000000
0.271326	0.674394
0.271326	0.513904
0.271326	0.645545
0.271326	0.708040
0.271326	0.000000
0.271326	0.000000
0.271326	0.000000
0.115452	0.297337
0.115452	0.050595
0.115452	0.256486
0.115452	0.274433
0.115452	0.000000
0.115452	0.000000
0.115452	0.000000
0.327795	0.762145
0.327795	0.000000
0.327795	0.679171
0.327795	0.000000
0.327795	0.000000
0.327795	0.000000
0.327795	0.000000
0.327795	0.000000
0.327795	0.000000
0.244457	0.297337
0.244457	0.297337
0.244457	0.297337
0.244457	0.297337
0.244457	0.515781
0.244457	0.297337
0.244457	0.000000
0.244457	0.000000
0.116645	0.297337
0.116645	0.297337
0.116645	0.297337
0.116645	0.297337
0.116645	0.296331
0.116645	0.297337
0.116645	0.297337
0.116645	0.297337
0.116645	0.297337
0.116645	0.297337
0.116645	0.297337
0.292648	0.545156
0.292648	0.550421
0.292648	0.637477
0.292648	0.589712
0.292648	0.000000
0.292648	0.535170
0.292648	0.000000
0.292648	0.000000
0.292648	0.000000
0.196107	0.774205
0.196107	0.000000
0.196107	0.754605
0.196107	0.804871
0.196107	0.000000
0.196107	0.000000
0.196107	0.000000
0.196107	0.000000
0.196107	0.000000
0.257828	0.297337
0.257828	0.297337
0.257828	0.297337
0.257828	0.297337
0.257828	0.619614
0.257828	0.272301
0.257828	0.297337
0.257828	0.639908
0.147182	0.090222
0.147182	0.288802
0.147182	0.146580
0.147182	0.157909
0.147182	0.023460
0.082138	0.297337
0.082138	0.297337
0.082138	0.297337
0.082138	0.000000
0.082138	0.000000
0.082138	0.000000
0.196437	0.297337
0.196437	0.000000
0.196437	0.302224
0.196437	0.000000
0.196437	0.297337
0.196437	0.000000
0.196437	0.000000
0.196437	0.000000
0.211563	0.517825
0.211563	0.760731
0.211563	0.580046
0.211563	0.000000
0.211563	0.710022
0.211563	0.646067
0.211563	0.824696
0.211563	0.607340
0.211563	0.708261
0.211563	0.590967
0.211563	0.638528
0.211563	0.570246
0.211563	0.561661
0.211563	0.642439
0.079157	0.297337
0.079157	0.000000
0.079157	0.000000
0.079157	0.000000
0.079157	0.358538
0.079157	0.380665
0.079157	0.407967
0.079157	0.374831
0.208235	0.830039
0.208235	0.000000
0.208235	0.000000
0.208235	0.000000
0.208235	0.000000
0.208235	0.000000
0.208235	0.000000
0.208235	0.000000
0.208235	0.000000
0.090473	0.000000
0.090473	0.000000
0.090473	0.000000
0.090473	0.858667
0.090473	0.000000
0.090473	0.827383
0.090473	0.000000
0.090473	0.000000
0.090473	0.000000
0.299092	0.000000
0.299092	0.645333
0.299092	0.648976
0.299092	0.000000
0.299092	0.000000
0.299092	0.000000
0.299092	0.000000
0.299092	0.000000
0.299092	0.000000
0.130870	0.297337
0.130870	0.000000
0.130870	0.297337
0.130870	0.297337
0.130870	0.000000
0.130870	0.254327
0.130870	0.000000
0.130870	0.022396
0.297569	0.000000
0.297569	0.311538
0.297569	0.467833
0.297569	0.000000
0.297569	0.000000
0.297569	0.000000
0.297569	0.000000
0.297569	0.000000
0.116922	0.000153
0.116922	0.000102
0.116922	0.004862
0.116922	0.000000
0.116922	0.000065
0.116922	0.000000
0.116922	0.000001
0.293853	0.256211
0.293853	0.000000
0.293853	0.297337
0.293853	0.265602
0.293853	0.000000
0.293853	0.000000
0.293853	0.000000
0.293853	0.000000
0.293853	0.000000
0.218102	0.000000
0.218102	0.297337
0.218102	0.297337
0.218102	0.000000
0.218102	0.000000
0.218102	0.000000
0.218102	0.000000
0.218102	0.000000
0.218102	0.000000
0.218102	0.000000
0.254844	0.000000
0.254844	0.000000
0.254844	0.000004
0.254844	0.000009
0.254844	0.000000
0.254844	0.000000
0.254844	0.000005
0.242205	0.000000
0.242205	0.284093
0.242205	0.286809
0.242205	0.000000
0.242205	0.000000
0.242205	0.000000
0.242205	0.000000
0.245353	0.054854
0.245353	0.000000
0.245353	0.000000
0.245353	0.000000
0.245353	0.000000
0.245353	0.000598
0.245353	0.007517
0.245353	0.000000
