Ground Truth	Predictions
0.196381	0.000000
0.196381	0.000000
0.196381	0.000000
0.196381	0.000000
0.196381	0.000000
0.196381	0.000000
0.080990	0.000000
0.080990	0.000000
0.080990	0.000000
0.080990	0.000000
0.080990	0.000000
0.080990	0.000000
0.080990	0.000000
0.080990	0.000000
0.107380	0.000002
0.107380	0.000000
0.107380	0.000000
0.107380	0.000000
0.107380	0.000000
0.107380	0.000002
0.168921	0.000000
0.168921	0.000062
0.168921	0.000142
0.168921	0.003053
0.168921	0.000000
0.076829	0.000001
0.076829	0.000000
0.076829	0.000000
0.076829	0.000000
0.076829	0.000000
0.108275	0.000000
0.108275	0.000000
0.108275	0.000000
0.108275	0.000000
0.108275	0.000000
0.218759	0.000161
0.218759	0.000759
0.218759	0.000480
0.218759	0.000071
0.218759	0.004614
0.218759	0.000000
0.218759	0.000000
0.218759	0.000000
0.218759	0.000000
0.068841	0.000000
0.068841	0.000002
0.068841	0.000000
0.068841	0.000000
0.068841	0.000000
0.083137	0.000000
0.083137	0.000000
0.083137	0.000000
0.083137	0.000000
0.083137	0.000000
0.083137	0.000000
0.222827	0.000000
0.222827	0.000000
0.222827	0.000000
0.222827	0.000000
0.222827	0.000000
0.222827	0.000000
0.222827	0.000000
0.096871	0.000172
0.096871	0.002033
0.096871	0.001141
0.096871	0.000738
0.096871	0.000000
0.096871	0.000000
0.096871	0.000000
0.096871	0.000000
0.096871	0.000000
0.244853	0.000831
0.244853	0.000000
0.244853	0.010152
0.244853	0.006990
0.244853	0.000000
0.244853	0.000000
0.244853	0.000000
0.244853	0.000000
0.244853	0.273259
0.186340	0.273259
0.186340	0.000000
0.186340	0.273259
0.186340	0.000000
0.186340	0.000000
0.186340	0.000000
0.186340	0.000000
0.186340	0.273259
0.186340	0.000000
0.186340	0.000000
0.186340	0.000000
0.124743	0.232550
0.124743	0.000000
0.124743	0.000000
0.124743	0.000000
0.124743	0.000000
0.124743	0.000000
0.124743	0.000000
0.124743	0.000000
0.027289	0.000391
0.027289	0.000000
0.027289	0.000580
0.027289	0.000000
0.027289	0.000000
0.061056	0.017421
0.061056	0.000000
0.061056	0.086914
0.061056	0.000000
0.061056	0.000000
0.061056	0.000000
0.061056	0.000000
0.061056	0.000000
0.061056	0.000000
0.139878	0.000000
0.139878	0.000000
0.139878	0.000000
0.139878	0.000000
0.139878	0.000000
0.139878	0.000000
0.139878	0.000000
0.261059	0.000317
0.261059	0.000000
0.261059	0.000022
0.261059	0.000002
0.261059	0.000000
0.261059	0.000000
0.261059	0.000021
0.261059	0.003687
0.124755	0.000000
0.124755	0.000002
0.124755	0.000003
0.124755	0.000001
0.124755	0.000000
0.124755	0.000000
0.124755	0.000000
0.124755	0.000000
0.124755	0.000000
0.190879	0.000000
0.190879	0.000000
0.190879	0.000000
0.190879	0.000000
0.190879	0.000000
0.225470	0.000000
0.225470	0.000000
0.225470	0.000000
0.225470	0.000000
0.225470	0.000000
0.225470	0.000000
0.090556	0.000000
0.090556	0.000000
0.090556	0.000000
0.090556	0.000000
0.090556	0.000000
0.090556	0.000000
0.090556	0.000000
0.090556	0.000000
0.105958	0.000009
0.105958	0.000000
0.105958	0.000111
0.105958	0.000000
0.105958	0.000000
0.105958	0.000000
0.105958	0.000000
0.105958	0.000185
0.105958	0.000000
0.105958	0.000000
0.105958	0.000000
0.051860	0.000000
0.051860	0.000000
0.051860	0.000000
0.051860	0.000000
0.051860	0.000000
0.051860	0.000000
0.051860	0.000000
0.061834	0.000000
0.061834	0.000000
0.061834	0.000000
0.061834	0.000000
0.061834	0.000000
0.061834	0.000000
0.061834	0.000000
0.061834	0.000000
0.061834	0.000000
0.061834	0.000000
0.061834	0.000000
0.123667	0.000000
0.123667	0.000000
0.123667	0.000000
0.123667	0.000000
0.123667	0.000000
0.123667	0.000000
0.123667	0.000000
0.123667	0.000000
0.066229	0.000000
0.066229	0.000000
0.066229	0.000000
0.066229	0.000000
0.066229	0.000000
0.114055	0.000000
0.114055	0.000000
0.114055	0.000000
0.114055	0.000000
0.114055	0.000000
0.114055	0.000000
0.114055	0.000000
0.114055	0.000000
0.114055	0.000168
0.079393	0.000000
0.079393	0.000000
0.079393	0.000000
0.079393	0.000000
0.079393	0.000000
0.079393	0.000000
0.079393	0.000000
0.079393	0.000000
0.079393	0.000000
0.079393	0.000000
0.121611	0.000000
0.121611	0.000000
0.121611	0.000000
0.121611	0.000000
0.121611	0.000000
0.121611	0.000000
0.121611	0.000000
0.113383	0.000000
0.113383	0.000000
0.113383	0.000000
0.113383	0.000000
0.113383	0.000000
0.113383	0.000000
0.113383	0.000000
0.063787	0.000000
0.063787	0.000000
0.063787	0.000000
0.063787	0.000000
0.063787	0.000000
0.063787	0.000000
0.216361	0.000301
0.216361	0.000000
0.216361	0.000000
0.216361	0.000000
0.216361	0.000000
0.216361	0.000000
0.216361	0.000000
0.216361	0.000000
0.216361	0.000000
0.072401	0.000001
0.072401	0.000000
0.072401	0.000000
0.072401	0.000000
0.337287	0.017042
0.337287	0.000000
0.337287	0.001655
0.337287	0.087183
0.337287	0.000000
0.337287	0.000000
0.337287	0.000000
0.337287	0.000000
0.337287	0.000000
0.035536	0.000000
0.035536	0.000000
0.035536	0.000001
0.035536	0.000000
0.035536	0.000000
0.035536	0.000000
0.035536	0.000000
0.236450	0.000001
0.236450	0.002656
0.236450	0.000004
0.236450	0.000001
0.095851	0.001435
0.095851	0.000267
0.095851	0.000194
0.095851	0.000000
0.095851	0.000000
0.095851	0.000000
0.139037	0.000025
0.139037	0.000067
0.139037	0.000077
0.139037	0.000016
0.139037	0.000025
0.139037	0.000000
0.139037	0.000416
0.139037	0.000000
0.194936	0.273259
0.194936	0.273259
0.194936	0.273259
0.194936	0.273259
0.194936	0.000000
0.194936	0.000000
0.194936	0.000000
0.119399	0.273259
0.119399	0.273259
0.119399	0.273259
0.119399	0.000000
0.119399	0.000000
0.119399	0.273259
0.119399	0.273259
0.119399	0.000000
0.052906	0.273259
0.052906	0.000000
0.052906	0.273259
0.052906	0.000000
0.052906	0.000000
0.052906	0.000000
0.126914	0.016256
0.126914	0.000000
0.126914	0.000000
0.126914	0.000000
0.126914	0.000000
0.128507	0.000676
0.128507	0.000000
0.128507	0.000000
0.128507	0.000000
0.128507	0.000946
0.128507	0.000114
0.128507	0.000022
0.128507	0.000020
0.070143	0.273259
0.070143	0.273259
0.070143	0.273259
0.070143	0.273259
0.070143	0.273259
0.070143	0.000000
0.070143	0.000000
0.302337	0.034748
0.302337	0.001332
0.302337	0.002875
0.302337	0.393453
0.302337	0.017282
0.302337	0.194119
0.302337	0.000007
0.150802	0.273259
0.150802	0.000000
0.150802	0.273259
0.150802	0.000000
0.150802	0.000000
0.150802	0.000000
0.150802	0.000000
0.150802	0.000000
0.146711	0.273259
0.146711	0.000000
0.146711	0.273259
0.146711	0.000000
0.146711	0.000000
0.146711	0.000000
0.138280	0.273259
0.138280	0.000000
0.138280	0.273259
0.138280	0.000000
0.138280	0.122847
0.138280	0.019110
0.138280	0.000636
0.138280	0.000000
0.064064	0.000000
0.064064	0.000000
0.064064	0.273259
0.064064	0.273259
0.064064	0.000000
0.064064	0.273259
0.064064	0.000000
0.064064	0.273259
0.083418	0.000000
0.083418	0.044722
0.083418	0.097901
0.083418	0.052563
0.083418	0.000000
0.118003	0.000430
0.118003	0.000081
0.118003	0.001621
0.118003	0.016743
0.118003	0.000355
0.118003	0.135064
0.118003	0.000036
0.118003	0.067779
0.077668	0.273259
0.077668	0.273259
0.077668	0.000000
0.077668	0.000000
0.077668	0.000000
0.077668	0.000000
0.077668	0.000000
0.077668	0.000000
0.075267	0.273259
0.075267	0.000000
0.075267	0.273259
0.075267	0.000000
0.075267	0.000000
0.075267	0.273259
0.062885	0.196283
0.062885	0.273259
0.062885	0.273259
0.062885	0.273259
0.062885	0.273259
0.062885	0.079665
0.062885	0.027401
0.062885	0.000000
0.052495	0.273259
0.052495	0.273259
0.052495	0.273259
0.052495	0.000000
0.052495	0.000000
0.052495	0.000000
0.052495	0.000000
0.032837	0.273259
0.032837	0.000000
0.032837	0.273259
0.032837	0.273259
0.032837	0.273259
0.032837	0.000000
0.032837	0.000000
0.032837	0.000000
0.157624	0.000000
0.157624	0.273259
0.157624	0.273259
0.157624	0.000000
0.157624	0.000000
0.157624	0.000000
0.157624	0.000000
0.157624	0.000000
0.157624	0.000000
0.179755	0.000007
0.179755	0.000000
0.179755	0.000111
0.179755	0.000000
0.179755	0.000051
0.179755	0.000000
0.179536	0.000000
0.179536	0.000000
0.179536	0.273259
0.179536	0.273259
0.179536	0.000000
0.179536	0.000000
0.179536	0.000000
0.179536	0.000000
0.417846	0.000000
0.417846	0.273259
0.417846	0.273259
0.417846	0.273259
0.417846	0.000000
0.417846	0.273259
0.417846	0.273259
0.417846	0.000000
0.183317	0.000000
0.183317	0.028716
0.183317	0.033795
0.183317	0.000000
0.183317	0.000000
0.144267	0.000000
0.144267	0.000000
0.144267	0.000000
0.144267	0.000000
0.144267	0.000000
0.144267	0.000000
0.144267	0.000000
0.360525	0.000000
0.360525	0.000000
0.360525	0.000000
0.360525	0.000000
0.360525	0.000000
0.360525	0.000000
0.360525	0.000000
0.360525	0.000000
0.458352	0.002357
0.458352	0.003856
0.458352	0.019812
0.458352	0.000000
0.458352	0.000000
0.458352	0.011330
0.458352	0.000000
0.458352	0.000000
0.458352	0.000000
0.093155	0.000000
0.093155	0.000000
0.093155	0.000000
0.093155	0.000000
0.093155	0.000000
0.093155	0.000000
0.186603	0.000000
0.186603	0.000000
0.186603	0.000000
0.186603	0.000000
0.186603	0.000000
0.186603	0.000000
0.186603	0.000000
0.098894	0.000000
0.098894	0.000000
0.098894	0.000000
0.098894	0.000000
0.098894	0.000000
0.098894	0.000000
0.098894	0.000000
0.217557	0.000000
0.217557	0.000000
0.217557	0.000000
0.217557	0.000000
0.217557	0.000000
0.217557	0.000000
0.217557	0.000000
0.156265	0.000000
0.156265	0.000000
0.156265	0.000000
0.156265	0.000000
0.156265	0.000000
0.156265	0.000000
0.156265	0.000047
0.156265	0.000022
0.185772	0.915211
0.185772	0.839845
0.185772	0.901390
0.185772	0.942255
0.185772	0.910526
0.185772	0.879731
0.185772	0.893783
0.185772	0.872237
0.185772	0.956591
0.236082	0.720021
0.236082	0.863775
0.236082	0.886341
0.236082	0.995818
0.236082	0.000000
0.236082	0.761308
0.236082	0.000000
0.236082	0.999947
0.117986	0.976897
0.117986	0.961038
0.117986	0.961313
0.117986	0.941767
0.117986	0.958914
0.117986	0.955110
0.117986	0.965673
0.117986	0.972479
0.233949	0.991766
0.233949	0.000000
0.233949	0.000000
0.233949	0.000000
0.303850	0.000000
0.303850	0.000000
0.303850	0.994303
0.303850	0.995100
0.335689	0.000000
0.335689	0.998829
0.335689	0.999226
0.335689	0.000000
0.335689	0.000000
0.335689	0.000000
0.335689	0.000000
0.335689	0.998384
0.111163	0.993815
0.111163	0.000000
0.111163	0.992599
0.111163	0.993653
0.148481	0.998782
0.148481	0.998980
0.148481	0.998917
0.148481	0.000000
0.148481	0.000000
0.148481	0.000000
0.148481	0.000000
0.212355	0.000000
0.212355	0.000000
0.212355	0.999480
0.212355	0.999558
0.105360	0.996366
0.105360	0.000000
0.105360	0.000000
0.105360	0.000000
0.217694	0.997563
0.217694	0.998374
0.217694	0.998478
0.217694	0.000000
0.217694	0.997722
0.217694	0.999292
0.217694	0.999574
0.217694	0.000000
0.314479	0.000000
0.314479	0.000000
0.314479	0.998662
0.314479	0.000000
0.314479	0.000000
0.314479	0.000000
0.298758	0.983772
0.298758	0.000000
0.298758	0.980492
0.298758	0.982336
0.298758	0.000000
0.298758	0.000000
0.298758	0.993622
0.298758	0.000000
0.176548	0.985104
0.176548	0.972559
0.176548	0.976615
0.176548	0.981803
0.176548	0.973644
0.343407	0.982431
0.343407	0.986587
0.343407	0.982397
0.343407	0.980120
0.343407	0.994937
0.343407	0.992782
0.343407	0.987022
0.343407	0.991237
0.343407	0.999060
0.123843	0.950325
0.123843	0.903132
0.123843	0.947611
0.123843	0.822059
0.123843	0.933235
0.123843	0.981778
0.123843	0.994570
0.140203	0.681424
0.140203	0.659909
0.140203	0.946592
0.140203	0.000000
0.140203	0.000000
0.140203	0.896420
0.140203	0.000000
0.140203	0.908202
0.294924	0.473094
0.294924	0.847247
0.294924	0.434178
0.294924	0.225280
0.294924	0.809331
0.294924	0.350963
0.294924	0.000000
0.294924	0.978252
0.222734	0.000000
0.222734	0.273259
0.222734	0.273259
0.222734	0.273259
0.222734	0.000000
0.222734	0.273259
0.222734	0.337486
0.222734	0.000000
0.222734	0.000000
0.341653	0.000000
0.341653	0.000000
0.341653	0.000000
0.341653	0.000000
0.341653	0.000000
0.341653	0.000000
0.341653	0.000000
0.317858	0.273259
0.317858	0.273259
0.317858	0.273259
0.317858	0.273259
0.317858	0.273259
0.317858	0.273259
0.317858	0.273259
0.317858	0.000000
0.317858	0.000000
0.351423	0.000000
0.351423	0.000000
0.351423	0.000000
0.351423	0.000000
0.351423	0.000000
0.351423	0.000000
0.351423	0.000000
0.351423	0.000000
0.205250	0.000000
0.205250	0.000000
0.205250	0.273259
0.205250	0.000000
0.231038	0.273259
0.231038	0.273259
0.231038	0.273259
0.231038	0.273259
0.231038	0.273259
0.231038	0.000000
0.231038	0.273259
0.231038	0.000000
0.231038	0.000000
0.053415	0.020669
0.053415	0.021481
0.053415	0.056000
0.053415	0.018642
0.053415	0.002398
0.053415	0.030685
0.053415	0.000000
0.173105	0.142673
0.173105	0.279216
0.173105	0.633479
0.173105	0.571111
0.173105	0.042428
0.173105	0.746527
0.173105	0.337348
0.173105	0.099100
0.173105	0.863198
0.173105	0.093406
0.173105	0.101237
0.215642	0.016513
0.215642	0.253001
0.215642	0.079885
0.215642	0.014902
0.215642	0.043534
0.215642	0.120635
0.215642	0.914122
0.215642	0.036364
0.057948	0.273259
0.057948	0.273259
0.057948	0.273259
0.057948	0.273259
0.057948	0.273259
0.057948	0.273259
0.057948	0.273259
0.057948	0.290877
0.270200	0.000610
0.270200	0.003135
0.270200	0.008572
0.270200	0.000954
0.270200	0.087248
0.270200	0.074151
0.270200	0.000491
0.270200	0.597083
0.270200	0.000606
0.270200	0.161476
0.270200	0.007257
0.253174	0.006887
0.253174	0.015186
0.253174	0.013222
0.253174	0.005880
0.253174	0.012957
0.253174	0.148116
0.253174	0.951944
0.166311	0.142979
0.166311	0.273259
0.166311	0.273259
0.166311	0.273259
0.166311	0.273259
0.079992	0.000134
0.079992	0.000363
0.079992	0.001301
0.079992	0.001158
0.079992	0.000072
0.079992	0.000024
0.079992	0.081820
0.079992	0.000000
0.254309	0.273259
0.254309	0.273259
0.254309	0.273259
0.254309	0.273259
0.254309	0.273259
0.254309	0.273259
0.254309	0.273259
0.254309	0.359759
0.254309	0.273259
0.226759	0.000000
0.226759	0.000000
0.226759	0.000000
0.226759	0.000000
0.226759	0.000000
0.226759	0.000000
0.226759	0.000019
0.080310	0.273259
0.080310	0.273259
0.080310	0.273259
0.080310	0.273259
0.080310	0.273259
0.080310	0.000000
0.080310	0.000000
0.080310	0.273259
0.080310	0.000000
0.070846	0.128977
0.070846	0.640021
0.070846	0.154705
0.070846	0.055469
0.070846	0.074054
0.070846	0.409892
0.070846	0.000000
0.070846	0.308020
0.070846	0.000000
0.070846	0.000000
0.070846	0.232734
0.070846	0.000000
0.260867	0.000088
0.260867	0.000267
0.260867	0.002731
0.260867	0.000269
0.260867	0.000678
0.260867	0.003356
0.260867	0.605388
0.260867	0.000000
0.187092	0.273259
0.187092	0.273259
0.187092	0.273259
0.187092	0.273259
0.187092	0.000000
0.187092	0.273259
0.187092	0.000000
0.187092	0.273259
0.187092	0.000000
0.187092	0.000000
0.187092	0.000000
0.165761	0.273259
0.165761	0.000000
0.165761	0.273259
0.165761	0.000000
0.165761	0.000000
0.165761	0.000000
0.165761	0.000000
0.165761	0.000000
0.165761	0.000000
0.165127	0.273259
0.165127	0.000000
0.165127	0.273259
0.165127	0.000000
0.165127	0.000000
0.165127	0.273259
0.165127	0.273259
0.165127	0.000000
0.165127	0.000000
0.165127	0.000000
0.363290	0.000344
0.363290	0.000419
0.363290	0.026891
0.363290	0.000000
0.363290	0.000038
0.363290	0.000000
0.395359	0.000122
0.395359	0.000438
0.395359	0.000130
0.395359	0.000140
0.395359	0.000053
0.395359	0.000046
0.178521	0.273259
0.178521	0.273259
0.178521	0.273259
0.178521	0.000000
0.178521	0.000000
0.178521	0.000000
0.178521	0.000000
0.178521	0.000000
0.178521	0.000000
0.374994	0.028704
0.374994	0.000000
0.374994	0.089977
0.374994	0.042854
0.374994	0.273259
0.374994	0.000000
0.374994	0.000000
0.374994	0.000000
0.374994	0.000000
0.374994	0.000000
0.302205	0.000000
0.302205	0.000000
0.302205	0.000000
0.302205	0.000000
0.302205	0.000000
0.302205	0.000000
0.302205	0.000000
0.302205	0.000000
0.166458	0.039115
0.166458	0.273259
0.166458	0.171893
0.166458	0.079114
0.166458	0.031042
0.166458	0.273259
0.166458	0.233064
0.166458	0.037452
0.166458	0.273259
0.166458	0.273259
0.166458	0.000000
0.242160	0.001073
0.242160	0.000027
0.242160	0.629462
0.242160	0.613595
0.242160	0.000033
0.242160	0.002129
0.242160	0.000015
0.242160	0.019275
0.242160	0.000592
0.242160	0.011427
0.242160	0.000107
0.097059	0.780080
0.097059	0.014883
0.097059	0.984219
0.097059	0.014463
0.097059	0.071910
0.097059	0.009412
0.097059	0.026210
0.097059	0.046415
0.170198	0.959572
0.170198	0.816393
0.170198	0.870418
0.170198	0.884766
0.170198	0.785003
0.170198	0.844855
0.170198	0.807958
0.170198	0.857053
0.198386	0.911289
0.198386	0.944908
0.198386	0.954278
0.198386	0.818334
0.198386	0.989132
0.198386	0.945446
0.156230	0.000000
0.156230	0.000000
0.156230	0.991429
0.156230	0.000000
0.156230	0.000000
0.156230	0.000000
0.156230	0.000000
0.156230	0.000000
0.156230	0.000000
0.156230	0.000000
0.156230	0.000000
0.205307	0.961520
0.205307	0.000000
0.205307	0.972869
0.205307	0.000000
0.205307	0.000000
0.205307	0.000000
0.205307	0.000000
0.205307	0.000000
0.158388	0.981405
0.158388	0.987700
0.158388	0.987544
0.158388	0.979230
0.158388	0.980824
0.158388	0.983131
0.158388	0.981068
0.148053	0.944663
0.148053	0.938987
0.148053	0.949683
0.148053	0.937457
0.148053	0.000000
0.148053	0.000000
0.058792	0.977283
0.058792	0.000000
0.058792	0.965146
0.058792	0.964104
0.058792	0.000000
0.071551	0.985621
0.071551	0.000000
0.071551	0.972898
0.071551	0.000000
0.071551	0.000000
0.071551	0.985465
0.115092	0.930807
0.115092	0.958170
0.115092	0.944321
0.115092	0.932601
0.115092	0.914064
0.115092	0.971475
0.115092	0.940901
0.076068	0.856884
0.076068	0.889419
0.076068	0.871968
0.076068	0.836251
0.076068	0.892701
0.076068	0.889248
0.076068	0.000000
0.076068	0.000000
0.076068	0.000000
0.121097	0.955290
0.121097	0.978784
0.121097	0.967808
0.121097	0.000000
0.121097	0.000000
0.121097	0.000000
0.103741	0.984410
0.103741	0.000000
0.103741	0.984663
0.103741	0.986672
0.103741	0.000000
0.103741	0.988466
0.103741	0.000000
0.103741	0.981362
0.103741	0.000000
0.103741	0.986297
0.103741	0.979360
0.108081	0.847862
0.108081	0.929199
0.108081	0.930056
0.108081	0.897471
0.108081	0.927892
0.108081	0.920298
0.108081	0.950490
0.108081	0.930131
0.103095	0.848704
0.103095	0.866922
0.103095	0.881268
0.103095	0.000000
0.103095	0.851827
0.103095	0.000000
0.103095	0.000000
0.103095	0.000000
0.103095	0.000000
0.101656	0.870648
0.101656	0.000000
0.101656	0.894804
0.101656	0.000000
0.101656	0.000000
0.086366	0.472768
0.086366	0.000000
0.086366	0.529227
0.086366	0.000000
0.086366	0.496179
0.086366	0.000000
0.086366	0.000000
0.086366	0.532721
0.086366	0.000000
0.086366	0.000000
0.086366	0.000000
0.071612	0.907409
0.071612	0.892209
0.071612	0.916495
0.071612	0.894503
0.071612	0.872360
0.071612	0.938783
0.071612	0.923648
0.071612	0.891218
0.071612	0.921272
0.071612	0.000000
0.071612	0.949222
0.071612	0.941052
0.122286	0.830612
0.122286	0.807109
0.122286	0.789588
0.122286	0.751028
0.122286	0.000000
0.122286	0.000000
0.122286	0.000000
0.097915	0.947596
0.097915	0.975298
0.097915	0.951070
0.097915	0.000000
0.097915	0.000000
0.097915	0.967280
0.097915	0.955981
0.097915	0.961586
0.097915	0.974034
0.097915	0.956622
0.097915	0.000000
0.097915	0.956699
0.097915	0.000000
0.097915	0.000000
0.139706	0.141298
0.139706	0.194159
0.139706	0.495130
0.139706	0.318036
0.139706	0.313005
0.139706	0.108571
0.139706	0.854160
0.139706	0.885508
0.078221	0.934677
0.078221	0.944716
0.078221	0.943980
0.078221	0.000000
0.078221	0.919241
0.078221	0.957885
0.078221	0.944457
0.078221	0.000000
0.078221	0.939831
0.078221	0.000000
0.078221	0.957058
0.078221	0.000000
0.067669	0.616999
0.067669	0.000000
0.067669	0.646044
0.067669	0.000000
0.067669	0.000000
0.067669	0.000000
0.067669	0.000000
0.067669	0.000000
0.067669	0.000000
0.134418	0.135219
0.134418	0.412700
0.134418	0.351191
0.134418	0.059143
0.134418	0.078134
0.134418	0.000000
0.134418	0.000000
0.098034	0.905070
0.098034	0.824744
0.098034	0.891748
0.098034	0.873179
0.098034	0.929691
0.098034	0.927137
0.098034	0.901818
0.098034	0.891416
0.098034	0.930308
0.098034	0.940016
0.098034	0.889910
0.089904	0.396359
0.089904	0.342863
0.089904	0.315888
0.089904	0.000000
0.089904	0.000000
0.089904	0.000000
0.089904	0.000000
0.089904	0.000000
0.104467	0.017051
0.104467	0.000000
0.104467	0.008483
0.104467	0.000000
0.104467	0.000000
0.104467	0.000000
0.199150	0.018595
0.199150	0.026850
0.199150	0.193723
0.199150	0.273259
0.199150	0.084115
0.199150	0.273259
0.199150	0.162290
0.199150	0.000000
0.199150	0.000000
0.098613	0.000001
0.098613	0.000003
0.098613	0.000009
0.098613	0.000212
0.098613	0.000000
0.098613	0.000027
0.098613	0.000010
0.086871	0.306713
0.086871	0.317723
0.086871	0.314808
0.086871	0.000000
0.086871	0.309858
0.086871	0.520533
0.086871	0.000000
0.086871	0.000000
0.086871	0.344138
0.145138	0.000000
0.145138	0.000000
0.145138	0.000000
0.145138	0.000006
0.145138	0.000312
0.145138	0.000000
0.145138	0.000032
0.145138	0.000602
0.326987	0.000000
0.326987	0.089449
0.326987	0.018363
0.326987	0.000000
0.326987	0.273259
0.326987	0.014781
0.326987	0.165551
0.326987	0.000000
0.326987	0.000000
0.379073	0.000707
0.379073	0.000000
0.379073	0.001088
0.379073	0.000176
0.379073	0.006326
0.379073	0.001568
0.379073	0.000000
0.379073	0.273259
0.129443	0.000000
0.129443	0.000171
0.129443	0.000922
0.129443	0.073626
0.129443	0.000000
0.129443	0.000000
0.129443	0.000309
0.129443	0.011905
0.129443	0.116695
0.256230	0.000000
0.256230	0.000000
0.256230	0.000000
0.256230	0.000000
0.256230	0.000000
0.256230	0.000000
0.256230	0.000000
0.152414	0.000000
0.152414	0.000000
0.152414	0.000000
0.152414	0.000000
0.152414	0.000000
0.152414	0.000000
0.152414	0.000000
0.214927	0.000022
0.214927	0.000008
0.214927	0.000013
0.214927	0.000040
0.214927	0.000017
0.214927	0.000033
0.214927	0.000029
0.214927	0.000020
0.214927	0.000000
0.075215	0.000000
0.075215	0.000000
0.075215	0.000000
0.075215	0.000000
0.075215	0.000000
0.075215	0.000000
0.075215	0.000000
0.075215	0.000000
0.245828	0.000000
0.245828	0.000000
0.245828	0.000000
0.245828	0.000000
0.245828	0.000000
0.245828	0.000000
0.245828	0.000000
0.245828	0.000000
0.100630	0.108351
0.100630	0.020911
0.100630	0.117456
0.100630	0.000000
0.100630	0.273259
0.100630	0.016314
0.100630	0.032276
0.100630	0.000000
0.100630	0.273259
0.314283	0.273259
0.314283	0.000000
0.314283	0.273259
0.314283	0.000000
0.314283	0.000000
0.314283	0.000000
0.314283	0.000000
0.314283	0.000000
0.042316	0.000000
0.042316	0.000000
0.042316	0.000001
0.042316	0.000000
0.042316	0.000000
0.042316	0.000002
0.042316	0.000000
0.085551	0.000000
0.085551	0.000000
0.085551	0.000000
0.085551	0.000000
0.085551	0.000000
0.085551	0.000000
0.085551	0.000000
0.085551	0.000000
0.080559	0.000519
0.080559	0.000435
0.080559	0.001486
0.080559	0.000587
0.080559	0.033403
0.080559	0.001175
0.080559	0.000000
0.080559	0.000000
0.080559	0.000000
0.114848	0.000000
0.114848	0.000000
0.114848	0.000000
0.114848	0.000000
0.114848	0.000000
0.114848	0.000000
0.114848	0.000000
0.192171	0.000002
0.192171	0.000012
0.192171	0.000003
0.192171	0.000041
0.192171	0.000000
0.385503	0.273259
0.385503	0.059472
0.385503	0.024080
0.385503	0.000000
0.385503	0.000000
0.186525	0.851845
0.186525	0.801056
0.186525	0.800752
0.186525	0.000000
0.186525	0.603687
0.186525	0.807861
0.186525	0.608982
0.186525	0.789946
0.186525	0.798988
0.186525	0.794846
0.186525	0.000000
0.186525	0.000000
0.186525	0.000000
0.186525	0.000000
0.257811	0.000000
0.257811	0.000000
0.257811	0.430979
0.257811	0.000000
0.257811	0.000000
0.156369	0.841534
0.156369	0.000000
0.156369	0.874079
0.156369	0.000000
0.156369	0.000000
0.156369	0.000000
0.156369	0.896282
0.156369	0.000000
0.156369	0.000000
0.173448	0.654150
0.173448	0.661283
0.173448	0.672339
0.173448	0.655865
0.173448	0.000000
0.173448	0.000000
0.173448	0.000000
0.173448	0.000000
0.428650	0.460805
0.428650	0.532630
0.428650	0.446479
0.428650	0.000000
0.428650	0.000000
0.428650	0.000000
0.428650	0.000000
0.107265	0.462855
0.107265	0.000000
0.107265	0.520786
0.107265	0.000000
0.107265	0.000000
0.156362	0.902061
0.156362	0.946059
0.156362	0.929698
0.156362	0.952720
0.156362	0.924711
0.156362	0.942127
0.156362	0.000000
0.156362	0.935072
0.156362	0.000000
0.156362	0.000000
0.156362	0.961224
0.156362	0.000000
0.412122	0.273259
0.412122	0.273259
0.412122	0.273259
0.412122	0.273259
0.412122	0.273259
0.412122	0.273259
0.412122	0.273259
0.412122	0.273259
0.412122	0.273259
0.138665	0.014814
0.138665	0.018481
0.138665	0.533224
0.138665	0.000000
0.138665	0.000000
0.138665	0.000000
0.138665	0.000000
0.138665	0.000000
0.138665	0.000000
0.138665	0.000000
0.138665	0.000000
0.138665	0.000000
0.138665	0.000000
0.138665	0.803445
0.208595	0.273259
0.208595	0.339342
0.208595	0.273259
0.208595	0.260169
0.208595	0.324841
0.338860	0.553588
0.338860	0.075668
0.338860	0.363294
0.338860	0.459710
0.338860	0.829760
0.338860	0.000000
0.338860	0.000000
0.234371	0.000001
0.234371	0.000000
0.234371	0.000000
0.234371	0.000001
0.234371	0.003830
0.234371	0.000000
0.234371	0.000000
0.217500	0.000019
0.217500	0.000000
0.217500	0.000045
0.217500	0.000009
0.193410	0.000000
0.193410	0.273259
0.193410	0.076629
0.193410	0.273259
0.193410	0.000000
0.193410	0.221381
0.193410	0.000000
0.193410	0.375302
0.193410	0.000000
0.193410	0.273259
0.078323	0.000000
0.078323	0.000000
0.078323	0.000000
0.078323	0.000013
0.294035	0.000012
0.294035	0.000283
0.294035	0.000051
0.294035	0.000002
0.294035	0.000023
0.294035	0.000005
0.294035	0.010570
0.294035	0.000629
0.128541	0.000000
0.128541	0.000000
0.128541	0.000000
0.128541	0.000000
0.128541	0.000000
0.128541	0.000000
0.128541	0.000005
0.128541	0.000000
0.116286	0.000000
0.116286	0.000000
0.116286	0.000000
0.116286	0.000000
0.116286	0.000000
0.116286	0.000000
0.116286	0.000000
0.116286	0.000000
0.116286	0.000000
0.116286	0.000000
0.116286	0.000000
0.116286	0.000000
0.136281	0.000000
0.136281	0.000000
0.136281	0.000000
0.136281	0.000000
0.136281	0.000000
0.136281	0.000000
0.136281	0.000000
0.254686	0.000000
0.254686	0.000000
0.254686	0.000000
0.254686	0.000000
0.254686	0.000000
0.105929	0.000000
0.105929	0.000000
0.105929	0.000000
0.105929	0.000000
0.105929	0.000000
0.105929	0.000000
0.105929	0.000000
0.105929	0.000000
0.256192	0.000000
0.256192	0.000000
0.256192	0.000000
0.256192	0.000000
0.256192	0.000000
0.256192	0.000000
0.256192	0.000000
0.256192	0.000000
0.256192	0.000000
0.256192	0.000000
0.256192	0.000000
0.256192	0.000000
0.196264	0.000000
0.196264	0.000000
0.196264	0.000000
0.196264	0.000000
0.230982	0.000000
0.230982	0.000000
0.230982	0.000000
0.230982	0.000000
0.230982	0.000000
0.230982	0.000000
0.122517	0.000000
0.122517	0.000000
0.122517	0.000000
0.122517	0.000000
0.115517	0.000002
0.115517	0.000007
0.115517	0.000006
0.115517	0.000000
0.115517	0.000467
0.115517	0.000005
0.115517	0.003890
0.115517	0.000057
0.115517	0.000064
0.077783	0.000000
0.077783	0.000000
0.077783	0.000000
0.077783	0.000000
0.077783	0.000000
0.077783	0.000000
0.077783	0.000000
0.077783	0.000000
0.340231	0.000029
0.340231	0.000041
0.340231	0.000024
0.340231	0.000005
0.340231	0.000000
0.340231	0.001667
0.340231	0.000000
0.340231	0.000000
0.340231	0.000000
0.105109	0.001417
0.105109	0.005281
0.105109	0.001869
0.105109	0.000855
0.105109	0.000000
0.105109	0.000000
0.105109	0.000000
0.105109	0.000000
0.105109	0.000000
0.095924	0.000000
0.095924	0.000000
0.095924	0.000000
0.095924	0.000000
0.095924	0.000000
0.095924	0.000000
0.095924	0.000000
0.095924	0.000000
0.166994	0.000000
0.166994	0.000000
0.166994	0.000000
0.166994	0.000000
0.166994	0.000000
0.166994	0.000000
0.166994	0.000000
0.166955	0.010966
0.166955	0.000000
0.166955	0.050737
0.166955	0.000000
0.166955	0.000000
0.166955	0.000000
0.166955	0.000000
0.166955	0.000000
0.166955	0.000000
0.118954	0.016818
0.118954	0.000000
0.118954	0.000000
0.118954	0.000000
0.118954	0.000000
0.118954	0.000000
0.118954	0.094776
0.118954	0.232655
0.118954	0.000000
0.063952	0.000000
0.063952	0.000000
0.063952	0.000010
0.063952	0.000000
0.184741	0.000000
0.184741	0.000000
0.184741	0.000000
0.184741	0.000000
0.184741	0.000000
0.184741	0.000000
0.184741	0.000000
0.184741	0.000000
0.184741	0.000000
0.184741	0.000000
0.184741	0.000000
0.184741	0.000000
0.112526	0.003487
0.112526	0.005231
0.112526	0.007200
0.112526	0.001723
0.112526	0.000000
0.112526	0.015462
0.112526	0.000000
0.112526	0.000000
0.112526	0.000000
0.112526	0.000000
0.112526	0.000000
0.147841	0.000000
0.147841	0.000000
0.147841	0.000000
0.147841	0.000000
0.147841	0.000000
0.147841	0.000000
0.147841	0.000000
0.147841	0.000000
0.147841	0.000000
0.147841	0.000005
0.147841	0.000000
0.147841	0.000000
0.130677	0.001094
0.130677	0.000000
0.130677	0.000000
0.130677	0.000000
0.130677	0.000000
0.130677	0.000000
0.130677	0.000000
0.130677	0.000000
0.130677	0.000000
0.130677	0.000000
0.130677	0.000003
0.080528	0.000000
0.080528	0.000000
0.080528	0.000000
0.080528	0.000000
0.080528	0.000000
0.080528	0.000038
0.080528	0.000000
0.116244	0.401185
0.116244	0.334604
0.116244	0.655939
0.116244	0.453827
0.116244	0.072079
0.116244	0.836615
0.260582	0.986533
0.260582	0.975469
0.260582	0.978365
0.260582	0.986843
0.260582	0.987875
0.260582	0.000000
0.260582	0.000000
0.260582	0.000000
0.277923	0.970242
0.277923	0.971637
0.277923	0.945981
0.277923	0.986311
0.379337	0.976123
0.379337	0.964372
0.379337	0.967490
0.379337	0.969034
0.379337	0.983507
0.379337	0.988649
0.379337	0.982188
0.379337	0.000000
0.195879	0.948805
0.195879	0.942847
0.195879	0.955317
0.195879	0.981052
0.195879	0.965213
0.195879	0.953432
0.195879	0.938922
0.195879	0.965340
0.412829	0.088974
0.412829	0.267723
0.412829	0.153772
0.412829	0.989090
0.412829	0.947328
0.412829	0.010321
0.412829	0.000922
0.412829	0.861097
0.367052	0.393989
0.367052	0.909398
0.367052	0.362087
0.367052	0.836423
0.231395	0.715490
0.231395	0.863480
0.231395	0.828213
0.231395	0.905664
0.231395	0.150023
0.301038	0.023966
0.301038	0.141420
0.301038	0.016996
0.301038	0.426324
0.301038	0.223942
0.301038	0.760269
0.301038	0.099702
0.234556	0.000000
0.234556	0.000000
0.234556	0.000000
0.234556	0.000000
0.234556	0.000000
0.234556	0.000004
0.234556	0.000000
0.234556	0.000000
0.234581	0.012539
0.234581	0.083239
0.234581	0.012281
0.234581	0.012213
0.234581	0.084498
0.234581	0.080183
0.234581	0.000000
0.234581	0.215559
0.187863	0.000000
0.187863	0.011063
0.187863	0.008589
0.187863	0.004622
0.187863	0.003593
0.187863	0.000000
0.187863	0.000000
0.187863	0.000000
0.187863	0.000000
0.102382	0.273259
0.102382	0.273259
0.102382	0.273259
0.102382	0.273259
0.102382	0.273259
0.102382	0.273259
0.102382	0.273259
0.102382	0.273259
0.102382	0.000000
0.102382	0.000000
0.102382	0.000000
0.080499	0.000000
0.080499	0.000000
0.080499	0.000000
0.080499	0.000000
0.080499	0.000000
0.080499	0.000000
0.080499	0.000000
0.089322	0.000000
0.089322	0.000000
0.089322	0.000000
0.089322	0.000000
0.089322	0.000000
0.089322	0.000000
0.089322	0.000000
0.089322	0.000000
0.073303	0.000043
0.073303	0.004324
0.073303	0.000494
0.073303	0.000140
0.073303	0.000000
0.050630	0.000037
0.050630	0.002439
0.050630	0.003028
0.050630	0.000114
0.050630	0.000025
0.050630	0.000328
0.050630	0.000000
0.050630	0.000417
0.050630	0.000000
0.050630	0.003644
0.050630	0.000076
0.050630	0.000000
0.130954	0.273259
0.130954	0.240787
0.130954	0.155994
0.130954	0.000000
0.130954	0.273259
0.130954	0.000000
0.130954	0.000000
0.130954	0.000000
0.130954	0.000000
0.049422	0.273259
0.049422	0.000000
0.049422	0.273259
0.049422	0.000000
0.049422	0.000000
0.049422	0.000000
0.049422	0.000000
0.049422	0.000000
0.049422	0.000000
0.055967	0.273259
0.055967	0.000000
0.055967	0.273259
0.055967	0.000000
0.055967	0.273259
0.055967	0.273259
0.055967	0.000000
0.055967	0.000000
0.055967	0.000000
0.117595	0.009006
0.117595	0.010059
0.117595	0.014840
0.117595	0.273259
0.117595	0.000000
0.117595	0.273259
0.117595	0.000000
0.117595	0.000000
0.117595	0.000000
0.090386	0.000000
0.090386	0.000000
0.090386	0.000000
0.090386	0.000005
0.090386	0.000000
0.090386	0.000000
0.090386	0.000000
0.090386	0.000000
0.113339	0.000000
0.113339	0.000000
0.113339	0.000008
0.113339	0.000011
0.113339	0.000000
0.113339	0.000000
0.113339	0.000000
0.113339	0.000000
0.155685	0.000000
0.155685	0.000000
0.155685	0.000000
0.155685	0.000000
0.155685	0.000000
0.155685	0.000000
0.155685	0.000000
0.155685	0.000000
0.155685	0.000000
0.155685	0.000000
0.155685	0.000000
0.080513	0.000000
0.080513	0.000000
0.080513	0.000000
0.080513	0.000000
0.080513	0.000000
0.080513	0.000000
0.080513	0.000000
0.080513	0.000001
0.135794	0.273259
0.135794	0.054457
0.135794	0.092871
0.135794	0.079969
0.135794	0.009696
0.135794	0.273259
0.135794	0.128626
0.135794	0.273259
0.135794	0.273259
0.180857	0.000001
0.180857	0.000000
0.180857	0.000003
0.180857	0.000000
0.180857	0.000000
0.180857	0.023609
0.180857	0.000000
0.222824	0.020854
0.222824	0.021493
0.222824	0.030391
0.222824	0.010128
0.222824	0.000810
0.222824	0.000360
0.207744	0.437814
0.207744	0.274855
0.207744	0.295612
0.207744	0.442906
0.207744	0.000000
0.207744	0.000000
0.207744	0.000000
0.207744	0.000000
0.207744	0.000000
0.207744	0.000000
0.207744	0.000000
0.302983	0.838474
0.302983	0.824683
0.302983	0.859621
0.302983	0.000000
0.302983	0.843491
0.302983	0.746141
0.302983	0.755364
0.302983	0.915079
0.302983	0.874825
0.302983	0.822253
0.302983	0.858822
0.237107	0.996098
0.237107	0.996318
0.237107	0.995851
0.237107	0.995276
0.237107	0.000000
0.237107	0.996789
0.237107	0.000000
0.380444	0.998604
0.380444	0.997695
0.380444	0.000000
0.380444	0.000000
0.380444	0.000000
0.380444	0.000000
0.380444	0.000000
0.380444	0.000000
0.380444	0.000000
0.533619	0.000000
0.533619	0.000000
0.533619	0.998618
0.533619	0.000000
0.533619	0.000000
0.533619	0.000000
0.481236	0.996327
0.481236	0.998275
0.481236	0.997501
0.481236	0.997714
0.481236	0.998343
0.481236	0.997806
0.481236	0.000000
0.481236	0.998309
0.351938	0.998741
0.351938	0.998549
0.351938	0.998651
0.351938	0.998395
0.351938	0.998303
0.351938	0.998674
0.351938	0.000000
0.351938	0.000000
0.351938	0.000000
0.466429	0.999350
0.466429	0.999414
0.466429	0.000000
0.466429	0.000000
0.466429	0.000000
0.466429	0.000000
0.466429	0.000000
0.466429	0.000000
0.466429	0.000000
0.538781	0.000000
0.538781	0.000000
0.538781	0.998058
0.538781	0.997294
0.388209	0.000000
0.388209	0.273259
0.388209	0.273259
0.388209	0.273259
0.109073	0.273259
0.109073	0.273259
0.109073	0.273259
0.109073	0.273259
0.109073	0.273259
0.109073	0.273259
0.109073	0.273259
0.109073	0.273259
0.109073	0.273259
0.109073	0.273259
0.250968	0.000184
0.250968	0.000109
0.250968	0.000299
0.250968	0.025308
0.250968	0.009524
0.250968	0.000038
0.250968	0.071147
0.250968	0.000123
0.141515	0.000157
0.141515	0.000779
0.141515	0.000336
0.141515	0.000158
0.141515	0.000042
0.134269	0.273259
0.134269	0.273259
0.134269	0.273259
0.134269	0.273259
0.134269	0.273259
0.134269	0.273259
0.134269	0.273259
0.134269	0.000000
0.134269	0.273259
0.134269	0.000000
0.134269	0.000000
0.182419	0.011118
0.182419	0.000000
0.182419	0.053822
0.182419	0.020772
0.182419	0.000000
0.182419	0.024026
0.182419	0.000000
0.182419	0.000000
0.182419	0.000000
0.159238	0.000000
0.159238	0.000004
0.159238	0.000019
0.159238	0.000000
0.159238	0.000032
0.159238	0.000000
0.159238	0.000000
0.227911	0.000000
0.227911	0.000000
0.227911	0.000000
0.227911	0.000001
0.227911	0.000000
0.227911	0.000000
0.227911	0.000000
0.130258	0.000000
0.130258	0.058110
0.130258	0.256281
0.130258	0.000000
0.130258	0.000000
0.130258	0.000000
0.130258	0.000000
0.130258	0.000000
0.130258	0.000000
0.130258	0.000000
0.130258	0.000000
0.130258	0.000000
0.430347	0.000026
0.430347	0.000000
0.430347	0.000031
0.430347	0.000023
0.430347	0.000000
0.430347	0.000000
0.430347	0.000000
0.347357	0.000000
0.347357	0.273259
0.347357	0.273259
0.347357	0.000000
0.347357	0.000000
0.347357	0.000000
0.347357	0.000000
0.347357	0.000000
0.347357	0.000000
0.635707	0.000000
0.635707	0.273259
0.635707	0.273259
0.635707	0.000000
0.446188	0.273259
0.446188	0.000000
0.446188	0.273259
0.446188	0.273259
0.446188	0.000000
0.446188	0.000000
0.446188	0.000000
0.446188	0.000000
0.446188	0.000000
0.327688	0.000000
0.327688	0.000000
0.327688	0.000000
0.327688	0.000000
0.327688	0.000000
0.327688	0.000000
0.327688	0.000000
0.327688	0.000000
0.210411	0.000000
0.210411	0.000000
0.210411	0.000000
0.210411	0.000000
0.318885	0.000000
0.318885	0.000000
0.318885	0.000000
0.318885	0.000000
0.318885	0.273259
0.318885	0.000000
0.318885	0.000000
0.318885	0.000000
0.318885	0.000000
0.314894	0.273259
0.314894	0.000000
0.314894	0.273259
0.314894	0.000000
0.314894	0.000000
0.314894	0.000000
0.314894	0.000000
0.441414	0.000000
0.441414	0.273259
0.441414	0.273259
0.441414	0.000000
0.441414	0.000000
0.441414	0.000000
0.441414	0.273259
0.441414	0.000000
0.248800	0.273259
0.248800	0.000000
0.248800	0.273259
0.248800	0.273259
0.248800	0.000000
0.406491	0.000000
0.406491	0.273259
0.406491	0.273259
0.406491	0.000000
0.406491	0.000000
0.406491	0.000000
0.406491	0.000000
0.406491	0.000000
0.406491	0.000000
0.226476	0.018704
0.226476	0.000000
0.226476	0.034636
0.226476	0.037135
0.226476	0.000000
0.226476	0.000000
0.226476	0.000000
0.226476	0.273259
0.226476	0.000000
0.287507	0.000000
0.287507	0.273259
0.287507	0.273259
0.287507	0.000000
0.287507	0.000000
0.287507	0.000000
0.287507	0.000000
0.287507	0.000000
0.287507	0.000000
0.287507	0.000000
0.287507	0.000000
0.119932	0.000000
0.119932	0.000000
0.119932	0.000000
0.119932	0.000000
0.119932	0.000000
0.119932	0.000000
0.119932	0.000000
0.198100	0.000000
0.198100	0.000000
0.198100	0.000000
0.198100	0.000000
0.198100	0.000000
0.198100	0.000000
0.198100	0.000000
0.198100	0.000000
0.186263	0.000000
0.186263	0.000000
0.186263	0.000000
0.186263	0.000000
0.186263	0.000064
0.186263	0.000000
0.186263	0.000000
0.186263	0.000000
0.215438	0.000028
0.215438	0.000001
0.215438	0.000005
0.215438	0.002927
0.215438	0.000694
0.215438	0.000002
0.215438	0.001145
0.215438	0.011067
0.201267	0.273259
0.201267	0.273259
0.201267	0.273259
0.201267	0.273259
0.201267	0.299173
0.201267	0.273259
0.201267	0.273259
0.201267	0.273259
0.201267	0.273259
0.201267	0.329241
0.201267	0.273259
0.284459	0.273259
0.284459	0.273259
0.284459	0.273259
0.284459	0.273259
0.284459	0.000000
0.284459	0.374476
0.284459	0.000000
0.284459	0.000000
0.284459	0.000000
0.246051	0.273259
0.246051	0.273259
0.246051	0.273259
0.246051	0.000000
0.246051	0.000000
0.246051	0.273259
0.140945	0.273259
0.140945	0.000000
0.140945	0.273259
0.140945	0.000000
0.140945	0.000000
0.160844	0.273259
0.160844	0.273259
0.160844	0.273259
0.160844	0.273259
0.160844	0.273259
0.160844	0.273259
0.160844	0.273259
0.160844	0.273259
0.160844	0.321778
0.194912	0.213554
0.194912	0.121660
0.194912	0.273259
0.194912	0.000000
0.194912	0.000000
0.194912	0.000000
0.237948	0.273259
0.237948	0.000000
0.237948	0.273259
0.237948	0.273259
0.237948	0.000000
0.237948	0.000000
0.237948	0.273259
0.169423	0.000000
0.169423	0.000000
0.169423	0.475277
0.169423	0.000000
0.169423	0.000000
0.169423	0.000000
0.169423	0.000000
0.169423	0.000000
0.169423	0.000000
0.191923	0.600816
0.191923	0.000000
0.191923	0.489192
0.191923	0.000000
0.191923	0.000000
0.291473	0.273259
0.291473	0.291596
0.291473	0.000000
0.291473	0.273259
0.291473	0.273259
0.291473	0.285867
0.291473	0.000000
0.291473	0.000000
0.195070	0.000000
0.195070	0.000000
0.195070	0.836539
0.195070	0.974721
0.195070	0.000000
0.195070	0.000000
0.195070	0.000000
0.195070	0.000000
0.195070	0.000000
0.092615	0.414680
0.092615	0.000000
0.092615	0.319575
0.092615	0.431242
0.092615	0.000000
0.092615	0.534189
0.231979	0.445254
0.231979	0.608351
0.231979	0.473914
0.231979	0.610133
0.231979	0.000000
0.231979	0.586035
0.231979	0.508075
0.231979	0.000000
0.231979	0.455749
0.231979	0.426974
0.231979	0.407056
0.340373	0.610471
0.340373	0.581734
0.340373	0.765199
0.340373	0.000000
0.340373	0.000000
0.340373	0.781355
0.340373	0.000000
0.340373	0.000000
0.340373	0.000000
0.130116	0.529394
0.130116	0.000000
0.130116	0.560956
0.130116	0.605309
0.130116	0.000000
0.130116	0.000000
0.130116	0.000000
0.130116	0.000000
0.211605	0.989130
0.211605	0.985472
0.211605	0.987569
0.211605	0.993952
0.211605	0.984948
0.211605	0.993456
0.211605	0.984679
0.211605	0.000000
0.234241	0.918477
0.234241	0.000000
0.234241	0.000000
0.234241	0.000000
0.234241	0.000000
0.234241	0.000000
0.234241	0.000000
0.234241	0.000000
0.137233	0.273259
0.137233	0.000000
0.137233	0.273259
0.137233	0.485238
0.137233	0.000000
0.137233	0.000000
0.137233	0.000000
0.137233	0.000000
0.137233	0.000000
0.153565	0.273259
0.153565	0.273259
0.153565	0.273259
0.153565	0.273259
0.153565	0.289721
0.153565	0.273259
0.153565	0.273259
0.153565	0.273259
0.153565	0.296728
0.153565	0.273259
0.153565	0.273259
0.153565	0.273259
0.207054	0.273259
0.207054	0.273259
0.207054	0.273259
0.207054	0.273259
0.207054	0.273259
0.207054	0.000000
0.155439	0.273259
0.155439	0.136487
0.155439	0.273259
0.155439	0.273259
0.155439	0.189765
0.155439	0.273259
0.155439	0.273259
0.155439	0.189814
0.155439	0.273259
0.155439	0.273259
0.155439	0.409187
0.272086	0.398139
0.272086	0.484206
0.272086	0.377548
0.272086	0.367976
0.272086	0.565454
0.272086	0.386900
0.272086	0.000000
0.272086	0.240034
0.272086	0.491706
0.272086	0.300894
0.272086	0.496312
0.287761	0.273259
0.287761	0.273259
0.287761	0.273259
0.287761	0.000000
0.287761	0.568243
0.287761	0.273259
0.287761	0.330957
0.287761	0.356986
0.097376	0.976011
0.097376	0.992605
0.097376	0.993114
0.097376	0.995853
0.097376	0.955419
0.097376	0.973300
0.097376	0.911481
0.163396	0.263766
0.163396	0.273259
0.163396	0.273259
0.163396	0.273259
0.163396	0.273259
0.163396	0.273259
0.163396	0.606867
0.163396	0.000000
0.074795	0.027367
0.074795	0.009602
0.074795	0.048920
0.074795	0.082562
0.074795	0.003715
0.074795	0.051249
0.074795	0.062366
0.074795	0.230527
0.140362	0.000000
0.140362	0.000000
0.140362	0.000000
0.140362	0.000000
0.140362	0.000000
0.140362	0.000000
0.140362	0.040349
0.140362	0.000020
0.132926	0.000000
0.132926	0.000000
0.132926	0.000003
0.132926	0.000000
0.132926	0.002637
0.132926	0.000002
0.132926	0.000001
0.132926	0.000000
0.132926	0.000000
0.132926	0.000000
0.132926	0.000053
0.132926	0.000000
0.132926	0.000000
0.132926	0.000000
0.186069	0.000000
0.186069	0.000000
0.186069	0.000000
0.186069	0.000000
0.186069	0.000000
0.186069	0.000000
0.186069	0.000000
0.186069	0.000000
0.133304	0.001728
0.133304	0.000406
0.133304	0.000818
0.133304	0.000852
0.133304	0.001227
0.133304	0.000485
0.133304	0.000000
0.133304	0.001530
0.133304	0.000564
0.133304	0.000000
0.133304	0.018294
0.106549	0.000000
0.106549	0.000000
0.106549	0.000000
0.106549	0.000000
0.106549	0.000000
0.106549	0.000000
0.106549	0.000000
0.106549	0.000000
0.100545	0.000000
0.100545	0.000000
0.100545	0.000000
0.100545	0.000000
0.100545	0.000000
0.100545	0.000000
0.100545	0.000000
0.107765	0.000000
0.107765	0.000000
0.107765	0.000000
0.107765	0.000000
0.107765	0.000000
0.107765	0.000000
0.107765	0.000000
0.095559	0.000000
0.095559	0.000000
0.095559	0.000000
0.095559	0.000000
0.095559	0.000000
0.095559	0.000000
0.095559	0.000000
0.095559	0.000000
0.249405	0.000000
0.249405	0.000000
0.249405	0.000000
0.249405	0.000000
0.249405	0.000000
0.249405	0.000000
0.249405	0.000000
0.249405	0.000000
0.098608	0.000000
0.098608	0.000008
0.098608	0.000004
0.098608	0.000001
0.098608	0.005063
0.098608	0.000000
0.098608	0.000000
0.098608	0.000000
0.098608	0.000000
0.135278	0.000000
0.135278	0.000000
0.135278	0.000000
0.135278	0.000000
0.135278	0.000000
0.135278	0.000000
0.135278	0.000000
0.183471	0.000321
0.183471	0.000005
0.183471	0.000000
0.183471	0.000000
0.183471	0.000000
0.183471	0.000000
0.183471	0.000000
0.183471	0.000000
0.183471	0.000000
0.076519	0.000002
0.076519	0.000000
0.076519	0.000053
0.076519	0.000000
0.076519	0.000000
0.076519	0.000000
0.076519	0.000000
0.076519	0.000000
0.076519	0.000000
0.175516	0.000000
0.175516	0.000000
0.175516	0.000000
0.175516	0.000000
0.175516	0.000000
0.175516	0.000000
0.175516	0.000000
0.175516	0.000000
0.175516	0.000000
0.175516	0.000000
0.211220	0.000000
0.211220	0.000000
0.211220	0.000000
0.211220	0.000000
0.125331	0.000000
0.125331	0.000000
0.125331	0.000000
0.125331	0.000000
0.122107	0.000000
0.122107	0.000000
0.122107	0.000000
0.122107	0.000000
0.122107	0.000000
0.122107	0.000000
0.122107	0.000000
0.091371	0.000000
0.091371	0.000000
0.091371	0.000000
0.091371	0.000000
0.091371	0.000000
0.091371	0.000000
0.091371	0.000011
0.091371	0.000000
0.129053	0.000000
0.129053	0.000000
0.129053	0.000000
0.129053	0.000000
0.129053	0.000000
0.129053	0.000000
0.129053	0.000000
0.134900	0.000000
0.134900	0.000000
0.134900	0.000000
0.134900	0.000000
0.134900	0.000000
0.134900	0.000000
0.134900	0.000000
0.134900	0.000000
0.272280	0.000000
0.272280	0.000000
0.272280	0.000000
0.272280	0.000000
0.272280	0.000000
0.272280	0.000000
0.272280	0.000000
0.211762	0.000000
0.211762	0.000000
0.211762	0.000000
0.211762	0.000000
0.211762	0.000000
0.211762	0.000000
0.211762	0.000000
0.111656	0.000000
0.111656	0.000000
0.111656	0.000000
0.111656	0.000000
0.111656	0.000000
0.111656	0.000000
0.111656	0.000000
0.111656	0.000000
0.141633	0.273259
0.141633	0.151137
0.141633	0.273259
0.141633	0.000000
0.141633	0.273259
0.141633	0.115556
0.141633	0.273259
0.141633	0.273259
0.141633	0.000000
0.141633	0.273259
0.141633	0.000000
0.265294	0.108980
0.265294	0.273259
0.265294	0.147278
0.265294	0.085707
0.265294	0.130566
0.265294	0.273259
0.265294	0.000000
0.265294	0.000000
0.271721	0.000000
0.271721	0.273259
0.271721	0.273259
0.271721	0.000000
0.271721	0.000000
0.271721	0.000000
0.271721	0.000000
0.271721	0.000000
0.271721	0.000000
0.257477	0.772609
0.257477	0.000000
0.257477	0.762111
0.257477	0.777439
0.257477	0.903298
0.257477	0.000000
0.257477	0.000000
0.257477	0.000000
0.257477	0.000000
0.102316	0.765809
0.102316	0.671416
0.102316	0.698395
0.102316	0.801490
0.102316	0.582302
0.102316	0.816409
0.102316	0.000000
0.181554	0.025105
0.181554	0.137568
0.181554	0.070535
0.181554	0.748306
0.181554	0.031745
0.181554	0.000621
0.181554	0.007495
0.048927	0.725922
0.048927	0.778525
0.048927	0.741494
0.048927	0.682329
0.048927	0.704721
0.048927	0.781156
0.048927	0.856004
0.048927	0.000000
0.152892	0.990555
0.152892	0.986305
0.152892	0.983387
0.152892	0.000000
0.152892	0.000000
0.152892	0.000000
0.076555	0.998069
0.076555	0.000000
0.076555	0.997743
0.076555	0.000000
0.076555	0.000000
0.076555	0.000000
0.084678	0.983686
0.084678	0.000000
0.084678	0.987887
0.084678	0.983859
0.084678	0.000000
0.084678	0.000000
0.084678	0.000000
0.084678	0.000000
0.071330	0.000000
0.071330	0.992883
0.071330	0.993547
0.071330	0.000000
0.071330	0.000000
0.071330	0.000000
0.078081	0.967333
0.078081	0.000000
0.078081	0.975660
0.078081	0.000000
0.078081	0.000000
0.143893	0.783320
0.143893	0.000000
0.143893	0.762051
0.143893	0.000000
0.143893	0.685175
0.143893	0.669105
0.163266	0.273259
0.163266	0.000000
0.163266	0.273259
0.163266	0.273259
0.163266	0.000000
0.163266	0.000000
0.163266	0.000000
0.273750	0.000000
0.273750	0.273259
0.273750	0.273259
0.273750	0.273259
0.273750	0.273259
0.273750	0.000000
0.273750	0.000000
0.273750	0.000000
0.273750	0.000000
0.167632	0.000000
0.167632	0.000000
0.167632	0.000000
0.167632	0.000000
0.167632	0.000000
0.167632	0.000000
0.167632	0.000000
0.137689	0.000000
0.137689	0.000000
0.137689	0.000003
0.137689	0.000010
0.137689	0.000000
0.137689	0.000004
0.137689	0.000001
0.137689	0.000000
0.137689	0.000000
0.137689	0.000000
0.137689	0.000003
0.137689	0.000000
0.356105	0.002795
0.356105	0.004087
0.356105	0.002309
0.356105	0.000906
0.356105	0.004396
0.356105	0.011601
0.356105	0.002582
0.356105	0.000000
0.356105	0.000000
0.124582	0.000000
0.124582	0.000000
0.124582	0.000000
0.124582	0.000000
0.124582	0.000000
0.124582	0.000000
0.124582	0.000000
0.124582	0.000000
0.179677	0.000845
0.179677	0.001043
0.179677	0.001350
0.179677	0.000543
0.179677	0.000000
0.179677	0.000055
0.179677	0.000000
0.179677	0.000000
0.179677	0.000000
0.065536	0.000000
0.065536	0.000000
0.065536	0.000000
0.065536	0.000000
0.065536	0.000000
0.065536	0.000012
0.065536	0.000000
0.174058	0.000098
0.174058	0.000001
0.174058	0.000005
0.174058	0.000021
0.174058	0.058286
0.155443	0.004223
0.155443	0.000007
0.155443	0.000003
0.155443	0.000572
0.092043	0.000000
0.092043	0.000000
0.092043	0.000000
0.092043	0.000004
0.092043	0.009587
0.055767	0.000000
0.055767	0.000000
0.055767	0.000000
0.055767	0.000000
0.055767	0.000000
0.137310	0.000000
0.137310	0.000000
0.137310	0.000000
0.137310	0.000000
0.137310	0.000000
0.137310	0.000000
0.137310	0.000000
0.137310	0.000000
0.160774	0.000000
0.160774	0.000000
0.160774	0.000230
0.160774	0.000000
0.160774	0.000000
0.139199	0.000000
0.139199	0.000000
0.139199	0.000000
0.139199	0.000000
0.139199	0.000000
0.139199	0.000000
0.139199	0.000000
0.139199	0.000000
0.139199	0.000000
0.139199	0.000000
0.139199	0.000000
0.118526	0.000000
0.118526	0.002072
0.118526	0.000052
0.118526	0.000000
0.118526	0.000000
0.118526	0.000000
0.118526	0.000000
0.118526	0.000000
0.118526	0.000000
0.189681	0.000000
0.189681	0.000000
0.189681	0.000000
0.189681	0.000000
0.189681	0.000000
0.189681	0.000000
0.139304	0.000000
0.139304	0.000000
0.139304	0.000000
0.139304	0.000000
0.139304	0.000000
0.094608	0.000000
0.094608	0.000000
0.094608	0.000000
0.094608	0.000000
0.094608	0.000000
0.094608	0.000000
0.127512	0.000203
0.127512	0.000069
0.127512	0.000138
0.127512	0.081854
0.127512	0.000413
0.055434	0.000008
0.055434	0.000002
0.055434	0.000004
0.055434	0.000000
0.055434	0.000017
0.055434	0.000000
0.055434	0.000000
0.055434	0.000001
0.140233	0.000003
0.140233	0.000001
0.140233	0.000011
0.140233	0.000050
0.140233	0.000440
0.140233	0.000000
0.140233	0.000000
0.045854	0.000001
0.045854	0.000005
0.045854	0.000118
0.045854	0.002824
0.045854	0.000000
0.045854	0.000000
0.045854	0.000000
0.053292	0.909375
0.053292	0.000000
0.053292	0.867273
0.053292	0.824822
0.053292	0.000000
0.053292	0.000000
0.053292	0.906185
0.321772	0.000000
0.321772	0.865917
0.321772	0.886942
0.321772	0.918361
0.321772	0.000000
0.321772	0.000000
0.321772	0.875884
0.321772	0.930505
0.321772	0.934763
0.321772	0.000000
0.321772	0.000000
0.400941	0.931821
0.400941	0.975553
0.400941	0.803984
0.400941	0.956723
0.400941	0.000000
0.400941	0.000000
0.270899	0.828409
0.270899	0.826912
0.270899	0.865550
0.270899	0.842961
0.270899	0.845630
0.270899	0.846039
0.270899	0.938167
0.270899	0.932053
0.270899	0.000000
0.270899	0.949513
0.270899	0.000000
0.237797	0.995936
0.237797	0.989032
0.237797	0.997196
0.237797	0.000000
0.237797	0.997031
0.237797	0.997879
0.237797	0.993392
0.237797	0.998515
0.237797	0.999138
0.237797	0.999871
0.237797	0.000000
0.469987	0.922100
0.469987	0.000000
0.469987	0.942200
0.469987	0.966562
0.469987	0.999810
0.277928	0.991618
0.277928	0.988254
0.277928	0.989462
0.277928	0.997882
0.277928	0.995278
0.277928	0.000000
0.277928	0.000000
0.256819	0.384693
0.256819	0.041546
0.256819	0.369205
0.256819	0.879275
0.256819	0.071841
0.256819	0.701068
0.256819	0.986133
0.446655	0.992326
0.446655	0.000000
0.446655	0.994305
0.446655	0.000000
0.446655	0.000000
0.446655	0.000000
0.446655	0.000000
0.446655	0.000000
0.446655	0.000000
0.214061	0.967509
0.214061	0.986313
0.214061	0.976820
0.214061	0.964082
0.214061	0.000000
0.214061	0.000000
0.214061	0.000000
0.131875	0.469392
0.131875	0.028757
0.131875	0.010299
0.131875	0.002782
0.131875	0.002442
0.131875	0.990905
0.052349	0.221060
0.052349	0.023428
0.052349	0.139086
0.052349	0.132321
0.052349	0.000000
0.216526	0.273259
0.216526	0.332047
0.216526	0.273259
0.216526	0.350138
0.216526	0.323319
0.216526	0.429247
0.216526	0.000000
0.216526	0.000000
0.156443	0.000000
0.156443	0.000001
0.156443	0.000002
0.156443	0.000000
0.156443	0.000002
0.156443	0.000000
0.156443	0.000001
0.156443	0.955443
0.095861	0.000000
0.095861	0.000000
0.095861	0.000000
0.095861	0.000000
0.095861	0.000000
0.095861	0.000000
0.095861	0.000000
0.095861	0.000000
0.079468	0.000090
0.079468	0.004695
0.079468	0.000971
0.079468	0.000031
0.079468	0.273259
0.328450	0.000000
0.328450	0.000000
0.328450	0.000000
0.328450	0.000000
0.328450	0.000000
0.328450	0.000000
0.328450	0.000000
0.328450	0.000000
0.148162	0.273259
0.148162	0.273259
0.148162	0.273259
0.148162	0.000000
0.148162	0.273259
0.148162	0.273259
0.148162	0.273259
0.148162	0.273259
0.148162	0.273259
0.148162	0.000000
0.148162	0.000000
0.100034	0.000000
0.100034	0.000033
0.100034	0.000000
0.100034	0.000000
0.100034	0.000000
0.100034	0.000000
0.257303	0.000000
0.257303	0.273259
0.257303	0.273259
0.257303	0.273259
0.257303	0.000000
0.257303	0.273259
0.257303	0.273259
0.257303	0.000000
0.173768	0.002314
0.173768	0.001979
0.173768	0.006040
0.173768	0.008178
0.173768	0.000000
0.231996	0.000000
0.231996	0.000000
0.231996	0.000000
0.231996	0.000000
0.231996	0.000000
0.231996	0.000000
0.231996	0.000000
0.231996	0.000001
0.231996	0.000000
0.231996	0.348939
0.231996	0.000000
0.231996	0.000000
0.183770	0.000000
0.183770	0.000000
0.183770	0.000000
0.183770	0.000000
0.183770	0.000000
0.183770	0.000000
0.183770	0.000000
0.286730	0.000000
0.286730	0.000000
0.286730	0.000000
0.286730	0.000000
0.286730	0.000000
0.286730	0.000000
0.286730	0.000000
0.067529	0.021092
0.067529	0.000000
0.067529	0.147644
0.067529	0.000000
0.067529	0.000000
0.067529	0.015934
0.067529	0.000000
0.053326	0.273259
0.053326	0.000000
0.053326	0.273259
0.053326	0.000000
0.053326	0.000000
0.053326	0.000000
0.053326	0.000000
0.053326	0.000000
0.125464	0.273259
0.125464	0.273259
0.125464	0.273259
0.125464	0.273259
0.125464	0.000000
0.125464	0.000000
0.125464	0.273259
0.125464	0.000000
0.146813	0.000155
0.146813	0.000157
0.146813	0.004708
0.146813	0.021013
0.146813	0.000150
0.146813	0.009914
0.146813	0.000064
0.146813	0.135033
0.146813	0.867319
0.146813	0.000000
0.146813	0.000000
0.281201	0.273259
0.281201	0.273259
0.281201	0.273259
0.281201	0.273259
0.281201	0.273259
0.281201	0.273259
0.281201	0.273259
0.281201	0.273259
0.281201	0.000000
0.281201	0.000000
0.281201	0.000000
0.362096	0.000349
0.362096	0.000000
0.362096	0.000013
0.362096	0.950119
0.362096	0.000843
0.362096	0.000114
0.362096	0.000000
0.362096	0.000000
0.324888	0.000000
0.324888	0.000007
0.324888	0.000000
0.324888	0.000000
0.324888	0.000000
0.324888	0.000000
0.324888	0.000000
0.271827	0.000827
0.271827	0.000000
0.271827	0.000004
0.271827	0.000000
0.271827	0.000000
0.271827	0.065101
0.271827	0.000000
0.271827	0.000000
0.168755	0.273259
0.168755	0.273259
0.168755	0.273259
0.168755	0.273259
0.168755	0.273259
0.168755	0.273259
0.168755	0.000000
0.168755	0.273259
0.278923	0.273259
0.278923	0.000000
0.278923	0.273259
0.278923	0.000000
0.278923	0.000000
0.278923	0.000000
0.278923	0.000000
0.278923	0.000000
0.212589	0.273259
0.212589	0.000000
0.212589	0.273259
0.212589	0.273259
0.212589	0.000000
0.212589	0.000000
0.212589	0.000000
0.212589	0.000000
0.212589	0.000000
0.212589	0.000000
0.212589	0.000000
0.301985	0.003370
0.301985	0.135680
0.301985	0.004695
0.301985	0.042584
0.301985	0.004396
0.301985	0.004726
0.248255	0.273259
0.248255	0.000000
0.248255	0.000000
0.248255	0.000000
0.248255	0.000000
0.248255	0.000000
0.248255	0.000000
0.248255	0.000000
0.248255	0.000000
0.248255	0.000000
0.389623	0.000000
0.389623	0.000000
0.389623	0.273259
0.389623	0.000000
0.520955	0.273259
0.520955	0.273259
0.520955	0.273259
0.520955	0.433625
0.520955	0.000000
0.520955	0.000000
0.520955	0.000000
0.520955	0.000000
0.520955	0.000000
0.520955	0.000000
0.361774	0.027444
0.361774	0.004925
0.361774	0.013508
0.361774	0.037617
0.361774	0.000000
0.361774	0.000000
0.361774	0.000000
0.177743	0.004092
0.177743	0.001741
0.177743	0.001659
0.177743	0.000000
0.177743	0.016045
0.177743	0.000626
0.177743	0.001089
0.316273	0.000000
0.316273	0.000000
0.316273	0.000000
0.316273	0.000000
0.316273	0.000000
0.316273	0.000000
0.316273	0.000000
0.124459	0.000000
0.124459	0.000000
0.124459	0.000000
0.124459	0.000000
0.124459	0.000000
0.124459	0.000000
0.124459	0.000000
0.267448	0.273259
0.267448	0.000000
0.267448	0.273259
0.267448	0.273259
0.267448	0.000000
0.267448	0.000000
0.267448	0.000000
0.267448	0.000000
0.066951	0.000096
0.066951	0.000000
0.066951	0.000035
0.066951	0.000000
0.066951	0.000128
0.066951	0.000000
0.066951	0.000000
0.066951	0.000000
0.131052	0.273259
0.131052	0.000000
0.131052	0.273259
0.131052	0.273259
0.131052	0.273259
0.131052	0.000000
0.131052	0.000000
0.131052	0.000000
0.077728	0.000000
0.077728	0.780493
0.077728	0.663280
0.077728	0.000000
0.077728	0.000000
0.077728	0.000000
0.061195	0.304793
0.061195	0.000000
0.061195	0.363677
0.061195	0.000000
0.061195	0.000000
0.163658	0.273259
0.163658	0.000000
0.163658	0.000000
0.163658	0.000000
0.163658	0.273259
0.163658	0.273259
0.163658	0.000000
0.163658	0.273259
0.163658	0.000000
0.163658	0.273259
0.123872	0.014763
0.123872	0.048875
0.123872	0.354061
0.123872	0.244000
0.123872	0.002450
0.123872	0.114475
0.123872	0.016821
0.123872	0.001457
0.123872	0.035299
0.123872	0.209096
0.123872	0.058829
0.123872	0.022214
0.119903	0.000000
0.119903	0.919087
0.119903	0.000000
0.119903	0.962122
0.119903	0.000000
0.119903	0.000000
0.119903	0.000000
0.119903	0.000000
0.119903	0.000000
0.200370	0.000000
0.200370	0.273259
0.200370	0.273259
0.200370	0.273259
0.200370	0.000000
0.200370	0.000000
0.200370	0.000000
0.200370	0.000000
0.110626	0.000000
0.110626	0.000000
0.110626	0.273259
0.110626	0.273259
0.086647	0.000073
0.086647	0.000001
0.086647	0.000005
0.086647	0.000002
0.086647	0.000183
0.086647	0.000029
0.086647	0.000002
0.086647	0.003570
0.086647	0.000003
0.086647	0.000033
0.086647	0.000000
0.188413	0.273259
0.188413	0.273259
0.188413	0.273259
0.188413	0.273259
0.188413	0.000000
0.188413	0.000000
0.188413	0.000000
0.188413	0.000000
0.188413	0.000000
0.167942	0.273259
0.167942	0.273259
0.167942	0.273259
0.167942	0.273259
0.167942	0.000000
0.167942	0.000000
0.167942	0.000000
0.167942	0.000000
0.167942	0.000000
0.098137	0.000000
0.098137	0.000000
0.098137	0.000000
0.098137	0.000000
0.098137	0.000000
0.098137	0.000000
0.098137	0.000000
0.098137	0.000000
0.078528	0.000000
0.078528	0.000000
0.078528	0.000000
0.078528	0.000000
0.078528	0.000000
0.078528	0.000000
0.078528	0.000000
0.122548	0.273259
0.122548	0.000000
0.122548	0.273259
0.122548	0.000000
0.122548	0.273259
0.122548	0.000000
0.122548	0.000000
0.122548	0.000000
0.122548	0.000000
0.090987	0.273259
0.090987	0.000000
0.090987	0.000000
0.090987	0.000000
0.090987	0.273259
0.090987	0.273259
0.090987	0.000000
0.090987	0.273259
0.090987	0.000000
0.090987	0.000000
0.078478	0.003887
0.078478	0.000000
0.078478	0.008002
0.078478	0.029421
0.135447	0.000000
0.135447	0.000000
0.135447	0.000000
0.135447	0.000000
0.135447	0.000000
0.135447	0.000000
0.135447	0.000000
0.169268	0.000004
0.169268	0.000001
0.169268	0.000000
0.169268	0.000063
0.169268	0.000000
0.169268	0.000000
0.169268	0.000000
0.128572	0.000000
0.128572	0.000006
0.128572	0.000000
0.128572	0.000000
0.128572	0.000000
0.128572	0.000000
0.106244	0.000000
0.106244	0.000000
0.106244	0.000000
0.106244	0.000000
0.106244	0.000000
0.106244	0.000000
0.106244	0.000000
0.106244	0.000000
0.213980	0.000000
0.213980	0.000000
0.213980	0.000000
0.213980	0.000000
0.213980	0.000000
0.213980	0.000000
0.213980	0.000000
0.206182	0.273259
0.206182	0.273259
0.206182	0.273259
0.206182	0.000000
0.206182	0.000000
0.206182	0.000000
0.206182	0.000000
0.206182	0.000000
0.206182	0.000000
0.130473	0.000006
0.130473	0.000000
0.130473	0.000186
0.130473	0.001749
0.130473	0.000000
0.130473	0.000000
0.269001	0.273259
0.269001	0.273259
0.269001	0.273259
0.269001	0.273259
0.269001	0.000000
0.269001	0.000000
0.269001	0.000000
0.269001	0.000000
0.269001	0.000000
0.297796	0.273259
0.297796	0.273259
0.297796	0.273259
0.297796	0.273259
0.297796	0.273259
0.297796	0.273259
0.297796	0.000000
0.297796	0.273259
0.297796	0.000000
0.297796	0.000000
0.297796	0.000000
0.109814	0.000000
0.109814	0.000000
0.109814	0.000000
0.109814	0.000000
0.109814	0.000000
0.109814	0.000000
0.109814	0.000000
0.133410	0.000297
0.133410	0.000230
0.133410	0.000580
0.133410	0.000817
0.133410	0.000000
0.133410	0.005179
0.133410	0.000000
0.108080	0.000000
0.108080	0.000000
0.108080	0.000000
0.108080	0.000000
0.108080	0.000000
0.108080	0.000000
0.108080	0.000000
0.282194	0.273259
0.282194	0.273259
0.282194	0.273259
0.282194	0.273259
0.282194	0.000000
0.282194	0.273259
0.282194	0.000000
0.282194	0.000000
0.282194	0.000000
0.180078	0.000000
0.180078	0.000000
0.180078	0.273259
0.180078	0.273259
0.296324	0.006271
0.296324	0.000092
0.296324	0.000219
0.296324	0.000052
0.296324	0.003861
0.296324	0.000063
0.296324	0.000000
0.296324	0.000000
0.153648	0.000000
0.153648	0.000000
0.153648	0.000000
0.153648	0.000000
0.153648	0.000000
0.153648	0.000000
0.153648	0.000000
0.120435	0.273259
0.120435	0.273259
0.120435	0.273259
0.120435	0.273259
0.120435	0.273259
0.120435	0.273259
0.120435	0.000000
0.120435	0.000000
0.120435	0.000000
0.132213	0.000000
0.132213	0.000000
0.132213	0.000000
0.132213	0.000000
0.132213	0.000000
0.132213	0.000000
0.132213	0.000000
0.132213	0.000000
0.132213	0.000000
0.132213	0.000000
0.132213	0.000000
0.176865	0.001234
0.176865	0.003321
0.176865	0.004462
0.176865	0.043862
0.108593	0.080212
0.108593	0.176362
0.108593	0.193652
0.108593	0.062869
0.108593	0.000000
0.079553	0.000000
0.079553	0.000000
0.079553	0.026052
0.079553	0.000000
0.260715	0.273259
0.260715	0.273259
0.260715	0.273259
0.260715	0.273259
0.260715	0.273259
0.260715	0.273259
0.260715	0.273259
0.260715	0.273259
0.120252	0.000000
0.120252	0.000000
0.120252	0.000000
0.120252	0.000000
0.120252	0.000000
0.120252	0.000000
0.120252	0.000000
0.169879	0.000000
0.169879	0.000000
0.169879	0.000000
0.169879	0.000000
0.169879	0.000000
0.169879	0.000000
0.169879	0.000000
0.169879	0.000000
0.266499	0.000093
0.266499	0.000052
0.266499	0.000271
0.266499	0.000107
0.266499	0.000000
0.266499	0.000143
0.266499	0.000000
0.316181	0.000000
0.316181	0.000000
0.316181	0.273259
0.316181	0.093283
0.280245	0.003877
0.280245	0.001491
0.280245	0.005660
0.280245	0.000000
0.280245	0.000000
0.280245	0.000000
0.280245	0.000000
0.132632	0.000000
0.132632	0.000000
0.132632	0.000000
0.132632	0.000000
0.132632	0.000000
0.132632	0.000000
0.132632	0.000000
0.120205	0.000435
0.120205	0.000353
0.120205	0.000786
0.120205	0.000572
0.120205	0.000000
0.120205	0.000000
0.120205	0.000000
0.172606	0.000000
0.172606	0.000000
0.172606	0.000000
0.172606	0.000000
0.172606	0.000000
0.172606	0.000000
0.172606	0.000000
0.172606	0.000000
0.312957	0.273259
0.312957	0.273259
0.312957	0.273259
0.312957	0.273259
0.312957	0.273259
0.312957	0.273259
0.312957	0.000000
0.312957	0.000000
0.312957	0.000000
0.339325	0.273259
0.339325	0.273259
0.339325	0.273259
0.339325	0.000000
0.339325	0.273259
0.339325	0.273259
0.339325	0.273259
0.339325	0.273259
0.188430	0.273259
0.188430	0.000000
0.188430	0.273259
0.188430	0.000000
0.188430	0.000000
0.188430	0.000000
0.188430	0.000000
0.320717	0.273259
0.320717	0.000000
0.320717	0.273259
0.320717	0.273259
0.320717	0.000000
0.320717	0.000000
0.320717	0.000000
0.320717	0.000000
0.233959	0.000000
0.233959	0.273259
0.233959	0.273259
0.233959	0.000000
0.233959	0.000000
0.233959	0.000000
0.229591	0.273259
0.229591	0.000000
0.229591	0.000000
0.229591	0.000000
0.229591	0.000000
0.326752	0.273259
0.326752	0.000000
0.326752	0.273259
0.326752	0.273259
0.326752	0.000000
0.326752	0.273259
0.225954	0.000000
0.225954	0.273259
0.225954	0.273259
0.225954	0.000000
0.225954	0.000000
0.240048	0.000000
0.240048	0.000001
0.240048	0.000003
0.240048	0.000000
0.240048	0.000000
0.240048	0.000048
0.240048	0.000000
0.240048	0.000000
0.240048	0.000000
0.240048	0.000000
0.240048	0.000000
0.113824	0.000000
0.113824	0.000000
0.113824	0.000000
0.113824	0.000000
0.113824	0.000000
0.113824	0.000000
0.113824	0.000000
0.145919	0.000000
0.145919	0.000000
0.145919	0.000000
0.145919	0.000000
0.145919	0.000000
0.145919	0.000000
0.145919	0.000000
0.145919	0.000000
0.157135	0.124344
0.157135	0.000000
0.157135	0.062787
0.157135	0.029886
0.157135	0.000000
0.157135	0.000000
0.157135	0.000000
0.119052	0.000000
0.119052	0.273259
0.119052	0.273259
0.119052	0.000000
0.119052	0.000000
0.119052	0.000000
0.119052	0.000000
0.119052	0.000000
0.078611	0.273259
0.078611	0.000000
0.078611	0.000000
0.078611	0.000000
0.127730	0.199316
0.127730	0.000000
0.127730	0.228643
0.127730	0.273259
0.127730	0.000000
0.160907	0.000000
0.160907	0.273259
0.160907	0.273259
0.160907	0.000000
0.160907	0.000000
0.160907	0.273259
0.160907	0.000000
0.160907	0.000000
0.160907	0.000000
0.156777	0.000000
0.156777	0.000000
0.156777	0.000000
0.156777	0.000000
0.156777	0.000000
0.156777	0.000000
0.156777	0.000000
0.156777	0.000000
0.203959	0.000000
0.203959	0.273259
0.203959	0.273259
0.203959	0.000000
0.203959	0.000000
0.203959	0.000000
0.203959	0.000000
0.203959	0.000000
0.265085	0.273259
0.265085	0.273259
0.265085	0.000000
0.265085	0.000000
0.265085	0.000000
0.265085	0.000000
0.265085	0.000000
0.265085	0.000000
0.106388	0.000000
0.106388	0.000000
0.106388	0.251847
0.106388	0.273259
0.106388	0.000000
0.106388	0.000000
0.106388	0.000000
0.258591	0.000000
0.258591	0.014383
0.258591	0.057398
0.258591	0.000000
0.258591	0.000000
0.258591	0.000000
0.258591	0.000000
0.174289	0.273259
0.174289	0.000000
0.174289	0.273259
0.174289	0.273259
0.174289	0.000000
0.246906	0.000000
0.246906	0.154125
0.246906	0.273259
0.246906	0.000000
0.246906	0.000000
0.246906	0.000000
0.349254	0.273259
0.349254	0.000000
0.349254	0.000000
0.349254	0.000000
0.349254	0.000000
0.349254	0.000000
0.349254	0.273259
