Ground Truth	Predictions
0.079136	0.000000
0.079136	0.000000
0.079136	0.000000
0.079136	0.000000
0.079136	0.000000
0.079136	0.000000
0.079136	0.000000
0.057029	0.000000
0.057029	0.000000
0.057029	0.000000
0.057029	0.000000
0.057029	0.000000
0.057029	0.000000
0.057029	0.000000
0.057029	0.000000
0.051236	0.000000
0.051236	0.000000
0.051236	0.000000
0.051236	0.000000
0.051236	0.000000
0.051236	0.000000
0.051236	0.000000
0.051236	0.000000
0.051236	0.000000
0.058037	0.000000
0.058037	0.000000
0.058037	0.000000
0.058037	0.000000
0.058037	0.000000
0.058037	0.000000
0.058037	0.000000
0.058037	0.000000
0.090378	0.000000
0.090378	0.000000
0.090378	0.000000
0.090378	0.000000
0.114281	0.000000
0.114281	0.000000
0.114281	0.000000
0.114281	0.000000
0.114281	0.000024
0.276160	0.222763
0.276160	0.122444
0.276160	0.314553
0.276160	0.510479
0.276160	0.086785
0.276160	0.104165
0.276160	0.408555
0.276160	0.000000
0.276160	0.702819
0.188122	0.295466
0.188122	0.295466
0.188122	0.000000
0.188122	0.000000
0.188122	0.000000
0.188122	0.000000
0.212304	0.156159
0.212304	0.000000
0.212304	0.264705
0.212304	0.071777
0.212304	0.185099
0.212304	0.433215
0.212304	0.048871
0.212304	0.000000
0.114333	0.000000
0.114333	0.092215
0.114333	0.009298
0.114333	0.005861
0.114333	0.049497
0.114333	0.000000
0.114333	0.000876
0.393507	0.075628
0.393507	0.163912
0.393507	0.203058
0.393507	0.120905
0.393507	0.390598
0.393507	0.111438
0.393507	0.226560
0.393507	0.449789
0.393507	0.688082
0.173292	0.000027
0.173292	0.000014
0.173292	0.000031
0.173292	0.000027
0.173292	0.000009
0.173292	0.000053
0.075814	0.002856
0.075814	0.011351
0.075814	0.005041
0.075814	0.004721
0.075814	0.015163
0.075814	0.138260
0.075814	0.000000
0.075814	0.000000
0.075814	0.000000
0.149713	0.000000
0.149713	0.000000
0.149713	0.000000
0.149713	0.000000
0.149713	0.000000
0.149713	0.000000
0.149713	0.000000
0.149713	0.000000
0.194138	0.000000
0.194138	0.000000
0.194138	0.000000
0.194138	0.000000
0.194138	0.000000
0.194138	0.000000
0.194138	0.000000
0.076885	0.000000
0.076885	0.000000
0.076885	0.000000
0.076885	0.000000
0.076885	0.000000
0.111307	0.000000
0.111307	0.000000
0.111307	0.000000
0.111307	0.000000
0.111307	0.000000
0.111307	0.000000
0.111307	0.000007
0.111307	0.000000
0.183599	0.000000
0.183599	0.000000
0.183599	0.000000
0.183599	0.000000
0.183599	0.000000
0.183599	0.000000
0.183599	0.000000
0.183599	0.000000
0.048724	0.000000
0.048724	0.000000
0.048724	0.000000
0.048724	0.000000
0.048724	0.000000
0.048724	0.000000
0.048724	0.000000
0.048724	0.000000
0.051518	0.000000
0.051518	0.000000
0.051518	0.000000
0.051518	0.000000
0.051518	0.000000
0.199581	0.000000
0.199581	0.000000
0.199581	0.000000
0.199581	0.000000
0.199581	0.000000
0.199581	0.000000
0.199581	0.000000
0.199581	0.000000
0.199581	0.000000
0.070604	0.000000
0.070604	0.000000
0.070604	0.000000
0.070604	0.000000
0.070604	0.000000
0.070604	0.000000
0.070604	0.000000
0.070604	0.000000
0.068778	0.000000
0.068778	0.000000
0.068778	0.000000
0.068778	0.000000
0.068778	0.000000
0.068778	0.000000
0.068778	0.000000
0.068778	0.000000
0.150360	0.000000
0.150360	0.000000
0.150360	0.000000
0.150360	0.000000
0.150360	0.000000
0.150360	0.000000
0.150360	0.000000
0.150360	0.000000
0.150360	0.000000
0.484221	0.000000
0.484221	0.000000
0.484221	0.000000
0.484221	0.000000
0.484221	0.000000
0.484221	0.000000
0.484221	0.000000
0.484221	0.000000
0.484221	0.000000
0.484221	0.000000
0.150569	0.000000
0.150569	0.000000
0.150569	0.000000
0.150569	0.000000
0.150569	0.000000
0.150569	0.000000
0.150569	0.000000
0.150569	0.000000
0.091417	0.000000
0.091417	0.000000
0.091417	0.000000
0.091417	0.000000
0.091417	0.000000
0.091417	0.000000
0.091417	0.000000
0.124128	0.000000
0.124128	0.000000
0.124128	0.000000
0.124128	0.000000
0.124128	0.000000
0.124128	0.000000
0.124128	0.000000
0.124128	0.000000
0.076975	0.000000
0.076975	0.000000
0.076975	0.000000
0.076975	0.000000
0.076975	0.000000
0.076975	0.000000
0.076975	0.000000
0.076975	0.000000
0.053231	0.000000
0.053231	0.000000
0.053231	0.000000
0.053231	0.000000
0.053231	0.000000
0.053231	0.000000
0.053231	0.000000
0.053231	0.000000
0.054665	0.000000
0.054665	0.000000
0.054665	0.000000
0.054665	0.000000
0.054665	0.000000
0.054665	0.000000
0.054665	0.000000
0.031737	0.000000
0.031737	0.000000
0.031737	0.000000
0.031737	0.000000
0.031737	0.000000
0.065294	0.000000
0.065294	0.000000
0.065294	0.000000
0.065294	0.000000
0.065294	0.000000
0.065294	0.000000
0.065294	0.000000
0.065294	0.000000
0.061926	0.000000
0.061926	0.000000
0.061926	0.000000
0.061926	0.000000
0.061926	0.000000
0.061926	0.000000
0.061926	0.000000
0.106416	0.000000
0.106416	0.164185
0.106416	0.236696
0.106416	0.000000
0.106416	0.000000
0.106416	0.295466
0.106416	0.000000
0.106416	0.000000
0.106416	0.000000
0.071613	0.410672
0.071613	0.310053
0.071613	0.373186
0.071613	0.000000
0.071613	0.000000
0.071613	0.000000
0.071613	0.000000
0.071613	0.000000
0.183895	0.004845
0.183895	0.027327
0.183895	0.000000
0.183895	0.018388
0.183895	0.006172
0.183895	0.003601
0.183895	0.008125
0.183895	0.000000
0.309828	0.341718
0.309828	0.000000
0.309828	0.000000
0.309828	0.000000
0.205681	0.000000
0.205681	0.000000
0.205681	0.269316
0.205681	0.125338
0.205681	0.000000
0.205681	0.000000
0.315954	0.505942
0.315954	0.031411
0.315954	0.152482
0.315954	0.134817
0.315954	0.544141
0.315954	0.385555
0.315954	0.488879
0.315954	0.000000
0.127179	0.295466
0.127179	0.295466
0.127179	0.295466
0.127179	0.295466
0.127179	0.000000
0.127179	0.000000
0.127179	0.000000
0.127179	0.000000
0.127179	0.000000
0.127179	0.000000
0.127179	0.000000
0.127179	0.000000
0.166422	0.001269
0.166422	0.007310
0.166422	0.002473
0.166422	0.002028
0.166422	0.001125
0.166422	0.000000
0.166422	0.000000
0.159002	0.002571
0.159002	0.005817
0.159002	0.005958
0.159002	0.008341
0.159002	0.009806
0.159002	0.002272
0.159002	0.008596
0.159002	0.012739
0.159002	0.356720
0.068614	0.000812
0.068614	0.005696
0.068614	0.001579
0.068614	0.000905
0.068614	0.009198
0.068614	0.002009
0.068614	0.259260
0.068614	0.000000
0.068614	0.010111
0.068614	0.012291
0.064339	0.042543
0.064339	0.058556
0.064339	0.175157
0.064339	0.000000
0.064339	0.000000
0.064339	0.000000
0.064339	0.205619
0.064339	0.000000
0.064339	0.000000
0.060155	0.000000
0.060155	0.000067
0.060155	0.000000
0.060155	0.000000
0.060155	0.000560
0.172730	0.000000
0.172730	0.000000
0.172730	0.000000
0.172730	0.000000
0.172730	0.000000
0.172730	0.000000
0.172730	0.000000
0.172730	0.000000
0.058064	0.000000
0.058064	0.000000
0.058064	0.000000
0.058064	0.000000
0.058064	0.000000
0.058064	0.000000
0.058064	0.000000
0.058064	0.000000
0.016747	0.000019
0.016747	0.000000
0.016747	0.000000
0.016747	0.000000
0.050208	0.000000
0.050208	0.000000
0.050208	0.000000
0.050208	0.000000
0.050619	0.000020
0.050619	0.000000
0.050619	0.000027
0.050619	0.000000
0.050619	0.000000
0.050619	0.000000
0.050619	0.000000
0.050619	0.000000
0.091272	0.000000
0.091272	0.000000
0.091272	0.000000
0.091272	0.000000
0.091272	0.000000
0.091272	0.000000
0.091272	0.000000
0.091272	0.000000
0.133150	0.000000
0.133150	0.000000
0.133150	0.000000
0.133150	0.000000
0.133150	0.000000
0.133150	0.000000
0.133150	0.000000
0.133150	0.000000
0.098182	0.000000
0.098182	0.000000
0.098182	0.000000
0.098182	0.000000
0.098182	0.000000
0.098182	0.000000
0.098182	0.000000
0.098182	0.000000
0.129653	0.000000
0.129653	0.000000
0.129653	0.000000
0.129653	0.000000
0.129653	0.000000
0.129653	0.000000
0.121340	0.000000
0.121340	0.000000
0.121340	0.000000
0.121340	0.000000
0.121340	0.000000
0.243383	0.000013
0.243383	0.000000
0.243383	0.000005
0.243383	0.000081
0.243383	0.000000
0.243383	0.000018
0.243383	0.000000
0.128795	0.048464
0.128795	0.069651
0.128795	0.090655
0.128795	0.056205
0.128795	0.010249
0.128795	0.013233
0.128795	0.022451
0.128795	0.103461
0.128795	0.088067
0.128795	0.829214
0.128795	0.467657
0.205681	0.023317
0.205681	0.003273
0.205681	0.010187
0.205681	0.006759
0.205681	0.017946
0.205681	0.047940
0.205681	0.000000
0.205681	0.009967
0.205681	0.333862
0.205681	0.003372
0.205681	0.018534
0.205681	0.195029
0.103206	0.000246
0.103206	0.000221
0.103206	0.000270
0.103206	0.000180
0.103206	0.015342
0.103206	0.001267
0.144250	0.001327
0.144250	0.007130
0.144250	0.001418
0.144250	0.016794
0.287369	0.002949
0.287369	0.147829
0.287369	0.003623
0.287369	0.005344
0.287369	0.001425
0.287369	0.000000
0.287369	0.000000
0.100533	0.009673
0.100533	0.009579
0.100533	0.022894
0.100533	0.006746
0.100533	0.008002
0.100533	0.033221
0.100533	0.052486
0.100533	0.009978
0.095146	0.000319
0.095146	0.000131
0.095146	0.000507
0.095146	0.000170
0.095146	0.000199
0.095146	0.000277
0.095146	0.000061
0.095146	0.021730
0.262164	0.029091
0.262164	0.041602
0.262164	0.112447
0.262164	0.000000
0.262164	0.000000
0.262164	0.599456
0.262164	0.295466
0.323325	0.042157
0.323325	0.000000
0.323325	0.127085
0.323325	0.000000
0.323325	0.000000
0.323325	0.295466
0.237602	0.004348
0.237602	0.000000
0.237602	0.009246
0.237602	0.000000
0.237602	0.002927
0.237602	0.297555
0.237602	0.000000
0.230337	0.001959
0.230337	0.001245
0.230337	0.010421
0.230337	0.000000
0.230337	0.000793
0.230337	0.002689
0.230337	0.000267
0.230337	0.010947
0.132617	0.153889
0.132617	0.000000
0.132617	0.295466
0.132617	0.000000
0.202738	0.295466
0.202738	0.336681
0.202738	0.400458
0.202738	0.000000
0.202738	0.306896
0.202738	0.295466
0.202738	0.000000
0.202738	0.000000
0.202738	0.000000
0.134077	0.000000
0.134077	0.000000
0.134077	0.306669
0.134077	0.442987
0.134077	0.000000
0.134077	0.000000
0.134077	0.000000
0.134077	0.000000
0.134077	0.000000
0.134645	0.000000
0.134645	0.036665
0.134645	0.113701
0.134645	0.000000
0.134645	0.000000
0.113439	0.347735
0.113439	0.000000
0.113439	0.325660
0.113439	0.431857
0.113439	0.361066
0.113439	0.295466
0.113439	0.000000
0.113439	0.000000
0.113439	0.000000
0.115633	0.000000
0.115633	0.295466
0.115633	0.295466
0.115633	0.000000
0.115633	0.000000
0.115633	0.000000
0.115633	0.000000
0.115633	0.000000
0.115633	0.000000
0.130542	0.522963
0.130542	0.358847
0.130542	0.415411
0.130542	0.439536
0.130542	0.000000
0.130542	0.490617
0.130542	0.000000
0.130542	0.000000
0.143449	0.295466
0.143449	0.295466
0.143449	0.295466
0.143449	0.295466
0.143449	0.000000
0.143449	0.000000
0.143449	0.000000
0.203028	0.563606
0.203028	0.000000
0.203028	0.461682
0.203028	0.465133
0.203028	0.000000
0.203028	0.000000
0.203028	0.000000
0.203028	0.000000
0.203028	0.000000
0.050558	0.441370
0.050558	0.493375
0.050558	0.470177
0.050558	0.527748
0.050558	0.590162
0.050558	0.000000
0.050558	0.000000
0.050558	0.000000
0.050558	0.000000
0.090719	0.003974
0.090719	0.011848
0.090719	0.008543
0.090719	0.008719
0.090719	0.009767
0.096519	0.000706
0.096519	0.000917
0.096519	0.001151
0.096519	0.000463
0.096519	0.011290
0.096519	0.000748
0.096519	0.008545
0.096519	0.000000
0.132047	0.295466
0.132047	0.295466
0.132047	0.295466
0.132047	0.295466
0.132047	0.000000
0.132047	0.000000
0.132047	0.000000
0.132047	0.000000
0.145865	0.004594
0.145865	0.106101
0.145865	0.005364
0.145865	0.004590
0.145865	0.005538
0.145865	0.000000
0.145865	0.000000
0.145865	0.000000
0.087487	0.000000
0.087487	0.000000
0.087487	0.000000
0.087487	0.000000
0.087487	0.000000
0.087487	0.000000
0.087487	0.000000
0.046490	0.000997
0.046490	0.002527
0.046490	0.003406
0.046490	0.006180
0.046490	0.000000
0.046490	0.000914
0.046490	0.000000
0.046490	0.000000
0.046490	0.000000
0.028038	0.015014
0.028038	0.069094
0.028038	0.045306
0.028038	0.027399
0.028038	0.000000
0.028038	0.000000
0.028038	0.000000
0.028038	0.000000
0.110781	0.056135
0.110781	0.057511
0.110781	0.100946
0.110781	0.048840
0.110781	0.018236
0.110781	0.295466
0.110781	0.172454
0.110781	0.000000
0.110781	0.000000
0.066575	0.000000
0.066575	0.000000
0.066575	0.000000
0.066575	0.000000
0.066575	0.000000
0.066575	0.000000
0.066575	0.000000
0.066575	0.000135
0.066575	0.000000
0.066575	0.000654
0.066575	0.000000
0.083121	0.000101
0.083121	0.000146
0.083121	0.000000
0.083121	0.000000
0.083121	0.000000
0.083121	0.001093
0.083121	0.000000
0.083121	0.000000
0.083121	0.000000
0.022538	0.094229
0.022538	0.000000
0.022538	0.292468
0.022538	0.000000
0.022538	0.000000
0.022538	0.000000
0.022538	0.000000
0.022538	0.000000
0.022538	0.000000
0.280886	0.295466
0.280886	0.000000
0.280886	0.295466
0.280886	0.000000
0.280886	0.000000
0.280886	0.000000
0.280886	0.000000
0.280886	0.000000
0.280886	0.000000
0.280886	0.299989
0.280886	0.000000
0.189667	0.000000
0.189667	0.000000
0.189667	0.000000
0.189667	0.000000
0.189667	0.000000
0.189667	0.000000
0.189667	0.000137
0.189667	0.000000
0.189667	0.000215
0.189667	0.000000
0.189667	0.000000
0.184014	0.000000
0.184014	0.000000
0.184014	0.000000
0.184014	0.000000
0.184014	0.001480
0.184014	0.000000
0.131910	0.000000
0.131910	0.000000
0.131910	0.000000
0.131910	0.000000
0.131910	0.000000
0.131910	0.000000
0.131910	0.000000
0.131910	0.000000
0.131910	0.000000
0.131910	0.000000
0.131910	0.000000
0.131910	0.000000
0.101342	0.000000
0.101342	0.000000
0.101342	0.000000
0.101342	0.000000
0.101342	0.000000
0.101342	0.000000
0.101342	0.000000
0.101342	0.000000
0.101342	0.000000
0.079261	0.000000
0.079261	0.000000
0.079261	0.000000
0.079261	0.000001
0.079261	0.000000
0.079261	0.000000
0.079261	0.000000
0.079261	0.000000
0.079261	0.000000
0.079261	0.000000
0.079261	0.000000
0.079261	0.000000
0.079261	0.000000
0.079261	0.000000
0.055293	0.000000
0.055293	0.000000
0.055293	0.000000
0.055293	0.000000
0.055293	0.000000
0.055293	0.000000
0.055293	0.000000
0.055293	0.000000
0.055293	0.000000
0.055293	0.000000
0.055293	0.000000
0.105436	0.050409
0.105436	0.003467
0.105436	0.004900
0.105436	0.012587
0.105436	0.000000
0.105436	0.000000
0.105436	0.000000
0.105436	0.000000
0.063474	0.000000
0.063474	0.000065
0.063474	0.000287
0.063474	0.000000
0.063474	0.000000
0.063474	0.000311
0.053550	0.004531
0.053550	0.002087
0.053550	0.003468
0.053550	0.001516
0.053550	0.000673
0.053550	0.009533
0.053550	0.006702
0.053550	0.007234
0.053550	0.001918
0.053550	0.011244
0.053550	0.001993
0.053550	0.003138
0.176306	0.007540
0.176306	0.000000
0.176306	0.043804
0.176306	0.000000
0.153347	0.158392
0.153347	0.214162
0.153347	0.295466
0.153347	0.261136
0.153347	0.049268
0.153347	0.295466
0.153347	0.181256
0.153347	0.059027
0.153347	0.295466
0.153347	0.153458
0.153347	0.295466
0.204466	0.420090
0.204466	0.340926
0.204466	0.418589
0.204466	0.489223
0.204466	0.000000
0.204466	0.000000
0.204466	0.545227
0.204466	0.000000
0.157875	0.416556
0.157875	0.259816
0.157875	0.372282
0.157875	0.000000
0.157875	0.241480
0.157875	0.000000
0.157875	0.000000
0.157875	0.538110
0.148311	0.002839
0.148311	0.002832
0.148311	0.015750
0.148311	0.004725
0.148311	0.000000
0.148311	0.000000
0.148311	0.000000
0.143918	0.010444
0.143918	0.002058
0.143918	0.003177
0.143918	0.295466
0.143918	0.000137
0.143918	0.007993
0.143918	0.013011
0.143918	0.002181
0.143918	0.000000
0.143918	0.004869
0.143918	0.022216
0.143918	0.000000
0.081360	0.000000
0.081360	0.000010
0.081360	0.000000
0.081360	0.000000
0.081360	0.000010
0.061247	0.000000
0.061247	0.000000
0.061247	0.000000
0.061247	0.000000
0.061247	0.000000
0.061247	0.000000
0.061247	0.000000
0.061247	0.000000
0.061247	0.000000
0.061247	0.000000
0.061247	0.000000
0.112479	0.000000
0.112479	0.000000
0.112479	0.000000
0.112479	0.000000
0.112479	0.000000
0.112479	0.000000
0.112479	0.000000
0.144006	0.000000
0.144006	0.000000
0.144006	0.000000
0.144006	0.000000
0.144006	0.000000
0.144006	0.000000
0.144006	0.000000
0.121625	0.000000
0.121625	0.000000
0.121625	0.000000
0.121625	0.000000
0.121625	0.000000
0.121625	0.000011
0.121625	0.000000
0.124744	0.011093
0.124744	0.001069
0.124744	0.001057
0.124744	0.000911
0.124744	0.000000
0.124744	0.000000
0.124744	0.000000
0.124744	0.000000
0.124744	0.000000
0.159629	0.000000
0.159629	0.000000
0.159629	0.000742
0.159629	0.001487
0.159629	0.000000
0.159629	0.000000
0.159629	0.000000
0.159629	0.000000
0.159629	0.000000
0.198469	0.000000
0.198469	0.000000
0.198469	0.000000
0.198469	0.000000
0.198469	0.000000
0.198469	0.000000
0.198469	0.000050
0.198469	0.000000
0.198469	0.000000
0.198469	0.000000
0.198469	0.000000
0.082632	0.000000
0.082632	0.000000
0.082632	0.000000
0.082632	0.000000
0.082632	0.000000
0.141044	0.006840
0.141044	0.000000
0.141044	0.000000
0.141044	0.000000
0.141044	0.000000
0.141044	0.000000
0.141044	0.000000
0.141044	0.000000
0.141044	0.000000
0.226954	0.000126
0.226954	0.000000
0.226954	0.000425
0.226954	0.000000
0.226954	0.000000
0.226954	0.000000
0.226954	0.000000
0.226954	0.000502
0.226954	0.000000
0.077964	0.000031
0.077964	0.000338
0.077964	0.000141
0.077964	0.295466
0.077964	0.000028
0.077964	0.000013
0.077964	0.000407
0.077964	0.000000
0.077964	0.000000
0.132170	0.000040
0.132170	0.000000
0.132170	0.000308
0.132170	0.000000
0.132170	0.000000
0.132170	0.000000
0.132170	0.000000
0.132170	0.000000
0.132170	0.000000
0.132170	0.000000
0.131932	0.000000
0.131932	0.000000
0.131932	0.000000
0.131932	0.000000
0.131932	0.000000
0.131932	0.000000
0.131932	0.000000
0.131932	0.000000
0.071061	0.000047
0.071061	0.000019
0.071061	0.000055
0.071061	0.000000
0.071061	0.000000
0.071061	0.000000
0.071061	0.000000
0.071061	0.000000
0.030074	0.000000
0.030074	0.000000
0.030074	0.000000
0.030074	0.000000
0.030074	0.000000
0.030074	0.000000
0.030074	0.000000
0.040959	0.000000
0.040959	0.000000
0.040959	0.000000
0.040959	0.000000
0.040959	0.000000
0.040959	0.000000
0.040959	0.000000
0.158583	0.000000
0.158583	0.000000
0.158583	0.000000
0.158583	0.000000
0.158583	0.000000
0.158583	0.000000
0.063712	0.000000
0.063712	0.000000
0.063712	0.000000
0.063712	0.017994
0.063712	0.000000
0.063712	0.000000
0.063712	0.000000
0.063712	0.000000
0.070864	0.000000
0.070864	0.000000
0.070864	0.000000
0.070864	0.000000
0.070864	0.000000
0.070864	0.000000
0.070864	0.000000
0.070864	0.000000
0.235712	0.000000
0.235712	0.000000
0.235712	0.000000
0.235712	0.000000
0.235712	0.000000
0.235712	0.000000
0.235712	0.000000
0.235712	0.000000
0.235712	0.000000
0.085331	0.000000
0.085331	0.000000
0.085331	0.000000
0.085331	0.000000
0.085331	0.000000
0.085331	0.000000
0.085331	0.000000
0.085331	0.000000
0.085331	0.000000
0.058736	0.000000
0.058736	0.000000
0.058736	0.000000
0.058736	0.000000
0.058736	0.000000
0.058736	0.000000
0.058736	0.000000
0.058736	0.000000
0.047527	0.000000
0.047527	0.000000
0.047527	0.000000
0.047527	0.000000
0.047527	0.000000
0.083098	0.000000
0.083098	0.000000
0.083098	0.000000
0.083098	0.000000
0.083098	0.000000
0.083098	0.000000
0.085201	0.000000
0.085201	0.000000
0.085201	0.000000
0.085201	0.000000
0.085201	0.000000
0.085201	0.000000
0.085201	0.000000
0.085201	0.000000
0.085201	0.000000
0.127121	0.000000
0.127121	0.000000
0.127121	0.000000
0.127121	0.000000
0.127121	0.000000
0.127121	0.000000
0.127121	0.000000
0.127121	0.000000
0.127121	0.000000
0.127121	0.000000
0.127121	0.000000
0.127121	0.000000
0.130573	0.000000
0.130573	0.000000
0.130573	0.000000
0.130573	0.000000
0.130573	0.000000
0.130573	0.000000
0.130573	0.000000
0.130573	0.000000
0.130573	0.000000
0.084341	0.000000
0.084341	0.000000
0.084341	0.000000
0.084341	0.000000
0.084341	0.000000
0.084341	0.000000
0.084341	0.000000
0.084341	0.000000
0.064587	0.000000
0.064587	0.000000
0.064587	0.000000
0.064587	0.000000
0.131542	0.000000
0.131542	0.000000
0.131542	0.000000
0.131542	0.000000
0.131542	0.000000
0.131542	0.000000
0.131542	0.000000
0.118685	0.295466
0.118685	0.036151
0.118685	0.046798
0.118685	0.111402
0.118685	0.000000
0.118685	0.295466
0.118685	0.019351
0.118685	0.295466
0.062581	0.368849
0.062581	0.295466
0.062581	0.340833
0.062581	0.000000
0.062581	0.000000
0.062581	0.000000
0.062581	0.000000
0.062581	0.000000
0.164813	0.127380
0.164813	0.000000
0.164813	0.295466
0.164813	0.000000
0.164813	0.000000
0.088595	0.074449
0.088595	0.074109
0.088595	0.065963
0.088595	0.028827
0.088595	0.108588
0.088595	0.113239
0.088595	0.119333
0.088595	0.067172
0.088595	0.075220
0.088595	0.088376
0.088595	0.040249
0.088595	0.115265
0.088595	0.096677
0.088595	0.283301
0.071252	0.000600
0.071252	0.000063
0.071252	0.000309
0.071252	0.000000
0.071252	0.000000
0.071252	0.000350
0.071252	0.000000
0.071252	0.001108
0.099107	0.295466
0.099107	0.295466
0.099107	0.295466
0.099107	0.000000
0.099107	0.000000
0.099107	0.000000
0.099107	0.000000
0.099107	0.000000
0.099107	0.000000
0.241833	0.431028
0.241833	0.000000
0.241833	0.458914
0.241833	0.581234
0.241833	0.401772
0.241833	0.000000
0.241833	0.542273
0.241833	0.538482
0.241833	0.000000
0.241833	0.000000
0.241833	0.000000
0.163668	0.000000
0.163668	0.295466
0.163668	0.295466
0.163668	0.000000
0.163668	0.000000
0.163668	0.000000
0.163668	0.000000
0.163668	0.000000
0.163668	0.000000
0.117813	0.000000
0.117813	0.000000
0.117813	0.037718
0.117813	0.000000
0.228098	0.034177
0.228098	0.026917
0.228098	0.024539
0.228098	0.043677
0.228098	0.123170
0.228098	0.295466
0.228098	0.348710
0.228098	0.295466
0.099814	0.000052
0.099814	0.000002
0.099814	0.000030
0.099814	0.000010
0.044455	0.000101
0.044455	0.000000
0.044455	0.000005
0.044455	0.000000
0.044455	0.000000
0.044455	0.000141
0.044455	0.000239
0.044455	0.000000
0.044455	0.001502
0.044455	0.000000
0.044455	0.000251
0.044455	0.000000
0.073469	0.034843
0.073469	0.000000
0.073469	0.061821
0.073469	0.000000
0.073469	0.000000
0.073469	0.000000
0.073469	0.000000
0.073469	0.000000
0.073469	0.000000
0.038241	0.000316
0.038241	0.000000
0.038241	0.000020
0.038241	0.000015
0.075641	0.000000
0.075641	0.000000
0.075641	0.000000
0.075641	0.000000
0.075641	0.000000
0.075641	0.000000
0.075641	0.000000
0.075641	0.000000
0.075641	0.000000
0.075641	0.000000
0.075641	0.000000
0.066815	0.000000
0.066815	0.000000
0.066815	0.000000
0.066815	0.000000
0.066815	0.000000
0.066815	0.000000
0.066815	0.000000
0.049084	0.000096
0.049084	0.000000
0.049084	0.000232
0.049084	0.000000
0.049084	0.000000
0.049084	0.000000
0.042847	0.000025
0.042847	0.000000
0.042847	0.000064
0.042847	0.000000
0.042847	0.000015
0.042847	0.000000
0.042847	0.000000
0.142333	0.000000
0.142333	0.000000
0.142333	0.000000
0.142333	0.000000
0.142333	0.000000
0.142333	0.000000
0.142333	0.000000
0.142333	0.000000
0.142333	0.000000
0.142333	0.000000
0.142333	0.000000
0.142333	0.000000
0.222193	0.000000
0.222193	0.000000
0.222193	0.000000
0.222193	0.000000
0.106187	0.000000
0.106187	0.000000
0.106187	0.000000
0.106187	0.000000
0.106187	0.000000
0.106187	0.000000
0.106187	0.000000
0.106187	0.000000
0.106187	0.000000
0.106187	0.000000
0.106187	0.000000
0.086290	0.000000
0.086290	0.000000
0.086290	0.000000
0.086290	0.000000
0.086290	0.000000
0.086290	0.000000
0.086290	0.000000
0.086290	0.000000
0.086290	0.000000
0.125939	0.000000
0.125939	0.000000
0.125939	0.000000
0.125939	0.000000
0.125939	0.000000
0.125939	0.000000
0.125939	0.000000
0.125939	0.000000
0.125939	0.000000
0.125939	0.000000
0.125939	0.000000
0.072958	0.000000
0.072958	0.000000
0.072958	0.000000
0.072958	0.000000
0.110684	0.000000
0.110684	0.000000
0.110684	0.000000
0.110684	0.000000
0.110684	0.000000
0.110684	0.000000
0.110684	0.000000
0.182757	0.000000
0.182757	0.000000
0.182757	0.000000
0.182757	0.000000
0.182757	0.000000
0.182757	0.000000
0.182757	0.000000
0.115307	0.000144
0.115307	0.000130
0.115307	0.000240
0.115307	0.000037
0.115307	0.000000
0.115307	0.000457
0.115307	0.000113
0.115307	0.000000
0.115307	0.000001
0.115307	0.000000
0.115307	0.000588
0.115307	0.000000
0.086214	0.003534
0.086214	0.000389
0.086214	0.002072
0.086214	0.000000
0.086214	0.083683
0.086214	0.000000
0.086214	0.000000
0.090635	0.015544
0.090635	0.000000
0.090635	0.026621
0.090635	0.037576
0.090635	0.000000
0.090635	0.009511
0.090635	0.000000
0.090635	0.000000
0.082406	0.000000
0.082406	0.397980
0.082406	0.295466
0.082406	0.316988
0.082406	0.000000
0.082406	0.000000
0.082406	0.000000
0.082406	0.000000
0.082406	0.000000
0.134944	0.000000
0.134944	0.002992
0.134944	0.002535
0.134944	0.002094
0.134944	0.032321
0.134944	0.096365
0.134944	0.000000
0.134944	0.002988
0.084142	0.032795
0.084142	0.000000
0.084142	0.112103
0.084142	0.295466
0.120455	0.002140
0.120455	0.009417
0.120455	0.007639
0.120455	0.029562
0.120455	0.103994
0.120455	0.010278
0.120455	0.000000
0.120455	0.000000
0.067547	0.000000
0.067547	0.000000
0.067547	0.000000
0.067547	0.000000
0.067547	0.000000
0.067547	0.000000
0.067547	0.000000
0.137218	0.000293
0.137218	0.000723
0.137218	0.000420
0.137218	0.000553
0.137218	0.000090
0.137218	0.000729
0.137218	0.002464
0.137218	0.000668
0.137218	0.010512
0.137218	0.000266
0.137218	0.000269
0.137218	0.000148
0.332082	0.035835
0.332082	0.007078
0.332082	0.040726
0.332082	0.024003
0.332082	0.000000
0.332082	0.211907
0.332082	0.012668
0.332082	0.000000
0.086328	0.000002
0.086328	0.000003
0.086328	0.000001
0.086328	0.000001
0.086328	0.000086
0.106929	0.000000
0.106929	0.000000
0.106929	0.000000
0.106929	0.000000
0.106929	0.000000
0.106929	0.000000
0.106929	0.000000
0.246071	0.000252
0.246071	0.000513
0.246071	0.000378
0.246071	0.000000
0.246071	0.000215
0.246071	0.000000
0.246071	0.000000
0.246071	0.000000
0.246071	0.000000
0.206142	0.001441
0.206142	0.000000
0.206142	0.000000
0.206142	0.000000
0.206142	0.000000
0.206142	0.000000
0.206142	0.000000
0.206142	0.000000
0.181029	0.000000
0.181029	0.000000
0.181029	0.000000
0.181029	0.000000
0.072443	0.000219
0.072443	0.000000
0.072443	0.000236
0.072443	0.180229
0.072443	0.000000
0.072443	0.000000
0.072443	0.000000
0.072443	0.000000
0.072443	0.000000
0.125910	0.000000
0.125910	0.000000
0.125910	0.000000
0.125910	0.000000
0.125910	0.000000
0.125910	0.000000
0.125910	0.000000
0.125910	0.000000
0.055143	0.000000
0.055143	0.000000
0.055143	0.000000
0.055143	0.000000
0.055143	0.000000
0.055143	0.000000
0.055143	0.000000
0.055143	0.000000
0.104891	0.000000
0.104891	0.000000
0.104891	0.000000
0.104891	0.000000
0.104891	0.000000
0.070217	0.000000
0.070217	0.000000
0.070217	0.000000
0.070217	0.000000
0.070217	0.000000
0.070217	0.000000
0.070217	0.000000
0.082563	0.000000
0.082563	0.000000
0.082563	0.000000
0.082563	0.000000
0.082563	0.000000
0.082563	0.000000
0.082563	0.000000
0.082563	0.000000
0.047375	0.000000
0.047375	0.000001
0.047375	0.000001
0.047375	0.000000
0.047375	0.000000
0.157578	0.024548
0.157578	0.010592
0.157578	0.027692
0.157578	0.004814
0.157578	0.295466
0.157578	0.056848
0.157578	0.062933
0.157578	0.318317
0.157578	0.046466
0.157578	0.000000
0.157578	0.102665
0.157578	0.000000
0.084701	0.002433
0.084701	0.001175
0.084701	0.001777
0.084701	0.002356
0.084701	0.000000
0.084701	0.011390
0.182307	0.017510
0.182307	0.014594
0.182307	0.021002
0.182307	0.007190
0.182307	0.005038
0.182307	0.057050
0.182307	0.011961
0.216555	0.297137
0.216555	0.296625
0.216555	0.215791
0.216555	0.325829
0.216555	0.318323
0.216555	0.246215
0.216555	0.957410
0.216555	0.267821
0.253369	0.005292
0.253369	0.000857
0.253369	0.001729
0.253369	0.001101
0.161708	0.395038
0.161708	0.361423
0.161708	0.396254
0.161708	0.398475
0.161708	0.295466
0.161708	0.647310
0.161708	0.400695
0.161708	0.688202
0.161708	0.627244
0.161708	0.662549
0.161708	0.000000
0.223858	0.000068
0.223858	0.000207
0.223858	0.000164
0.223858	0.000000
0.223858	0.000073
0.223858	0.000191
0.223858	0.000000
0.223858	0.000029
0.404780	0.295466
0.404780	0.000000
0.404780	0.295466
0.404780	0.000000
0.404780	0.295466
0.404780	0.000000
0.404780	0.355547
0.404780	0.000000
0.404780	0.000000
0.133674	0.024259
0.133674	0.000000
0.133674	0.032919
0.133674	0.000000
0.133674	0.295466
0.234129	0.033264
0.234129	0.000000
0.234129	0.200840
0.234129	0.000000
0.234129	0.059423
0.234129	0.142424
0.234129	0.000000
0.234129	0.094459
0.234129	0.000000
0.234129	0.023631
0.234129	0.103077
0.234129	0.000000
0.214978	0.138547
0.214978	0.000000
0.214978	0.295466
0.214978	0.295466
0.214978	0.000000
0.214978	0.000000
0.214978	0.000000
0.214978	0.000000
0.253068	0.000001
0.253068	0.000001
0.253068	0.000011
0.253068	0.000000
0.253068	0.000000
0.253068	0.000000
0.253068	0.000044
0.253068	0.000037
0.131604	0.000435
0.131604	0.000000
0.131604	0.000687
0.131604	0.000422
0.131604	0.000863
0.131604	0.000000
0.131604	0.000000
0.131604	0.000000
0.131604	0.000000
0.134846	0.000000
0.134846	0.000000
0.134846	0.000000
0.134846	0.000000
0.134846	0.000000
0.134846	0.000033
0.134846	0.000000
0.134846	0.000000
0.063199	0.000000
0.063199	0.000000
0.063199	0.000000
0.063199	0.000131
0.063199	0.000000
0.063199	0.000000
0.063199	0.000000
0.063199	0.000000
0.043063	0.025920
0.043063	0.000000
0.043063	0.007112
0.043063	0.003397
0.043063	0.000000
0.043063	0.000000
0.043063	0.000000
0.043063	0.000000
0.043063	0.000000
0.091319	0.000000
0.091319	0.000579
0.091319	0.001158
0.091319	0.000000
0.091319	0.000000
0.091319	0.001784
0.091319	0.000367
0.091319	0.012452
0.038703	0.025687
0.038703	0.154468
0.038703	0.062453
0.038703	0.000000
0.038703	0.000000
0.038703	0.027314
0.038703	0.092678
0.038703	0.000000
0.117062	0.099975
0.117062	0.000000
0.117062	0.295466
0.117062	0.000000
0.117062	0.000000
0.117062	0.000000
0.117062	0.000000
0.117062	0.000000
0.117062	0.000000
0.124161	0.295466
0.124161	0.000000
0.124161	0.351663
0.124161	0.353144
0.124161	0.511839
0.124161	0.000000
0.124161	0.000000
0.124161	0.000000
0.124161	0.000000
0.124161	0.000000
0.124161	0.000000
0.127092	0.000513
0.127092	0.002201
0.127092	0.001043
0.127092	0.295466
0.127092	0.000208
0.127092	0.002143
0.127092	0.010255
0.127092	0.002842
0.127092	0.000000
0.127092	0.001614
0.127092	0.000350
0.129311	0.002769
0.129311	0.001062
0.129311	0.003439
0.129311	0.000000
0.129311	0.226361
0.129311	0.006838
0.129311	0.010190
0.129311	0.002608
0.129311	0.009838
0.129311	0.002952
0.129311	0.004573
0.145330	0.063119
0.145330	0.053854
0.145330	0.034319
0.145330	0.064652
0.145330	0.295466
0.145330	0.295466
0.145330	0.037845
0.151906	0.202747
0.151906	0.000000
0.151906	0.096793
0.151906	0.091674
0.151906	0.000000
0.151906	0.104743
0.151906	0.038852
0.184489	0.232091
0.184489	0.203513
0.184489	0.295466
0.184489	0.131519
0.184489	0.038941
0.184489	0.295466
0.184489	0.052199
0.184489	0.000000
0.184489	0.295466
0.184489	0.513064
0.184489	0.227004
0.184489	0.208456
0.088954	0.402821
0.088954	0.127823
0.088954	0.392938
0.088954	0.481443
0.088954	0.537643
0.088954	0.000000
0.088954	0.000000
0.088954	0.729619
0.075016	0.000042
0.075016	0.000015
0.075016	0.000065
0.075016	0.000037
0.075016	0.000004
0.075016	0.000000
0.075191	0.000000
0.075191	0.000000
0.075191	0.000000
0.075191	0.000000
0.075191	0.000000
0.075191	0.000009
0.053317	0.000000
0.053317	0.000000
0.053317	0.000000
0.053317	0.000000
0.053317	0.000000
0.053317	0.000000
0.053317	0.000000
0.165644	0.000000
0.165644	0.000000
0.165644	0.000000
0.165644	0.000000
0.165644	0.000000
0.165644	0.000000
0.165644	0.000000
0.066239	0.000000
0.066239	0.000000
0.066239	0.000000
0.066239	0.000000
0.066239	0.000000
0.066239	0.000000
0.066239	0.000000
0.066239	0.000000
0.085111	0.000000
0.085111	0.000000
0.085111	0.000000
0.085111	0.000000
0.085111	0.000000
0.085111	0.000000
0.085111	0.000000
0.089689	0.000000
0.089689	0.000000
0.089689	0.000000
0.089689	0.000000
0.089689	0.000000
0.089689	0.000000
0.089689	0.000000
0.089689	0.000000
0.089689	0.000000
0.353901	0.000000
0.353901	0.000000
0.353901	0.000000
0.353901	0.000000
0.353901	0.000000
0.353901	0.000000
0.353901	0.000000
0.353901	0.000000
0.353901	0.000000
0.086435	0.000000
0.086435	0.000000
0.086435	0.000000
0.086435	0.000000
0.086435	0.000000
0.086435	0.000000
0.086435	0.000000
0.058801	0.000000
0.058801	0.000000
0.058801	0.000000
0.058801	0.000000
0.058801	0.000000
0.058801	0.000000
0.058801	0.000000
0.058801	0.000000
0.109381	0.000000
0.109381	0.000000
0.109381	0.000000
0.109381	0.000000
0.109381	0.000000
0.109381	0.000000
0.109381	0.000000
0.109381	0.000000
0.109381	0.000000
0.154565	0.000000
0.154565	0.000000
0.154565	0.000000
0.154565	0.000000
0.154565	0.000000
0.154565	0.000000
0.154565	0.000000
0.154565	0.000000
0.154565	0.000000
0.058167	0.000000
0.058167	0.000000
0.058167	0.000000
0.058167	0.000000
0.058167	0.000000
0.058167	0.000000
0.058167	0.000000
0.058167	0.000000
0.058167	0.000000
0.058167	0.000000
0.039846	0.000000
0.039846	0.000000
0.039846	0.000000
0.039846	0.000000
0.039846	0.000000
0.039846	0.000000
0.039846	0.000000
0.078123	0.000000
0.078123	0.000000
0.078123	0.000000
0.078123	0.000000
0.078123	0.000000
0.078123	0.000000
0.078123	0.000000
0.078123	0.000000
0.078123	0.000000
0.077935	0.000000
0.077935	0.000000
0.077935	0.000000
0.077935	0.000000
0.077935	0.000000
0.077935	0.000000
0.077935	0.000000
0.077935	0.000000
0.074506	0.000000
0.074506	0.000000
0.074506	0.000000
0.074506	0.000000
0.074506	0.000000
0.074506	0.000000
0.074506	0.000000
0.074506	0.000000
0.074506	0.000000
0.109471	0.000000
0.109471	0.000000
0.109471	0.000000
0.109471	0.000000
0.059318	0.000000
0.059318	0.000000
0.059318	0.000000
0.059318	0.000000
0.059318	0.000000
0.059318	0.000000
0.059318	0.000000
0.082549	0.000000
0.082549	0.000000
0.082549	0.000000
0.082549	0.000000
0.082549	0.000000
0.082549	0.000000
0.082549	0.000000
0.082549	0.000000
0.061466	0.000000
0.061466	0.000000
0.061466	0.000000
0.061466	0.000000
0.061466	0.000000
0.061466	0.000000
0.061466	0.000000
0.061466	0.000000
0.211889	0.000067
0.211889	0.000000
0.211889	0.000243
0.211889	0.010172
0.211889	0.000251
0.211889	0.000000
0.211889	0.000083
0.211889	0.000000
0.211889	0.000000
0.176088	0.000000
0.176088	0.000000
0.176088	0.000000
0.176088	0.000000
0.176088	0.000000
0.176088	0.000000
0.176088	0.000000
0.176088	0.000082
0.078620	0.000000
0.078620	0.000000
0.078620	0.000000
0.078620	0.000000
0.078620	0.000000
0.078620	0.000078
0.078620	0.000000
0.078620	0.000000
0.095636	0.006076
0.095636	0.000000
0.095636	0.020700
0.095636	0.000000
0.248836	0.295466
0.248836	0.000000
0.248836	0.312577
0.248836	0.000000
0.248836	0.433217
0.248836	0.295466
0.248836	0.363866
0.248836	0.000000
0.248836	0.000000
0.118463	0.002321
0.118463	0.001729
0.118463	0.002858
0.118463	0.000476
0.118463	0.000954
0.118463	0.005115
0.118463	0.000092
0.118463	0.079126
0.118908	0.614779
0.118908	0.416731
0.118908	0.453064
0.118908	0.439499
0.118908	0.000000
0.118908	0.000000
0.118908	0.444647
0.118908	0.000000
0.124269	0.295466
0.124269	0.295466
0.124269	0.295466
0.124269	0.271528
0.124269	0.000000
0.124269	0.000000
0.124269	0.000000
0.194379	0.607085
0.194379	0.499297
0.194379	0.527312
0.194379	0.612270
0.194379	0.000000
0.194379	0.000000
0.194379	0.000000
0.194379	0.000000
0.194379	0.000000
0.179326	0.144480
0.179326	0.295466
0.179326	0.164222
0.179326	0.066248
0.179326	0.045853
0.179326	0.000000
0.179326	0.295466
0.076673	0.004029
0.076673	0.006567
0.076673	0.009940
0.076673	0.003723
0.076673	0.005062
0.076673	0.002373
0.076673	0.041295
0.076673	0.001150
0.333681	0.316085
0.333681	0.295466
0.333681	0.363747
0.333681	0.323616
0.333681	0.341623
0.333681	0.295466
0.333681	0.378676
0.333681	0.000000
0.333681	0.560529
0.325371	0.312156
0.325371	0.349875
0.325371	0.339971
0.325371	0.414790
0.325371	0.338355
0.325371	0.591409
0.325371	0.000000
0.325371	0.000000
0.325371	0.000000
0.180553	0.000342
0.180553	0.000348
0.180553	0.000607
0.180553	0.000466
0.180553	0.000649
0.180553	0.000616
0.180553	0.001766
0.180553	0.003649
0.151928	0.052182
0.151928	0.043247
0.151928	0.136826
0.151928	0.068686
0.151928	0.093923
0.151928	0.086257
0.151928	0.118892
0.151928	0.019932
0.216264	0.295466
0.216264	0.295466
0.216264	0.295466
0.216264	0.295466
0.216264	0.295466
0.216264	0.295466
0.216264	0.295466
0.216264	0.327747
0.216264	0.295466
0.216264	0.000000
0.216264	0.295466
0.216264	0.000000
0.241490	0.295466
0.241490	0.295466
0.241490	0.295466
0.241490	0.295466
0.241490	0.295466
0.241490	0.540770
0.241490	0.000000
0.241490	0.629774
0.241490	0.000000
0.057381	0.001017
0.057381	0.001141
0.057381	0.002726
0.057381	0.000000
0.057381	0.000734
0.057381	0.000000
0.057381	0.000189
0.163853	0.295466
0.163853	0.000000
0.163853	0.350640
0.163853	0.000000
0.163853	0.738630
0.163853	0.000000
0.163853	0.000000
0.163853	0.000000
0.064694	0.295466
0.064694	0.000000
0.064694	0.295466
0.064694	0.000000
0.121077	0.297941
0.121077	0.000000
0.121077	0.333046
0.121077	0.000000
0.121077	0.000000
0.121077	0.000000
0.121077	0.000000
0.121077	0.000000
0.121077	0.000000
0.138493	0.295466
0.138493	0.000000
0.138493	0.295466
0.138493	0.000000
0.138493	0.000000
0.138493	0.295466
0.138493	0.000000
0.138493	0.000000
0.076313	0.295466
0.076313	0.000000
0.076313	0.295466
0.076313	0.000000
0.076313	0.295466
0.076313	0.000000
0.076313	0.343127
0.076313	0.000000
0.076313	0.000000
0.160870	0.368590
0.160870	0.000000
0.160870	0.295466
0.160870	0.295466
0.160870	0.324762
0.160870	0.000000
0.160870	0.000000
0.160870	0.000000
0.160870	0.000000
0.067260	0.001151
0.067260	0.000344
0.067260	0.000431
0.067260	0.000581
0.067260	0.000279
0.067260	0.019801
0.067260	0.000000
0.161300	0.000000
0.161300	0.000000
0.161300	0.000020
0.161300	0.000000
0.161300	0.000000
0.161300	0.000000
0.039071	0.000051
0.039071	0.000237
0.039071	0.000059
0.039071	0.000000
0.039071	0.000087
0.039071	0.000000
0.039071	0.000000
0.128129	0.000000
0.128129	0.000038
0.128129	0.000000
0.128129	0.000008
0.128129	0.000000
0.128129	0.000000
0.128129	0.000000
0.115446	0.000000
0.115446	0.000000
0.115446	0.000000
0.115446	0.000000
0.115446	0.000000
0.195299	0.000302
0.195299	0.001944
0.195299	0.000961
0.195299	0.000515
0.195299	0.001072
0.195299	0.066814
0.195299	0.000000
0.195299	0.000000
0.195299	0.000000
0.230120	0.256248
0.230120	0.295466
0.230120	0.295466
0.230120	0.000000
0.230120	0.000000
0.230120	0.000000
0.230120	0.000000
0.230120	0.000000
0.230120	0.000000
0.175092	0.001974
0.175092	0.011551
0.175092	0.001321
0.175092	0.000701
0.175092	0.000651
0.175092	0.003230
0.175092	0.002383
0.175092	0.000699
0.175092	0.003650
0.175092	0.178011
0.175092	0.024232
0.215481	0.000000
0.215481	0.000000
0.215481	0.000000
0.215481	0.000000
0.215481	0.000000
0.215481	0.000000
0.215481	0.000000
0.215481	0.000000
0.196419	0.295466
0.196419	0.000000
0.196419	0.000000
0.196419	0.000000
0.196419	0.000000
0.196419	0.000000
0.196419	0.000000
0.196419	0.000000
0.196419	0.000000
0.247987	0.295466
0.247987	0.000000
0.247987	0.295466
0.247987	0.000000
0.247987	0.000000
0.247987	0.000000
0.247987	0.000000
0.247987	0.000000
0.247987	0.000000
0.195526	0.295466
0.195526	0.000000
0.195526	0.295466
0.195526	0.000000
0.195526	0.000000
0.195526	0.295466
0.195526	0.000000
0.195526	0.295466
0.195526	0.000000
0.195526	0.295466
0.023732	0.295466
0.023732	0.000000
0.023732	0.000000
0.023732	0.000000
0.023732	0.000000
0.023732	0.000000
0.023732	0.000000
0.023732	0.000000
0.023732	0.000000
0.023732	0.000000
0.437524	0.000238
0.437524	0.000000
0.437524	0.000000
0.437524	0.004133
0.437524	0.000000
0.437524	0.000732
0.437524	0.002242
0.437524	0.000000
0.437524	0.291088
0.437524	0.000000
0.437524	0.000000
0.437524	0.000000
