Ground Truth	Predictions
0.067110	0.000000
0.067110	0.000000
0.067110	0.302886
0.067110	0.302886
0.067110	0.000000
0.067110	0.000000
0.067110	0.000000
0.067110	0.000000
0.075645	0.000000
0.075645	0.000000
0.075645	0.302886
0.075645	0.302886
0.075645	0.000000
0.075645	0.000000
0.075645	0.000000
0.075645	0.000000
0.075645	0.000000
0.105551	0.000000
0.105551	0.000000
0.105551	0.000000
0.105551	0.000000
0.105551	0.000000
0.105551	0.000000
0.105551	0.000000
0.105551	0.000000
0.116628	0.000000
0.116628	0.000000
0.116628	0.000000
0.116628	0.000000
0.116628	0.000000
0.116628	0.000000
0.116628	0.000000
0.083453	0.000011
0.083453	0.022407
0.083453	0.016547
0.083453	0.009194
0.083453	0.000000
0.083453	0.000000
0.064803	0.494092
0.064803	0.000000
0.064803	0.519006
0.064803	0.617788
0.064803	0.922450
0.064803	0.742981
0.064803	0.000000
0.064803	0.860139
0.064803	0.000000
0.064803	0.000000
0.096664	0.000000
0.096664	0.000516
0.096664	0.000601
0.096664	0.001703
0.096664	0.000002
0.096664	0.000212
0.096664	0.000002
0.096664	0.012715
0.124938	0.024992
0.124938	0.066198
0.124938	0.156845
0.124938	0.000000
0.124938	0.000000
0.124938	0.024682
0.124938	0.000000
0.124938	0.024973
0.104579	0.132997
0.104579	0.000000
0.104579	0.302886
0.104579	0.000000
0.104579	0.000000
0.104579	0.000000
0.104579	0.000000
0.070630	0.452368
0.070630	0.000000
0.070630	0.618070
0.070630	0.000000
0.070630	0.813710
0.238075	0.967163
0.238075	0.952218
0.238075	0.974813
0.238075	0.000000
0.238075	0.983234
0.238075	0.998353
0.238075	0.983346
0.238075	0.994799
0.238075	0.999648
0.180650	0.769384
0.180650	0.000000
0.180650	0.741572
0.180650	0.000000
0.180650	0.000000
0.180650	0.975330
0.180650	0.464600
0.181097	0.995687
0.181097	0.000000
0.181097	0.991542
0.181097	0.998679
0.181097	0.000000
0.181097	0.000000
0.181097	0.000000
0.181097	0.000000
0.181097	0.000000
0.351104	0.000000
0.351104	0.988629
0.351104	0.964655
0.351104	0.000000
0.351104	0.000000
0.351104	0.000000
0.351104	0.000000
0.351104	0.000000
0.351104	0.000000
0.235809	0.408858
0.235809	0.378889
0.235809	0.325636
0.235809	0.813162
0.235809	0.000000
0.235809	0.386502
0.235809	0.000000
0.235809	0.302886
0.171745	0.302886
0.171745	0.302886
0.171745	0.302886
0.171745	0.365820
0.171745	0.302886
0.171745	0.000000
0.171745	0.000000
0.171745	0.000000
0.171745	0.000000
0.171745	0.000000
0.171745	0.000000
0.171745	0.000000
0.104082	0.000251
0.104082	0.000371
0.104082	0.000659
0.104082	0.062041
0.104082	0.000038
0.161433	0.004101
0.161433	0.000000
0.161433	0.018935
0.161433	0.000000
0.161433	0.000000
0.161433	0.000000
0.161433	0.000000
0.161433	0.000000
0.136620	0.000154
0.136620	0.000135
0.136620	0.000082
0.136620	0.000000
0.136620	0.000000
0.136620	0.000000
0.136620	0.000000
0.148694	0.440198
0.148694	0.000000
0.148694	0.302886
0.148694	0.302886
0.148694	0.000000
0.148694	0.000000
0.148694	0.000000
0.148694	0.000000
0.156438	0.302886
0.156438	0.000000
0.156438	0.302886
0.156438	0.000000
0.156438	0.000000
0.156438	0.000000
0.156438	0.000000
0.067119	0.302886
0.067119	0.000000
0.067119	0.302886
0.067119	0.000000
0.067119	0.000000
0.067119	0.000000
0.067119	0.000000
0.125790	0.000000
0.125790	0.000000
0.125790	0.000001
0.125790	0.000000
0.125790	0.000000
0.125790	0.000000
0.125790	0.000000
0.101141	0.066070
0.101141	0.000000
0.101141	0.017387
0.101141	0.115150
0.101141	0.000000
0.101141	0.000000
0.101141	0.000000
0.209328	0.000000
0.209328	0.302886
0.209328	0.302886
0.209328	0.000000
0.209328	0.000000
0.209328	0.000000
0.209328	0.000000
0.209328	0.000000
0.169088	0.000000
0.169088	0.000000
0.169088	0.000000
0.169088	0.000000
0.169088	0.000000
0.169088	0.000000
0.170597	0.000000
0.170597	0.022024
0.170597	0.023008
0.170597	0.008463
0.170597	0.000000
0.170597	0.000000
0.170597	0.000000
0.170597	0.000000
0.274089	0.000000
0.274089	0.000003
0.274089	0.000000
0.274089	0.000000
0.274089	0.000000
0.274089	0.000000
0.274089	0.000000
0.274089	0.000000
0.111642	0.000170
0.111642	0.212941
0.111642	0.004082
0.111642	0.000000
0.111642	0.004344
0.111642	0.302886
0.111642	0.000003
0.111642	0.265883
0.111642	0.000000
0.130762	0.000000
0.130762	0.000005
0.130762	0.000000
0.130762	0.000000
0.130762	0.000002
0.185595	0.000000
0.185595	0.000000
0.185595	0.000000
0.185595	0.000000
0.185595	0.000009
0.185595	0.000000
0.185595	0.000000
0.185595	0.000000
0.488435	0.000000
0.488435	0.000000
0.488435	0.000000
0.488435	0.000000
0.488435	0.000000
0.488435	0.000000
0.488435	0.000000
0.124277	0.000000
0.124277	0.000000
0.124277	0.000000
0.124277	0.000000
0.124277	0.000000
0.124277	0.000000
0.124277	0.000000
0.253807	0.000000
0.253807	0.000000
0.253807	0.000000
0.253807	0.000000
0.253807	0.000000
0.253807	0.000001
0.253807	0.000100
0.253807	0.000032
0.697675	0.000000
0.697675	0.000002
0.697675	0.000002
0.697675	0.000004
0.697675	0.000007
0.697675	0.000036
0.463615	0.019812
0.463615	0.051988
0.463615	0.049687
0.463615	0.118349
0.463615	0.668503
0.463615	0.218076
0.463615	0.825103
0.463615	0.000000
0.195751	0.000017
0.195751	0.000017
0.195751	0.000036
0.195751	0.000015
0.195751	0.000054
0.195751	0.001283
0.195751	0.000018
0.195751	0.002210
0.309984	0.000098
0.309984	0.000476
0.309984	0.000179
0.309984	0.000081
0.309984	0.003701
0.721320	0.445531
0.721320	0.394805
0.721320	0.558296
0.721320	0.645994
0.721320	0.516145
0.721320	0.512666
0.721320	0.677042
0.721320	0.000000
0.159042	0.963472
0.159042	0.982954
0.159042	0.974433
0.159042	0.986350
0.159042	0.000000
0.159042	0.000000
0.159042	0.000000
0.159042	0.990160
0.159042	0.973912
0.159042	0.000000
0.159042	0.987940
0.388714	0.845909
0.388714	0.850179
0.388714	0.895784
0.388714	0.863169
0.388714	0.945092
0.388714	0.945944
0.388714	0.971086
0.388714	0.996084
0.388714	0.998431
0.659124	0.000806
0.659124	0.000938
0.659124	0.001845
0.659124	0.001695
0.659124	0.000862
0.659124	0.001685
0.659124	0.000500
0.659124	0.056706
0.318135	0.000476
0.318135	0.003174
0.318135	0.001633
0.318135	0.094815
0.318135	0.011026
0.318135	0.000000
0.318135	0.000000
0.184822	0.000790
0.184822	0.000000
0.184822	0.002107
0.184822	0.010625
0.184822	0.001041
0.184822	0.000000
0.184822	0.000000
0.134983	0.001090
0.134983	0.008441
0.134983	0.003164
0.134983	0.002225
0.134983	0.002573
0.134983	0.005458
0.134983	0.206201
0.134983	0.008916
0.470455	0.002734
0.470455	0.012051
0.470455	0.006457
0.470455	0.031151
0.470455	0.008376
0.470455	0.108726
0.470455	0.000000
0.470455	0.000000
0.107800	0.122422
0.107800	0.000000
0.107800	0.000000
0.107800	0.000000
0.061886	0.567967
0.061886	0.714550
0.061886	0.479999
0.061886	0.580852
0.061886	0.631526
0.061886	0.588840
0.061886	0.439902
0.061886	0.524059
0.061886	0.728663
0.061886	0.694817
0.061886	0.657860
0.061886	0.787001
0.061886	0.639181
0.061886	0.386699
0.043554	0.000679
0.043554	0.000560
0.043554	0.001440
0.043554	0.000713
0.043554	0.000936
0.197298	0.539834
0.197298	0.507978
0.197298	0.692478
0.197298	0.000000
0.197298	0.000000
0.197298	0.000000
0.197298	0.000000
0.197298	0.000000
0.197298	0.000000
0.091582	0.575058
0.091582	0.000000
0.091582	0.806084
0.091582	0.000000
0.091582	0.648460
0.091582	0.680584
0.091582	0.000000
0.091582	0.942597
0.091582	0.000000
0.091582	0.000000
0.103330	0.000000
0.103330	0.000000
0.103330	0.000000
0.103330	0.000000
0.103330	0.000000
0.103330	0.000000
0.103330	0.000000
0.103330	0.000000
0.161821	0.000000
0.161821	0.000000
0.161821	0.000000
0.161821	0.000000
0.161821	0.000000
0.161821	0.000000
0.161821	0.000000
0.143574	0.000000
0.143574	0.000000
0.143574	0.000076
0.143574	0.000001
0.103825	0.000000
0.103825	0.000000
0.103825	0.000000
0.103825	0.000000
0.103825	0.000000
0.103825	0.000000
0.103825	0.000000
0.103825	0.000000
0.103825	0.000000
0.103825	0.000000
0.103825	0.000000
0.146513	0.000000
0.146513	0.000000
0.146513	0.000000
0.146513	0.000000
0.146513	0.000000
0.146513	0.000000
0.074996	0.000000
0.074996	0.000000
0.074996	0.000102
0.074996	0.000000
0.074996	0.000000
0.074996	0.000000
0.074996	0.000000
0.104098	0.000000
0.104098	0.002016
0.104098	0.000292
0.104098	0.000000
0.104098	0.000000
0.104098	0.000144
0.104098	0.000703
0.104098	0.092924
0.111420	0.000000
0.111420	0.000000
0.111420	0.017721
0.111420	0.000015
0.111420	0.000000
0.111420	0.021634
0.179626	0.000000
0.179626	0.000000
0.179626	0.000000
0.179626	0.000000
0.179626	0.000000
0.179626	0.000000
0.179626	0.000000
0.179626	0.000000
0.083939	0.000000
0.083939	0.302886
0.083939	0.302886
0.083939	0.302886
0.083939	0.000000
0.105200	0.302886
0.105200	0.302886
0.105200	0.346868
0.105200	0.342838
0.105200	0.423006
0.105200	0.316948
0.105200	0.557760
0.105200	0.778413
0.172157	0.353919
0.172157	0.383653
0.172157	0.484727
0.172157	0.453452
0.172157	0.533511
0.172157	0.296000
0.172157	0.453476
0.172157	0.000000
0.172157	0.000000
0.266173	0.001406
0.266173	0.043279
0.266173	0.003495
0.266173	0.001545
0.266173	0.041215
0.266173	0.000000
0.266173	0.000000
0.266173	0.000000
0.054616	0.000000
0.054616	0.000000
0.054616	0.000000
0.054616	0.000000
0.054616	0.000000
0.054616	0.000000
0.059536	0.000000
0.059536	0.000000
0.059536	0.000000
0.059536	0.000000
0.059536	0.000000
0.059536	0.000000
0.059536	0.000000
0.059536	0.000000
0.306433	0.000033
0.306433	0.000104
0.306433	0.000137
0.306433	0.000108
0.306433	0.004066
0.306433	0.000033
0.306433	0.895977
0.306433	0.000961
0.444037	0.695952
0.444037	0.755410
0.444037	0.822400
0.444037	0.000000
0.444037	0.000000
0.444037	0.970610
0.444037	0.000000
0.444037	0.000000
0.444037	0.000000
0.110036	0.000000
0.110036	0.000000
0.110036	0.000000
0.110036	0.000000
0.110036	0.000000
0.110036	0.000000
0.060150	0.000000
0.060150	0.000000
0.060150	0.000000
0.060150	0.000000
0.060150	0.000000
0.514653	0.025242
0.514653	0.240732
0.514653	0.039387
0.514653	0.037374
0.514653	0.669672
0.514653	0.123278
0.514653	0.118606
0.514653	0.043514
0.514653	0.861256
0.514653	0.116170
0.514653	0.023221
0.514653	0.651128
0.514653	0.220358
0.514653	0.751785
0.095504	0.001768
0.095504	0.000320
0.095504	0.001087
0.095504	0.000271
0.095504	0.002888
0.095504	0.000047
0.095504	0.000357
0.095504	0.710581
0.076362	0.000000
0.076362	0.000000
0.076362	0.000000
0.076362	0.000000
0.076362	0.000000
0.076362	0.000000
0.076362	0.000000
0.076362	0.000000
0.076362	0.000000
0.051166	0.000000
0.051166	0.000000
0.051166	0.000000
0.051166	0.000000
0.051166	0.000000
0.051166	0.000000
0.051166	0.000000
0.051166	0.000000
0.186455	0.000153
0.186455	0.002083
0.186455	0.000442
0.186455	0.001033
0.186455	0.000837
0.186455	0.007710
0.186455	0.920841
0.186455	0.717730
0.065206	0.000092
0.065206	0.001004
0.065206	0.000267
0.065206	0.000064
0.065206	0.000084
0.065206	0.001916
0.065206	0.000066
0.065206	0.000008
0.100991	0.000000
0.100991	0.000000
0.100991	0.000000
0.100991	0.000000
0.100991	0.000000
0.100991	0.000000
0.100991	0.000000
0.100991	0.000000
0.131727	0.000393
0.131727	0.942353
0.131727	0.000499
0.131727	0.000515
0.057907	0.000000
0.057907	0.000000
0.057907	0.000000
0.057907	0.000000
0.057907	0.000001
0.057907	0.000000
0.057907	0.000033
0.082847	0.000000
0.082847	0.000000
0.082847	0.000000
0.082847	0.000000
0.082847	0.000000
0.082847	0.000000
0.082847	0.000000
0.257452	0.012414
0.257452	0.034613
0.257452	0.024562
0.257452	0.000000
0.257452	0.002611
0.257452	0.065474
0.257452	0.020926
0.257452	0.785132
0.257452	0.000000
0.257452	0.000000
0.257452	0.000000
0.257452	0.000000
0.224249	0.974162
0.224249	0.000000
0.224249	0.983017
0.224249	0.000000
0.224249	0.972389
0.224249	0.986749
0.224249	0.990903
0.224249	0.983054
0.224249	0.987101
0.224249	0.999779
0.224249	0.994380
0.087219	0.000155
0.087219	0.000173
0.087219	0.000680
0.087219	0.001185
0.087219	0.000158
0.087219	0.000269
0.067218	0.013240
0.067218	0.006823
0.067218	0.033808
0.067218	0.000000
0.067218	0.000000
0.067218	0.002945
0.067218	0.000000
0.067218	0.010014
0.047240	0.302886
0.047240	0.000000
0.047240	0.000000
0.047240	0.000000
0.047240	0.000000
0.047240	0.000000
0.056975	0.302886
0.056975	0.000000
0.056975	0.302886
0.056975	0.000000
0.056975	0.302886
0.056975	0.302886
0.056975	0.302886
0.056975	0.000000
0.056975	0.000000
0.056975	0.000000
0.056975	0.000000
0.084306	0.000000
0.084306	0.810513
0.084306	0.785454
0.084306	0.000000
0.084306	0.000000
0.084306	0.000000
0.084306	0.000000
0.084306	0.000000
0.084306	0.000000
0.068745	0.804316
0.068745	0.353799
0.068745	0.643493
0.068745	0.983613
0.068745	0.000000
0.068745	0.000000
0.068745	0.000000
0.068745	0.000000
0.053618	0.480724
0.053618	0.348340
0.053618	0.510660
0.053618	0.837170
0.053618	0.344141
0.053618	0.565574
0.053618	0.000000
0.053618	0.000000
0.053618	0.000000
0.048355	0.000011
0.048355	0.000005
0.048355	0.000030
0.048355	0.000013
0.048355	0.000026
0.048355	0.001149
0.048355	0.000004
0.048355	0.000011
0.044844	0.000000
0.044844	0.000000
0.044844	0.000000
0.044844	0.000000
0.044844	0.000000
0.044844	0.000000
0.044844	0.000000
0.160730	0.000000
0.160730	0.000000
0.160730	0.000000
0.160730	0.000032
0.160730	0.000000
0.160730	0.000062
0.160730	0.000000
0.160730	0.000000
0.160730	0.000003
0.160730	0.162839
0.160730	0.000000
0.160730	0.000704
0.203392	0.001416
0.203392	0.014828
0.203392	0.002412
0.203392	0.001131
0.203392	0.002256
0.139029	0.940233
0.139029	0.859905
0.139029	0.859649
0.139029	0.000000
0.139029	0.000000
0.139029	0.000000
0.139029	0.000000
0.139029	0.000000
0.082658	0.529884
0.082658	0.000000
0.082658	0.000000
0.082658	0.000000
0.082658	0.000000
0.082658	0.482873
0.082658	0.492282
0.082658	0.000000
0.145621	0.000000
0.145621	0.000000
0.145621	0.000000
0.145621	0.000000
0.145621	0.000000
0.145621	0.000000
0.145621	0.000000
0.145621	0.000000
0.145621	0.000000
0.145621	0.000000
0.145621	0.000000
0.145621	0.000001
0.063731	0.000000
0.063731	0.000009
0.063731	0.000058
0.063731	0.000000
0.063731	0.000000
0.063731	0.000016
0.063731	0.000092
0.063731	0.000000
0.099743	0.000000
0.099743	0.000000
0.099743	0.000000
0.099743	0.000000
0.099743	0.000000
0.099743	0.000000
0.099743	0.000000
0.099743	0.000000
0.089211	0.302886
0.089211	0.179627
0.089211	0.302886
0.089211	0.053842
0.089211	0.000000
0.089211	0.000000
0.089211	0.160306
0.089211	0.000000
0.059870	0.438994
0.059870	0.532884
0.059870	0.302886
0.059870	0.302886
0.059870	0.000000
0.059870	0.325113
0.059870	0.000000
0.059870	0.000000
0.059870	0.000000
0.043302	0.302886
0.043302	0.302886
0.043302	0.302886
0.043302	0.302886
0.043302	0.000000
0.043302	0.000000
0.043302	0.000000
0.043302	0.000000
0.149094	0.033399
0.149094	0.027212
0.149094	0.027095
0.149094	0.016252
0.149094	0.000000
0.149094	0.302886
0.149094	0.302886
0.149094	0.000000
0.149094	0.815464
0.104605	0.000000
0.104605	0.000000
0.104605	0.000000
0.104605	0.000000
0.104605	0.000000
0.104605	0.000000
0.026225	0.103844
0.026225	0.000000
0.026225	0.302886
0.026225	0.000000
0.026225	0.000000
0.026225	0.000000
0.026225	0.000000
0.026225	0.000000
0.026225	0.000000
0.151966	0.000000
0.151966	0.000000
0.151966	0.000003
0.151966	0.000000
0.151966	0.000068
0.151966	0.000008
0.151966	0.000000
0.151966	0.000000
0.164666	0.000000
0.164666	0.000001
0.164666	0.000002
0.164666	0.000175
0.164666	0.000000
0.122829	0.000001
0.122829	0.000000
0.122829	0.000000
0.122829	0.000000
0.141106	0.000000
0.141106	0.000003
0.141106	0.000002
0.141106	0.000000
0.141106	0.000000
0.141106	0.000000
0.141106	0.000014
0.141106	0.000000
0.061650	0.000337
0.061650	0.000026
0.061650	0.000033
0.061650	0.000016
0.061650	0.000000
0.061650	0.000029
0.061650	0.001417
0.061650	0.000000
0.298856	0.620348
0.298856	0.000000
0.298856	0.441737
0.298856	0.000000
0.298856	0.000000
0.298856	0.000000
0.298856	0.000000
0.298856	0.000000
0.144608	0.000864
0.144608	0.000783
0.144608	0.000091
0.144608	0.000038
0.144608	0.043671
0.144608	0.000058
0.144608	0.000114
0.144608	0.008585
0.102347	0.008098
0.102347	0.005066
0.102347	0.077982
0.102347	0.074809
0.102347	0.528023
0.102347	0.007013
0.102347	0.266275
0.102347	0.016063
0.091158	0.241633
0.091158	0.392898
0.091158	0.417068
0.091158	0.650278
0.091158	0.000000
0.091158	0.000000
0.091158	0.000000
0.091158	0.000000
0.147991	0.011676
0.147991	0.013385
0.147991	0.012493
0.147991	0.032021
0.147991	0.834651
0.084977	0.000031
0.084977	0.000126
0.084977	0.000098
0.084977	0.000028
0.084977	0.000026
0.084977	0.000021
0.084977	0.000027
0.084977	0.229904
0.078862	0.000094
0.078862	0.000098
0.078862	0.000293
0.078862	0.000052
0.078862	0.000690
0.078862	0.000124
0.078862	0.013123
0.078862	0.000000
0.135149	0.686563
0.135149	0.828394
0.135149	0.791947
0.135149	0.000000
0.135149	0.000000
0.135149	0.000000
0.135149	0.000000
0.135149	0.000000
0.135149	0.000000
0.074498	0.000000
0.074498	0.000000
0.074498	0.000000
0.074498	0.000000
0.074498	0.000000
0.074498	0.000000
0.074498	0.000000
0.074498	0.000000
0.107443	0.000000
0.107443	0.000000
0.107443	0.000000
0.107443	0.000000
0.107443	0.000000
0.107443	0.000000
0.107443	0.000000
0.126132	0.428232
0.126132	0.406788
0.126132	0.643306
0.126132	0.000000
0.126132	0.000000
0.126132	0.000000
0.126132	0.000000
0.126132	0.000000
0.126132	0.000000
0.063616	0.000000
0.063616	0.000000
0.063616	0.000000
0.063616	0.000000
0.063616	0.000000
0.063616	0.000000
0.063616	0.000000
0.063616	0.000000
0.063616	0.000000
0.082864	0.000000
0.082864	0.000000
0.082864	0.000000
0.082864	0.000000
0.082864	0.000000
0.082864	0.000000
0.082864	0.000000
0.082864	0.000000
0.082864	0.000000
0.082864	0.000000
0.082864	0.000000
0.082864	0.000000
0.115356	0.531209
0.115356	0.000000
0.115356	0.000000
0.115356	0.000000
0.115356	0.000000
0.115356	0.600164
0.115356	0.000000
0.115356	0.000000
0.115356	0.000000
0.025650	0.000000
0.025650	0.000000
0.025650	0.000000
0.025650	0.000000
0.025650	0.000000
0.025650	0.000000
0.047223	0.000000
0.047223	0.000000
0.047223	0.000000
0.047223	0.000000
0.047223	0.000000
0.047223	0.000000
0.047223	0.000000
0.047223	0.000000
0.112452	0.000000
0.112452	0.000000
0.112452	0.000000
0.112452	0.000000
0.112452	0.000000
0.112452	0.000000
0.112452	0.000000
0.112452	0.000000
0.112452	0.000000
0.118745	0.000000
0.118745	0.000000
0.118745	0.000000
0.118745	0.000000
0.118745	0.000000
0.118745	0.000000
0.118745	0.000000
0.118745	0.000000
0.083217	0.000000
0.083217	0.000000
0.083217	0.000000
0.083217	0.000000
0.083217	0.000000
0.083217	0.000000
0.083217	0.000000
0.083217	0.000000
0.083217	0.000000
0.201226	0.000000
0.201226	0.722848
0.201226	0.787144
0.201226	0.748546
0.201226	0.000000
0.201226	0.756338
0.201226	0.000000
0.201226	0.977385
0.201226	0.000000
0.074113	0.643530
0.074113	0.569809
0.074113	0.741468
0.074113	0.727938
0.074113	0.458098
0.074113	0.000000
0.074113	0.000000
0.074113	0.000000
0.074113	0.000000
0.124350	0.000000
0.124350	0.000000
0.124350	0.000000
0.124350	0.000000
0.124350	0.000000
0.124350	0.000000
0.124350	0.000000
0.124350	0.000000
0.124350	0.000000
0.128928	0.000000
0.128928	0.000000
0.128928	0.000000
0.128928	0.000000
0.128928	0.000000
0.128928	0.000000
0.128928	0.000000
0.128928	0.000000
0.128928	0.000000
0.128928	0.000000
0.128928	0.000000
0.066910	0.000000
0.066910	0.000000
0.066910	0.000000
0.066910	0.000000
0.066910	0.000000
0.066910	0.000000
0.066910	0.000000
0.053934	0.000000
0.053934	0.000000
0.053934	0.000000
0.053934	0.000000
0.053934	0.000000
0.053934	0.000000
0.053934	0.000000
0.141200	0.000000
0.141200	0.000000
0.141200	0.000000
0.141200	0.000000
0.141200	0.000000
0.141200	0.000000
0.141200	0.000000
0.141200	0.000000
0.147971	0.000000
0.147971	0.000000
0.147971	0.000000
0.147971	0.000000
0.147971	0.000000
0.147971	0.000000
0.147971	0.000000
0.147971	0.000000
0.147971	0.000000
0.061275	0.000011
0.061275	0.000022
0.061275	0.000018
0.061275	0.000023
0.061275	0.000002
0.052594	0.000000
0.052594	0.000000
0.052594	0.000000
0.052594	0.000000
0.052594	0.000000
0.052594	0.000000
0.052594	0.000000
0.052594	0.000000
0.071816	0.000000
0.071816	0.000000
0.071816	0.000000
0.071816	0.000000
0.071816	0.000000
0.062733	0.000000
0.062733	0.000000
0.062733	0.000000
0.062733	0.000000
0.062733	0.000000
0.062733	0.000000
0.062733	0.000000
0.062733	0.000000
0.057159	0.000000
0.057159	0.000000
0.057159	0.000000
0.057159	0.000000
0.057159	0.000000
0.090570	0.000000
0.090570	0.000000
0.090570	0.000000
0.090570	0.000000
0.090570	0.000000
0.090570	0.000000
0.090570	0.000000
0.090570	0.000000
0.066149	0.000000
0.066149	0.000000
0.066149	0.000000
0.066149	0.000000
0.066149	0.000000
0.066149	0.000000
0.177542	0.429288
0.177542	0.000000
0.177542	0.001431
0.177542	0.000000
0.177542	0.000000
0.177542	0.000000
0.177542	0.000000
0.177542	0.000000
0.084880	0.000000
0.084880	0.000000
0.084880	0.000000
0.084880	0.000000
0.084880	0.000000
0.084880	0.000000
0.125862	0.000000
0.125862	0.000000
0.125862	0.000000
0.125862	0.000000
0.125862	0.000000
0.125862	0.000000
0.125862	0.000000
0.125862	0.000000
0.095506	0.009998
0.095506	0.000000
0.095506	0.000000
0.095506	0.000000
0.095506	0.000000
0.095506	0.000000
0.095506	0.000000
0.095506	0.000000
0.095506	0.000000
0.095506	0.000000
0.067404	0.000000
0.067404	0.000000
0.067404	0.000000
0.067404	0.000000
0.067404	0.000000
0.067404	0.000000
0.067404	0.000000
0.067404	0.000000
0.062406	0.547859
0.062406	0.000000
0.062406	0.000000
0.062406	0.000000
0.062406	0.000000
0.062406	0.000000
0.062406	0.000000
0.062406	0.000000
0.062406	0.000000
0.086145	0.302886
0.086145	0.000000
0.086145	0.302886
0.086145	0.330059
0.086145	0.000000
0.086145	0.000000
0.086145	0.000000
0.086145	0.000000
0.231174	0.000000
0.231174	0.000000
0.231174	0.000000
0.231174	0.000000
0.231174	0.000000
0.231174	0.000000
0.231174	0.000000
0.171098	0.000000
0.171098	0.000076
0.171098	0.000028
0.171098	0.000000
0.171098	0.000000
0.171098	0.000000
0.171098	0.000000
0.171098	0.000000
0.171098	0.000000
0.080019	0.000553
0.080019	0.005964
0.080019	0.000682
0.080019	0.022211
0.080019	0.000000
0.098224	0.000000
0.098224	0.000000
0.098224	0.000000
0.098224	0.000000
0.098224	0.000000
0.098224	0.000000
0.098224	0.000000
0.313382	0.000000
0.313382	0.000000
0.313382	0.000000
0.313382	0.000000
0.313382	0.000000
0.313382	0.000000
0.313382	0.000000
0.313382	0.000000
0.313382	0.000000
0.041648	0.000000
0.041648	0.000016
0.041648	0.000005
0.041648	0.000000
0.041648	0.000000
0.041648	0.000000
0.041648	0.000000
0.041648	0.000000
0.041648	0.000000
0.119631	0.000000
0.119631	0.000000
0.119631	0.000000
0.119631	0.000000
0.119631	0.000000
0.119631	0.000000
0.119631	0.000000
0.119631	0.000000
0.133763	0.000000
0.133763	0.000000
0.133763	0.000000
0.133763	0.000000
0.133763	0.000000
0.133763	0.000000
0.133763	0.000000
0.133763	0.000000
0.133763	0.000000
0.175440	0.000000
0.175440	0.000000
0.175440	0.000000
0.175440	0.000000
0.175440	0.000000
0.175440	0.000000
0.175440	0.000000
0.175440	0.000000
0.104587	0.000000
0.104587	0.000000
0.104587	0.000000
0.104587	0.000000
0.104587	0.000000
0.104587	0.000000
0.104587	0.000000
0.062303	0.000000
0.062303	0.000000
0.062303	0.000000
0.062303	0.000000
0.062303	0.000000
0.062303	0.000000
0.062303	0.000000
0.062303	0.000000
0.127109	0.000000
0.127109	0.000000
0.127109	0.000000
0.127109	0.000000
0.127109	0.000000
0.127109	0.000000
0.127109	0.000000
0.127109	0.000000
0.127109	0.000000
0.127109	0.000000
0.060952	0.000000
0.060952	0.000000
0.060952	0.000000
0.060952	0.000000
0.060952	0.000000
0.060952	0.000000
0.060952	0.000000
0.060952	0.000000
0.060952	0.000000
0.079138	0.000001
0.079138	0.000002
0.079138	0.000002
0.079138	0.000000
0.079138	0.000000
0.105831	0.000000
0.105831	0.000000
0.105831	0.000000
0.105831	0.000000
0.105831	0.000000
0.105831	0.000000
0.105831	0.000000
0.105831	0.000000
0.087362	0.000000
0.087362	0.000000
0.087362	0.000000
0.087362	0.000000
0.087362	0.000000
0.087362	0.000000
0.087362	0.000000
0.087362	0.000000
0.087362	0.000000
0.052219	0.055577
0.052219	0.302886
0.052219	0.298735
0.052219	0.000000
0.052219	0.000000
0.052219	0.000000
0.052219	0.000000
0.052219	0.000000
0.075799	0.000000
0.075799	0.000000
0.075799	0.000000
0.075799	0.000000
0.075799	0.000000
0.075799	0.000000
0.075799	0.000000
0.075799	0.000000
0.075799	0.000000
0.075799	0.000000
0.075799	0.000000
0.075799	0.000000
0.053433	0.000000
0.053433	0.000000
0.053433	0.000000
0.053433	0.000000
0.053433	0.000000
0.053433	0.000000
0.053433	0.000000
0.053433	0.000000
0.053433	0.000000
0.063469	0.000000
0.063469	0.000000
0.063469	0.000000
0.063469	0.000000
0.063469	0.000000
0.064884	0.013904
0.064884	0.000000
0.064884	0.051467
0.064884	0.000000
0.079224	0.000000
0.079224	0.000000
0.079224	0.460245
0.079224	0.000000
0.079224	0.179794
0.079224	0.021119
0.079224	0.000000
0.079224	0.000000
0.079224	0.000000
0.089134	0.000000
0.089134	0.000000
0.089134	0.000000
0.089134	0.000000
0.089134	0.000000
0.089134	0.000000
0.089134	0.000000
0.089134	0.000000
0.089134	0.000000
0.089134	0.000000
0.123977	0.000000
0.123977	0.000000
0.123977	0.000000
0.123977	0.000000
0.123977	0.000000
0.123977	0.000000
0.123977	0.000000
0.123977	0.000000
0.077210	0.739511
0.077210	0.000000
0.077210	0.740529
0.077210	0.000000
0.077210	0.000000
0.077210	0.000000
0.077210	0.000000
0.077210	0.000000
0.077210	0.000000
0.045118	0.342804
0.045118	0.387264
0.045118	0.397830
0.045118	0.697966
0.045118	0.000000
0.045118	0.000000
0.045118	0.000000
0.045118	0.000000
0.141743	0.000000
0.141743	0.000000
0.141743	0.000000
0.141743	0.000000
0.141743	0.000000
0.141743	0.000000
0.141743	0.000000
0.039948	0.880809
0.039948	0.000000
0.039948	0.955632
0.039948	0.936355
0.039948	0.997252
0.039948	0.000000
0.039948	0.000000
0.039948	0.000000
0.039948	0.000000
0.039948	0.000000
0.039948	0.000000
0.083630	0.886495
0.083630	0.831609
0.083630	0.877019
0.083630	0.070611
0.083630	0.900487
0.083630	0.805759
0.083630	0.988398
0.083630	0.915574
0.083630	0.892468
0.083630	0.000000
0.083630	0.937694
0.084983	0.000000
0.084983	0.000000
0.084983	0.000000
0.084983	0.000000
0.084983	0.000000
0.065104	0.000000
0.065104	0.000000
0.065104	0.000000
0.065104	0.000000
0.035349	0.000000
0.035349	0.000000
0.035349	0.000000
0.035349	0.000000
0.035349	0.000000
0.035349	0.000000
0.035349	0.000000
0.035349	0.000000
0.035349	0.000000
0.168768	0.000000
0.168768	0.000000
0.168768	0.000000
0.168768	0.000000
0.168768	0.000000
0.168768	0.000000
0.168768	0.000000
0.168768	0.000000
0.032869	0.000000
0.032869	0.000000
0.032869	0.000000
0.032869	0.000000
0.032869	0.000000
0.032869	0.000000
0.032869	0.000000
0.032869	0.000000
0.037376	0.000000
0.037376	0.000000
0.037376	0.000000
0.037376	0.000000
0.037376	0.000000
0.037376	0.000000
0.037376	0.000000
0.037376	0.000000
0.078379	0.000000
0.078379	0.000000
0.078379	0.000000
0.078379	0.000000
0.078379	0.000000
0.078379	0.000000
0.078379	0.000000
0.131514	0.000000
0.131514	0.000000
0.131514	0.000000
0.131514	0.000000
0.131514	0.000000
0.131514	0.000000
0.131514	0.000000
0.131514	0.000000
0.045481	0.000000
0.045481	0.000000
0.045481	0.000000
0.045481	0.000000
0.045481	0.000000
0.045481	0.000000
0.045481	0.000000
0.043979	0.000000
0.043979	0.000000
0.043979	0.000000
0.043979	0.000000
0.043979	0.000000
0.043979	0.000000
0.043979	0.000000
0.043979	0.000000
0.096262	0.000000
0.096262	0.000000
0.096262	0.000000
0.096262	0.000000
0.096262	0.000000
0.096262	0.000000
0.096262	0.000000
0.096262	0.000000
0.100772	0.991198
0.100772	0.991609
0.100772	0.994871
0.100772	0.995255
0.100772	0.000000
0.100772	0.000000
0.100772	0.000000
0.100772	0.998924
0.100772	0.995629
0.100772	0.000000
0.100772	0.000000
0.174836	0.223280
0.174836	0.996163
0.174836	0.987456
0.174836	0.349025
0.174836	0.000000
0.174836	0.000000
0.174836	0.000000
0.174836	0.000000
0.174836	0.000000
0.101805	0.000000
0.101805	0.000000
0.101805	0.000000
0.101805	0.000000
0.101805	0.000000
0.101805	0.000000
0.101805	0.000000
0.083236	0.000375
0.083236	0.000256
0.083236	0.001707
0.083236	0.000271
0.083236	0.045269
0.083236	0.000353
0.087740	0.055055
0.087740	0.436899
0.087740	0.088433
0.087740	0.044093
0.087740	0.000000
0.087740	0.000000
0.087740	0.000000
0.330292	0.743487
0.330292	0.000000
0.330292	0.822388
0.330292	0.000000
0.330292	0.000000
0.330292	0.000000
0.330292	0.000000
0.330292	0.000000
0.330292	0.000000
0.088496	0.000443
0.088496	0.000870
0.088496	0.002358
0.088496	0.000555
0.088496	0.000094
0.387140	0.000000
0.387140	0.000244
0.387140	0.000040
0.387140	0.000000
0.387140	0.000145
0.387140	0.000000
0.387140	0.000000
0.090397	0.799951
0.090397	0.949030
0.090397	0.872747
0.090397	0.908756
0.090397	0.000000
0.090397	0.000000
0.090397	0.000000
0.090397	0.000000
0.090397	0.000000
0.191834	0.448057
0.191834	0.000000
0.191834	0.429205
0.191834	0.436935
0.191834	0.000000
0.191834	0.569849
0.191834	0.000000
0.191834	0.553728
0.191834	0.000000
0.191834	0.621533
0.530997	0.000409
0.530997	0.000390
0.530997	0.001289
0.530997	0.007921
0.530997	0.006510
0.530997	0.004367
0.530997	0.006291
0.530997	0.002648
0.530997	0.026907
0.530997	0.039133
0.530997	0.034942
0.674055	0.089370
0.674055	0.086196
0.674055	0.232952
0.674055	0.000000
0.674055	0.302886
0.674055	0.000000
0.674055	0.000000
0.674055	0.000000
0.674055	0.000000
0.674055	0.000000
0.674055	0.000000
0.674055	0.000000
0.094164	0.527949
0.094164	0.000000
0.094164	0.000000
0.094164	0.000000
0.094164	0.000000
0.094164	0.000000
0.094164	0.000000
0.094164	0.000000
0.324904	0.000585
0.324904	0.000000
0.324904	0.000000
0.324904	0.000000
0.324904	0.000742
0.324904	0.000000
0.324904	0.000000
0.324904	0.000110
0.563102	0.000000
0.563102	0.000000
0.563102	0.012609
0.563102	0.302886
0.563102	0.000000
0.563102	0.000000
0.563102	0.000000
0.632162	0.000000
0.632162	0.004318
0.632162	0.009028
0.632162	0.000000
0.632162	0.000487
0.632162	0.017460
0.632162	0.002368
0.632162	0.000000
0.705605	0.646979
0.705605	0.000000
0.705605	0.377551
0.705605	0.312374
0.705605	0.000000
0.705605	0.500470
0.705605	0.000000
0.705605	0.853681
0.705605	0.000000
0.705605	0.000000
0.406717	0.812164
0.406717	0.635842
0.406717	0.634560
0.406717	0.000000
0.406717	0.000000
0.406717	0.000000
0.406717	0.000000
0.406717	0.000000
0.406717	0.000000
0.629214	0.301531
0.629214	0.000000
0.629214	0.022109
0.629214	0.007426
0.629214	0.000000
0.629214	0.008468
0.629214	0.000000
0.629214	0.015707
0.830892	0.001963
0.830892	0.001605
0.830892	0.003649
0.830892	0.006185
0.830892	0.003843
0.830892	0.013115
0.830892	0.019689
0.830892	0.008580
0.830892	0.342589
0.830892	0.006043
0.830892	0.029871
0.580345	0.002793
0.580345	0.009144
0.580345	0.014753
0.580345	0.004543
0.580345	0.000000
0.580345	0.001630
0.580345	0.000000
0.580345	0.000000
0.519327	0.782046
0.519327	0.000000
0.519327	0.808419
0.519327	0.000000
0.519327	0.000000
0.519327	0.000000
0.519327	0.000000
0.519327	0.000000
0.519327	0.000000
0.758340	0.004230
0.758340	0.033015
0.758340	0.013339
0.758340	0.000000
0.758340	0.011087
0.758340	0.003735
0.758340	0.285533
0.758340	0.000000
0.797641	0.003209
0.797641	0.010565
0.797641	0.007384
0.797641	0.000000
0.797641	0.017241
0.797641	0.003966
0.797641	0.010132
0.797641	0.368276
0.530650	0.850903
0.530650	0.911767
0.530650	0.000000
0.530650	0.000000
0.530650	0.000000
0.530650	0.000000
0.530650	0.000000
0.530650	0.000000
0.530650	0.000000
