Ground Truth	Predictions
0.412909	0.532461
0.412909	0.500138
0.412909	0.496800
0.412909	0.488693
0.412909	0.488893
0.412909	0.494369
0.412909	0.471969
0.412909	0.486114
0.412909	0.526606
0.277770	0.392852
0.277770	0.386348
0.277770	0.403633
0.277770	0.400013
0.277770	0.414806
0.277770	0.409359
0.277770	0.360174
0.277770	0.432018
0.316510	0.445391
0.316510	0.399671
0.316510	0.449433
0.316510	0.430471
0.316510	0.431250
0.316510	0.457407
0.316510	0.422017
0.316510	0.484200
0.316510	0.472100
0.284343	0.466867
0.284343	0.478970
0.284343	0.483704
0.284343	0.465659
0.284343	0.506757
0.284343	0.487282
0.284343	0.492263
0.284343	0.479412
0.284343	0.391333
0.321837	0.473341
0.321837	0.461793
0.321837	0.460099
0.321837	0.447399
0.321837	0.464174
0.321837	0.475873
0.321837	0.470048
0.321837	0.493548
0.321837	0.501283
0.140557	0.399318
0.140557	0.395910
0.140557	0.372727
0.140557	0.362503
0.140557	0.354574
0.140557	0.386840
0.140557	0.388096
0.140557	0.431335
0.140557	0.389108
0.140557	0.467277
0.140557	0.423829
0.136369	0.440279
0.136369	0.460894
0.136369	0.465581
0.136369	0.455108
0.136369	0.460503
0.136369	0.501318
0.136369	0.462133
0.136369	0.499140
0.136369	0.465751
0.149355	0.482988
0.149355	0.467896
0.149355	0.508473
0.149355	0.507775
0.149355	0.513915
0.149355	0.505856
0.149355	0.496637
0.149355	0.534322
0.149355	0.467152
0.103875	0.395286
0.103875	0.404311
0.103875	0.401429
0.103875	0.399578
0.103875	0.385341
0.103875	0.455637
0.103875	0.358862
0.103875	0.409346
0.201628	0.414566
0.201628	0.442070
0.201628	0.464097
0.201628	0.482280
0.201628	0.437438
0.201628	0.467636
0.201628	0.463951
0.201628	0.463501
0.035237	0.488839
0.035237	0.490158
0.035237	0.470225
0.035237	0.483744
0.035237	0.470979
0.035237	0.481841
0.035237	0.472797
0.035237	0.497591
0.035237	0.454347
0.053968	0.471450
0.053968	0.442562
0.053968	0.463940
0.053968	0.463304
0.053968	0.463120
0.053968	0.493391
0.065926	0.434500
0.065926	0.465776
0.065926	0.471220
0.065926	0.479599
0.042316	0.399597
0.042316	0.419179
0.042316	0.417745
0.042316	0.399768
0.042316	0.438998
0.042316	0.420632
0.102354	0.443917
0.102354	0.422317
0.102354	0.440014
0.102354	0.426423
0.102354	0.473684
0.102354	0.442575
0.102354	0.490114
0.102354	0.427286
0.102354	0.430198
0.102354	0.434709
0.102354	0.438390
0.102354	0.420639
0.102354	0.398236
0.102354	0.403625
0.142861	0.449613
0.142861	0.404101
0.142861	0.428864
0.142861	0.430655
0.142861	0.466384
0.034864	0.436381
0.034864	0.428968
0.034864	0.425633
0.034864	0.422235
0.034864	0.444669
0.163126	0.384829
0.163126	0.388721
0.163126	0.363902
0.163126	0.380305
0.163126	0.349633
0.163126	0.365899
0.163126	0.397159
0.163126	0.468640
0.234687	0.372270
0.234687	0.360151
0.234687	0.383049
0.234687	0.400282
0.234687	0.376737
0.234687	0.412093
0.234687	0.402633
0.234687	0.483244
0.234687	0.404047
0.234687	0.479197
0.234687	0.411519
0.234687	0.512184
0.294441	0.473282
0.294441	0.468299
0.294441	0.483260
0.294441	0.473493
0.294441	0.478735
0.294441	0.453529
0.294441	0.434881
0.294441	0.483226
0.294441	0.501633
0.078728	0.467954
0.078728	0.466624
0.078728	0.477140
0.078728	0.475075
0.078728	0.458032
0.078728	0.457524
0.078728	0.474421
0.078728	0.469286
0.041126	0.383247
0.041126	0.392076
0.041126	0.379592
0.041126	0.392006
0.041126	0.375423
0.041126	0.366634
0.041126	0.374219
0.041126	0.371965
0.322568	0.486622
0.322568	0.517337
0.322568	0.526216
0.322568	0.587875
0.322568	0.601911
0.322568	0.610355
0.322568	0.511413
0.322568	0.655157
0.322568	0.615244
0.322568	0.545726
0.322568	0.486279
0.311854	0.500427
0.311854	0.555716
0.311854	0.512753
0.311854	0.549824
0.311854	0.527009
0.311854	0.487643
0.311854	0.523363
0.311854	0.535420
0.311854	0.445411
0.311854	0.460615
0.077626	0.505323
0.077626	0.489433
0.077626	0.528173
0.077626	0.539453
0.077626	0.502145
0.077626	0.492697
0.077626	0.499929
0.077626	0.512918
0.077626	0.485803
0.042128	0.429840
0.042128	0.436078
0.042128	0.440801
0.042128	0.470134
0.042128	0.549053
0.042509	0.463905
0.042509	0.429181
0.042509	0.440328
0.042509	0.563627
0.042509	0.413673
0.042509	0.459706
0.133546	0.484752
0.133546	0.477844
0.133546	0.464294
0.133546	0.475126
0.133546	0.491172
0.133546	0.463444
0.133546	0.536169
0.133546	0.411052
0.046062	0.453724
0.046062	0.459033
0.046062	0.473121
0.046062	0.482610
0.046062	0.446504
0.046062	0.475702
0.046062	0.459034
0.046062	0.469512
0.046062	0.468209
0.046062	0.465229
0.046062	0.517780
0.250590	0.436924
0.250590	0.458714
0.250590	0.446537
0.250590	0.442001
0.250590	0.438210
0.250590	0.446338
0.250590	0.452497
0.161737	0.451614
0.161737	0.410834
0.161737	0.430668
0.161737	0.413918
0.161737	0.413548
0.161737	0.434280
0.360362	0.568152
0.360362	0.562253
0.360362	0.568199
0.360362	0.565936
0.360362	0.545380
0.360362	0.556748
0.360362	0.519144
0.360362	0.550075
0.360362	0.501360
0.360362	0.535670
0.360362	0.562265
0.163288	0.454249
0.163288	0.447820
0.163288	0.447500
0.163288	0.442650
0.163288	0.442185
0.163288	0.453790
0.163288	0.509225
0.040113	0.433972
0.040113	0.419568
0.040113	0.454884
0.040113	0.469508
0.040113	0.426148
0.346780	0.512561
0.346780	0.576515
0.346780	0.542135
0.346780	0.543832
0.346780	0.508334
0.346780	0.543988
0.346780	0.502331
0.346780	0.569560
0.346780	0.563652
0.163202	0.483898
0.163202	0.480352
0.163202	0.488895
0.163202	0.488303
0.163202	0.476568
0.163202	0.467875
0.163202	0.507685
0.163202	0.493430
0.039428	0.525932
0.039428	0.511899
0.039428	0.532489
0.039428	0.515631
0.039428	0.496759
0.039428	0.483008
0.039428	0.517693
0.133136	0.545914
0.133136	0.512847
0.133136	0.532974
0.133136	0.520948
0.133136	0.499521
0.133136	0.514201
0.133136	0.498690
0.133136	0.487748
0.133136	0.548848
0.092459	0.511593
0.092459	0.508832
0.092459	0.549933
0.092459	0.549275
0.092459	0.471468
0.092459	0.500569
0.092459	0.502275
0.092459	0.506887
0.195147	0.533121
0.195147	0.548975
0.195147	0.551334
0.195147	0.578376
0.195147	0.565118
0.195147	0.617593
0.195147	0.541322
0.195147	0.566750
0.195147	0.488676
0.064017	0.523121
0.064017	0.543578
0.064017	0.536966
0.064017	0.544237
0.064017	0.501193
0.064017	0.470143
0.064017	0.523391
0.064017	0.489973
0.200971	0.599058
0.200971	0.597387
0.200971	0.650200
0.200971	0.671859
0.200971	0.559644
0.200971	0.593778
0.200971	0.537768
0.200971	0.575146
0.200971	0.549396
0.200971	0.498166
0.200971	0.604284
0.116738	0.532291
0.116738	0.510845
0.116738	0.552182
0.116738	0.560231
0.116738	0.555515
0.116738	0.524782
0.116738	0.495514
0.116738	0.550419
0.210086	0.599657
0.210086	0.601238
0.210086	0.594842
0.210086	0.595543
0.210086	0.607545
0.210086	0.596924
0.210086	0.619380
0.210086	0.624774
0.210086	0.615901
0.210086	0.607773
0.210086	0.618703
0.268674	0.553973
0.268674	0.539903
0.268674	0.551791
0.268674	0.564372
0.268674	0.533646
0.268674	0.553872
0.268674	0.574273
0.268674	0.561146
0.268674	0.560198
0.268674	0.614012
0.268674	0.574293
0.268674	0.644965
0.484834	0.603898
0.484834	0.602498
0.484834	0.582249
0.484834	0.615870
0.484834	0.585937
0.484834	0.587806
0.484834	0.479705
0.484834	0.536399
0.484834	0.494914
0.484834	0.550868
0.484834	0.536730
0.269360	0.533568
0.269360	0.545457
0.269360	0.550134
0.269360	0.536746
0.269360	0.536495
0.269360	0.553507
0.269360	0.624399
0.269360	0.530198
0.144007	0.413246
0.144007	0.401378
0.144007	0.403149
0.144007	0.411598
0.144007	0.387333
0.144007	0.429834
0.144007	0.563861
0.151869	0.408622
0.151869	0.381500
0.151869	0.390538
0.151869	0.426406
0.151869	0.385700
0.151869	0.455623
0.042090	0.468798
0.042090	0.423358
0.042090	0.445507
0.042090	0.446359
0.042090	0.426919
0.042090	0.419103
0.042090	0.412999
0.078129	0.433134
0.078129	0.397387
0.078129	0.421258
0.078129	0.439867
0.078129	0.394540
0.078129	0.426667
0.078129	0.417905
0.078129	0.413427
0.078129	0.459699
0.078129	0.446185
0.078129	0.446770
0.103510	0.509953
0.103510	0.505989
0.103510	0.541299
0.103510	0.549078
0.103510	0.508297
0.103510	0.468435
0.103510	0.497980
0.103510	0.487490
0.032341	0.516023
0.032341	0.472461
0.032341	0.527243
0.032341	0.574050
0.032341	0.488069
0.032341	0.525209
0.032341	0.514883
0.032341	0.567729
0.032341	0.500208
0.032341	0.546044
0.016504	0.475013
0.016504	0.508275
0.016504	0.510162
0.016504	0.496416
0.016504	0.465485
0.016504	0.473543
0.028359	0.643063
0.028359	0.569192
0.028359	0.642400
0.028359	0.697407
0.028359	0.604172
0.028359	0.550549
0.028359	0.541067
0.028359	0.592905
0.028359	0.561857
0.028359	0.563337
0.028359	0.583809
0.035466	0.444453
0.035466	0.499871
0.035466	0.491677
0.035466	0.445252
0.035466	0.391610
0.035466	0.425734
0.035466	0.465518
0.035466	0.438409
0.141844	0.595490
0.141844	0.547597
0.141844	0.569566
0.141844	0.563740
0.141844	0.528501
0.141844	0.509195
0.141844	0.466872
0.141844	0.590338
0.141844	0.426315
0.180013	0.473917
0.180013	0.455813
0.180013	0.467854
0.180013	0.430839
0.180013	0.421064
0.180013	0.409220
0.180013	0.457916
0.180013	0.370231
0.406619	0.568725
0.406619	0.517647
0.406619	0.558894
0.406619	0.516371
0.406619	0.501012
0.406619	0.524417
0.406619	0.563106
0.406619	0.484546
0.406619	0.570672
0.406619	0.528000
0.337914	0.546036
0.337914	0.531587
0.337914	0.562033
0.337914	0.591700
0.337914	0.550502
0.337914	0.502352
0.337914	0.548510
0.337914	0.585936
0.337914	0.578689
0.336833	0.547932
0.336833	0.501753
0.336833	0.502289
0.336833	0.512775
0.336833	0.529408
0.336833	0.520751
0.336833	0.490080
0.336833	0.503518
0.336833	0.389842
0.410622	0.507306
0.410622	0.486654
0.410622	0.510644
0.410622	0.537293
0.410622	0.540288
0.410622	0.445735
0.410622	0.438277
0.410622	0.491468
0.308001	0.529381
0.308001	0.506651
0.308001	0.545618
0.308001	0.584667
0.308001	0.550260
0.308001	0.482826
0.308001	0.524450
0.308001	0.465083
0.180873	0.537651
0.180873	0.497413
0.180873	0.496336
0.180873	0.531541
0.180873	0.461556
0.180873	0.445421
0.180873	0.496179
0.180873	0.466231
0.084638	0.498754
0.084638	0.481765
0.084638	0.497681
0.084638	0.542305
0.084638	0.469528
0.084638	0.478684
0.084638	0.449549
0.084638	0.451189
0.084638	0.461119
0.084638	0.481290
0.084638	0.494405
0.084638	0.488385
0.060077	0.428682
0.060077	0.453065
0.060077	0.394410
0.060077	0.437254
0.060077	0.420774
0.060077	0.485797
0.060077	0.402236
0.060077	0.427560
0.100784	0.513792
0.100784	0.430930
0.100784	0.470080
0.100784	0.477177
0.100784	0.466567
0.100784	0.475720
0.100784	0.484864
0.100784	0.494503
0.038589	0.401407
0.038589	0.346235
0.038589	0.373469
0.038589	0.379805
0.038589	0.328738
0.058694	0.358847
0.058694	0.342457
0.058694	0.422794
0.058694	0.367869
0.058694	0.336517
0.058694	0.370144
0.059919	0.532673
0.059919	0.490364
0.059919	0.470603
0.059919	0.534687
0.059919	0.524468
0.059919	0.517184
0.059919	0.502165
0.059919	0.598576
0.086286	0.364795
0.086286	0.356115
0.086286	0.432027
0.086286	0.416294
0.086286	0.344714
0.086286	0.343168
0.086286	0.370434
0.086286	0.315715
0.089235	0.545433
0.089235	0.519998
0.089235	0.496874
0.089235	0.498685
0.089235	0.527772
0.089235	0.538919
0.089235	0.562745
0.089235	0.552266
0.089235	0.398082
0.169744	0.454311
0.169744	0.411873
0.169744	0.449693
0.169744	0.448073
0.169744	0.414146
0.169744	0.386494
0.169744	0.403731
0.169744	0.465567
0.161907	0.537114
0.161907	0.553086
0.161907	0.566249
0.161907	0.499546
0.161907	0.456275
0.161907	0.462363
0.161907	0.487508
0.161907	0.498155
0.161907	0.501736
0.439884	0.485993
0.439884	0.458009
0.439884	0.499369
0.439884	0.468523
0.439884	0.460347
0.439884	0.458249
0.439884	0.472989
0.439884	0.556614
0.439884	0.470091
0.120242	0.429364
0.120242	0.416595
0.120242	0.422732
0.120242	0.445246
0.120242	0.471766
0.337683	0.573997
0.337683	0.621583
0.337683	0.632661
0.337683	0.633049
0.337683	0.570135
0.337683	0.533397
0.337683	0.499546
0.337683	0.507787
0.337683	0.461384
0.208914	0.629582
0.208914	0.648899
0.208914	0.649867
0.208914	0.644753
0.208914	0.629445
0.208914	0.626409
0.208914	0.641422
0.208914	0.634931
0.208914	0.615014
0.208914	0.619431
0.208914	0.620291
0.122514	0.600260
0.122514	0.404830
0.122514	0.454138
0.122514	0.548512
0.122514	0.460556
0.122514	0.541517
0.146640	0.581081
0.146640	0.481328
0.146640	0.537956
0.146640	0.500484
0.146640	0.449952
0.146640	0.490038
0.146640	0.543312
0.146640	0.463563
0.146640	0.516873
0.146640	0.521951
0.146640	0.597020
0.146640	0.572490
0.073197	0.398998
0.073197	0.395612
0.073197	0.388135
0.073197	0.367924
0.073197	0.355944
0.073197	0.435075
0.073197	0.392827
0.073197	0.449403
0.101968	0.383344
0.101968	0.300720
0.101968	0.408426
0.101968	0.376280
0.101968	0.360256
0.101968	0.343749
0.101968	0.339630
0.101968	0.296387
0.091975	0.377230
0.091975	0.366342
0.091975	0.401535
0.091975	0.366304
0.091975	0.325040
0.091975	0.360690
0.091975	0.298840
0.189375	0.541067
0.189375	0.522541
0.189375	0.613187
0.189375	0.534418
0.189375	0.540484
0.189375	0.537366
0.189375	0.509629
0.189375	0.540604
0.189375	0.577428
0.217600	0.396192
0.217600	0.349256
0.217600	0.378768
0.217600	0.444932
0.228703	0.416121
0.228703	0.409671
0.228703	0.462861
0.228703	0.428278
0.228703	0.416579
0.228703	0.359276
0.228703	0.368939
0.163885	0.485646
0.163885	0.490204
0.163885	0.494907
0.163885	0.477532
0.163885	0.471833
0.163885	0.460819
0.163885	0.431360
0.163885	0.412837
0.155900	0.484608
0.155900	0.424456
0.155900	0.466323
0.155900	0.446927
0.155900	0.382046
0.155900	0.416609
0.155900	0.437848
0.041290	0.533934
0.041290	0.448330
0.041290	0.539924
0.041290	0.566204
0.041290	0.458027
0.041290	0.470181
0.041290	0.535836
0.041290	0.475124
0.093701	0.402831
0.093701	0.372653
0.093701	0.355820
0.093701	0.332596
0.093701	0.348892
0.093701	0.366572
0.093701	0.426579
0.049123	0.368899
0.049123	0.299992
0.049123	0.347753
0.049123	0.326523
0.049123	0.354416
0.049123	0.344424
0.028365	0.344511
0.028365	0.319970
0.028365	0.294659
0.028365	0.288749
0.135517	0.515270
0.135517	0.452846
0.135517	0.403820
0.135517	0.431844
0.135517	0.431581
0.135517	0.494928
0.135517	0.513942
0.135517	0.518834
0.135517	0.496604
0.135517	0.549532
0.048257	0.306718
0.048257	0.294770
0.048257	0.280971
0.048257	0.275805
0.048257	0.303505
0.048257	0.304962
0.048257	0.311404
0.048257	0.317306
0.048257	0.304312
0.048257	0.290707
0.048257	0.303979
0.030027	0.317872
0.030027	0.308045
0.030027	0.327571
0.030027	0.310566
0.030027	0.322407
0.030027	0.337553
0.030027	0.341065
0.030027	0.330315
0.030027	0.307252
0.030027	0.333867
0.030027	0.334785
0.030027	0.303148
0.030027	0.361305
0.030027	0.363549
0.284405	0.413163
0.284405	0.448944
0.284405	0.447355
0.284405	0.486957
0.284405	0.362734
0.284405	0.449412
0.284405	0.436474
0.284405	0.498072
0.284405	0.470573
0.060833	0.367060
0.060833	0.358953
0.060833	0.390571
0.060833	0.376677
0.060833	0.350618
0.060833	0.373405
0.060833	0.323513
0.060833	0.404023
0.034503	0.254414
0.034503	0.301157
0.034503	0.327979
0.034503	0.359992
0.034503	0.257177
0.034503	0.288886
0.034503	0.262558
0.163991	0.409397
0.163991	0.502749
0.163991	0.522549
0.163991	0.511485
0.163991	0.388765
0.163991	0.427448
0.163991	0.468515
0.163991	0.479799
0.163991	0.449723
0.163991	0.463121
0.163991	0.471320
0.163991	0.457714
0.163991	0.445236
0.163991	0.439699
0.201410	0.530819
0.201410	0.464416
0.201410	0.575722
0.201410	0.565343
0.201410	0.478277
0.201410	0.489138
0.201410	0.547664
0.201410	0.537256
0.201410	0.551099
0.117963	0.540615
0.117963	0.522714
0.117963	0.577658
0.117963	0.557406
0.117963	0.536927
0.117963	0.525980
0.117963	0.537788
0.117963	0.584229
0.117963	0.534241
0.040696	0.533293
0.040696	0.532514
0.040696	0.582857
0.040696	0.603798
0.040696	0.489761
0.040696	0.485559
0.040696	0.562102
0.040696	0.452948
0.040696	0.353630
0.046482	0.421730
0.046482	0.419438
0.046482	0.392868
0.046482	0.472639
0.046482	0.390403
0.046482	0.378556
0.118266	0.653580
0.118266	0.649494
0.118266	0.637199
0.118266	0.601604
0.118266	0.618236
0.118266	0.630782
0.118266	0.580806
0.118266	0.585839
0.118266	0.530998
0.118266	0.580966
0.118266	0.539780
0.063753	0.348144
0.063753	0.322379
0.063753	0.319481
0.063753	0.305239
0.079829	0.304938
0.079829	0.267377
0.079829	0.333939
0.079829	0.301764
0.079829	0.273874
0.079829	0.261164
0.079829	0.289878
0.072217	0.296127
0.072217	0.292328
0.072217	0.321784
0.072217	0.269648
0.072217	0.277512
0.072217	0.272508
0.072217	0.310282
0.129387	0.393665
0.129387	0.378315
0.129387	0.470870
0.129387	0.442317
0.129387	0.381264
0.129387	0.384086
0.129387	0.425350
0.129387	0.503805
0.194711	0.322314
0.194711	0.351359
0.194711	0.425264
0.194711	0.393923
0.194711	0.314099
0.194711	0.323005
0.194711	0.305033
0.194711	0.315963
0.263868	0.509453
0.263868	0.563824
0.263868	0.564332
0.263868	0.515685
0.263868	0.468840
0.263868	0.484497
0.263868	0.485411
0.263868	0.490095
0.256408	0.699246
0.256408	0.679058
0.256408	0.704799
0.256408	0.703696
0.256408	0.681333
0.256408	0.645419
0.256408	0.642687
0.256408	0.639250
0.256408	0.614847
0.256408	0.700058
0.256408	0.687892
0.211104	0.517423
0.211104	0.463011
0.211104	0.490989
0.211104	0.456563
0.211104	0.496581
0.211104	0.389930
0.211104	0.551345
0.133662	0.563174
0.133662	0.459023
0.133662	0.520230
0.133662	0.533671
0.133662	0.531305
0.133662	0.487449
0.133662	0.454424
0.133662	0.459759
0.209052	0.607365
0.209052	0.609203
0.209052	0.597910
0.209052	0.574533
0.209052	0.611265
0.209052	0.618961
0.209052	0.668532
0.209052	0.646494
0.209052	0.690747
0.468546	0.657333
0.468546	0.575273
0.468546	0.538351
0.468546	0.535195
0.468546	0.540565
0.468546	0.583766
0.468546	0.534013
0.468546	0.597398
0.468546	0.564344
0.064639	0.559047
0.064639	0.480163
0.064639	0.498075
0.064639	0.471027
0.132629	0.500039
0.132629	0.475852
0.132629	0.503078
0.132629	0.509859
0.132629	0.519804
0.132629	0.567132
0.221044	0.480681
0.221044	0.466551
0.221044	0.499027
0.221044	0.547156
0.221044	0.460100
0.221044	0.475301
0.221044	0.463520
0.221044	0.517270
0.311058	0.570016
0.311058	0.575838
0.311058	0.608431
0.311058	0.609511
0.311058	0.569554
0.311058	0.586151
0.311058	0.573540
0.311058	0.604409
0.311058	0.567910
0.221460	0.507743
0.221460	0.490299
0.221460	0.490717
0.221460	0.468476
0.221460	0.488831
0.221460	0.463616
0.245874	0.475563
0.245874	0.474435
0.245874	0.460286
0.245874	0.465905
0.245874	0.401440
0.108280	0.497237
0.108280	0.490789
0.108280	0.532864
0.108280	0.485588
0.108280	0.423942
0.108280	0.443573
0.108280	0.468940
0.108280	0.457034
0.108280	0.484860
0.136933	0.437101
0.136933	0.463730
0.136933	0.429217
0.136933	0.396230
0.136933	0.412006
0.136933	0.395854
0.136933	0.342251
0.136933	0.432783
0.136933	0.395147
0.136933	0.432792
0.136933	0.387069
0.136933	0.365628
0.264360	0.419197
0.264360	0.389481
0.264360	0.444199
0.264360	0.467209
0.264360	0.365972
0.264360	0.418610
0.264360	0.427735
0.264360	0.394131
0.264360	0.527091
0.264360	0.415434
0.264360	0.429665
0.264360	0.534798
0.264360	0.461142
0.264360	0.489632
0.106931	0.392005
0.106931	0.380546
0.106931	0.378284
0.106931	0.366364
0.106931	0.376072
0.106931	0.347106
0.106931	0.333246
0.202362	0.538100
0.202362	0.496889
0.202362	0.542728
0.202362	0.554420
0.202362	0.548122
0.202362	0.527522
0.202362	0.499951
0.202362	0.424324
0.202362	0.546241
0.021024	0.590519
0.021024	0.524784
0.021024	0.538100
0.021024	0.570482
0.021024	0.537882
0.021024	0.504801
0.021024	0.487615
0.021024	0.487524
0.021024	0.438841
0.225661	0.588063
0.225661	0.541097
0.225661	0.576446
0.225661	0.536218
0.225661	0.531473
0.225661	0.553798
0.225661	0.545086
0.225661	0.463449
0.225661	0.546562
0.026146	0.528818
0.026146	0.504764
0.026146	0.520749
0.026146	0.515858
0.026146	0.461951
0.026146	0.511119
0.026146	0.450987
0.026146	0.441338
0.026146	0.404507
0.047120	0.487160
0.047120	0.477234
0.047120	0.527697
0.047120	0.568679
0.047120	0.542264
0.047120	0.442501
0.047120	0.483174
0.047120	0.426095
0.047120	0.407834
0.035689	0.507013
0.035689	0.492233
0.035689	0.514661
0.035689	0.540989
0.035689	0.471475
0.035689	0.459377
0.035689	0.449746
0.035689	0.485022
0.035689	0.466263
0.054816	0.384183
0.054816	0.387973
0.054816	0.413972
0.054816	0.378847
0.054816	0.394496
0.054816	0.410500
0.054816	0.358384
0.054816	0.429937
0.079477	0.396774
0.079477	0.357839
0.079477	0.397460
0.079477	0.430394
0.079477	0.387366
0.079477	0.391220
0.079477	0.382698
0.079477	0.466061
0.052104	0.386946
0.052104	0.402934
0.052104	0.386873
0.052104	0.391273
0.052104	0.385488
0.052104	0.424485
0.052104	0.432064
0.052104	0.441289
0.052104	0.415225
0.052104	0.423662
0.052104	0.417735
0.077682	0.495387
0.077682	0.481935
0.077682	0.478750
0.077682	0.451138
0.077682	0.454654
0.077682	0.443423
0.077682	0.426067
0.077682	0.390636
0.077682	0.412835
0.133196	0.466187
0.133196	0.430071
0.133196	0.471335
0.133196	0.522471
0.133196	0.479445
0.133196	0.450955
0.133196	0.428926
0.133196	0.514328
0.151821	0.373929
0.151821	0.373191
0.151821	0.385357
0.151821	0.398296
0.151821	0.327452
0.151821	0.349322
0.151821	0.380513
0.179434	0.446425
0.179434	0.442498
0.179434	0.453063
0.179434	0.438179
0.179434	0.430342
0.179434	0.418896
0.179434	0.437341
0.179434	0.451400
0.107705	0.368858
0.107705	0.360707
0.107705	0.377535
0.107705	0.369010
0.107705	0.333930
0.107705	0.331088
0.107705	0.347751
0.107705	0.369100
0.074606	0.444781
0.074606	0.424924
0.074606	0.456400
0.074606	0.413715
0.074606	0.418322
0.074606	0.414886
0.074606	0.460963
0.074606	0.425600
0.074606	0.426626
0.042607	0.331257
0.042607	0.327234
0.042607	0.353881
0.042607	0.333393
0.042607	0.313040
0.042607	0.299414
0.042607	0.302752
0.042607	0.301484
0.103301	0.334139
0.103301	0.353315
0.103301	0.367407
0.103301	0.359214
0.103301	0.378441
0.103301	0.402826
0.103301	0.409701
0.133785	0.422924
0.133785	0.365620
0.133785	0.426510
0.133785	0.400419
0.133785	0.408145
0.133785	0.424633
0.133785	0.367534
0.133785	0.444830
0.219857	0.406017
0.219857	0.405471
0.219857	0.459704
0.219857	0.424610
0.219857	0.409141
0.219857	0.414718
0.219857	0.437532
0.219857	0.418523
0.158432	0.484568
0.158432	0.499436
0.158432	0.516489
0.158432	0.476595
0.158432	0.434994
0.158432	0.465758
0.138131	0.544272
0.138131	0.574734
0.138131	0.610671
0.138131	0.526417
0.138131	0.532112
0.138131	0.536809
0.138131	0.597670
0.138131	0.630778
0.138131	0.544274
0.128387	0.560938
0.128387	0.489798
0.128387	0.528659
0.128387	0.537337
0.128387	0.534307
0.128387	0.440475
0.128387	0.446907
0.128387	0.488892
0.106394	0.464377
0.106394	0.543990
0.106394	0.561830
0.106394	0.470681
0.106394	0.449422
0.106394	0.535781
0.106394	0.506221
0.106394	0.500220
0.130321	0.563349
0.130321	0.480622
0.130321	0.511641
0.130321	0.598579
0.130321	0.521228
0.130321	0.502559
0.130321	0.498164
0.130321	0.558633
0.130321	0.458256
0.229672	0.458518
0.229672	0.473786
0.229672	0.512283
0.229672	0.535252
0.229672	0.444475
0.229672	0.493191
0.411820	0.499444
0.411820	0.508137
0.411820	0.536838
0.411820	0.534952
0.411820	0.540698
0.411820	0.528014
0.411820	0.500217
0.411820	0.497548
0.411820	0.496602
0.411820	0.516531
0.411820	0.501934
0.411820	0.483436
0.160006	0.530828
0.160006	0.517270
0.160006	0.550450
0.160006	0.507985
0.160006	0.456223
0.160006	0.522112
0.160006	0.501934
0.160006	0.478417
0.160006	0.498944
0.160006	0.482138
0.160006	0.480733
0.160006	0.584407
0.091990	0.508909
0.091990	0.446528
0.091990	0.473120
0.091990	0.480914
0.091990	0.476956
0.091990	0.495424
0.091990	0.442853
0.150759	0.441554
0.150759	0.385993
0.150759	0.413623
0.150759	0.445826
0.150759	0.446717
0.150759	0.456350
0.150759	0.421252
0.183772	0.609347
0.183772	0.572092
0.183772	0.630974
0.183772	0.609762
0.183772	0.526057
0.183772	0.525406
0.183772	0.525955
0.183772	0.588321
0.183772	0.551751
0.183772	0.561973
0.183772	0.701611
0.200258	0.547982
0.200258	0.505826
0.200258	0.537284
0.200258	0.514500
0.200258	0.511596
0.200258	0.476632
0.200258	0.492702
0.200258	0.459904
0.200258	0.436123
0.044744	0.367153
0.044744	0.348998
0.044744	0.359846
0.044744	0.336906
0.044744	0.307657
0.044744	0.321250
0.044744	0.344223
0.044744	0.307264
0.049165	0.459819
0.049165	0.441716
0.049165	0.431767
0.049165	0.466129
0.049165	0.435040
0.049165	0.454504
0.049165	0.435387
0.049165	0.442680
0.049165	0.469641
0.044863	0.306580
0.044863	0.296889
0.044863	0.327494
0.044863	0.333724
0.044863	0.324493
0.044863	0.307002
0.044863	0.300016
0.044863	0.337301
0.074168	0.432762
0.074168	0.428787
0.074168	0.424524
0.074168	0.445332
0.074168	0.451195
0.074168	0.421354
0.074168	0.457966
0.074168	0.486427
0.074168	0.425278
0.181097	0.402055
0.181097	0.375414
0.181097	0.407021
0.181097	0.421931
0.181097	0.389645
0.181097	0.413124
0.181097	0.419657
0.181097	0.462376
0.074029	0.393453
0.074029	0.416814
0.074029	0.420882
0.074029	0.410647
0.074029	0.409656
0.074029	0.376634
0.074029	0.432839
0.074029	0.435013
0.179225	0.428462
0.179225	0.416400
0.179225	0.431235
0.179225	0.419491
0.179225	0.416360
0.179225	0.456973
0.179225	0.421481
0.053225	0.429822
0.053225	0.422272
0.053225	0.446377
0.053225	0.432701
0.053225	0.413967
0.053225	0.427089
0.053225	0.426943
0.078527	0.505140
0.078527	0.494403
0.078527	0.484686
0.078527	0.506328
0.078527	0.465628
0.078527	0.466577
0.078527	0.454637
0.078527	0.458265
0.078527	0.474153
0.038856	0.478056
0.038856	0.459844
0.038856	0.504337
0.038856	0.483546
0.038856	0.427194
0.038856	0.434219
0.038856	0.420154
0.038856	0.468917
0.038856	0.445882
0.040773	0.389075
0.040773	0.364855
0.040773	0.403137
0.040773	0.414344
0.040773	0.383084
0.040773	0.405195
0.040773	0.385703
0.034518	0.530866
0.034518	0.549594
0.034518	0.594620
0.034518	0.536314
0.034518	0.556720
0.034518	0.518717
0.034518	0.580385
0.034518	0.521112
0.034518	0.553538
0.034518	0.583668
0.034518	0.586116
0.179730	0.526004
0.179730	0.530812
0.179730	0.553587
0.179730	0.625237
0.179730	0.526622
0.179730	0.516113
0.179730	0.551870
0.179730	0.461337
0.179730	0.523411
0.041226	0.384264
0.041226	0.360942
0.041226	0.440695
0.041226	0.413437
0.041226	0.335298
0.041226	0.410099
0.041226	0.311248
0.041226	0.429668
0.142152	0.379400
0.142152	0.374754
0.142152	0.418894
0.142152	0.395310
0.142152	0.429969
0.142152	0.457942
0.142152	0.417333
0.142152	0.398763
0.068566	0.530005
0.068566	0.473471
0.068566	0.572378
0.068566	0.533242
0.068566	0.476658
0.068566	0.499966
0.068566	0.504755
0.068566	0.511563
0.068566	0.475562
0.068566	0.484236
0.067444	0.413909
0.067444	0.474594
0.067444	0.497921
0.067444	0.439658
0.067444	0.423972
0.067444	0.564517
0.067444	0.540073
0.067444	0.510102
0.067444	0.524094
0.067444	0.515092
0.067444	0.524371
0.060794	0.575678
0.060794	0.503108
0.060794	0.633261
0.060794	0.588152
0.060794	0.569655
0.060794	0.579686
0.060794	0.611986
0.060794	0.573230
0.060794	0.609906
0.060794	0.603006
0.186658	0.421034
0.186658	0.404320
0.186658	0.492509
0.186658	0.510246
0.186658	0.349268
0.186658	0.438765
0.186658	0.417167
0.186658	0.394859
0.186658	0.478062
0.186658	0.418726
0.186658	0.440854
0.186658	0.484265
0.128618	0.408277
0.128618	0.445381
0.128618	0.489949
0.128618	0.485701
0.128618	0.421774
0.128618	0.443575
0.128618	0.474128
0.419066	0.480156
0.419066	0.487190
0.419066	0.498742
0.419066	0.493597
0.419066	0.448595
0.419066	0.475903
0.419066	0.470415
0.489044	0.549290
0.489044	0.519630
0.489044	0.574929
0.489044	0.593075
0.489044	0.485475
0.489044	0.560710
0.489044	0.519646
0.489044	0.551613
0.489044	0.510339
0.489044	0.536989
0.489044	0.535411
0.489044	0.531799
0.489044	0.468654
0.489044	0.505924
0.462722	0.536205
0.462722	0.536513
0.462722	0.521718
0.462722	0.514255
0.462722	0.493472
0.462722	0.444897
0.462722	0.479652
0.581689	0.622187
0.581689	0.502274
0.581689	0.560800
0.581689	0.551888
0.581689	0.551241
0.581689	0.561209
0.581689	0.636002
0.581689	0.622226
0.772511	0.510808
0.772511	0.504753
0.772511	0.526577
0.772511	0.523486
0.772511	0.487394
0.772511	0.454270
0.772511	0.455421
0.772511	0.476780
0.772511	0.508282
0.772511	0.504185
0.772511	0.586712
0.622569	0.424268
0.622569	0.444495
0.622569	0.444304
0.622569	0.417393
0.268813	0.413413
0.268813	0.350522
0.268813	0.404095
0.268813	0.409453
0.268813	0.358022
0.268813	0.390468
0.268813	0.472284
0.324780	0.378925
0.324780	0.397153
0.324780	0.413303
0.324780	0.421681
0.324780	0.350479
0.324780	0.324749
0.324780	0.369307
0.603058	0.556912
0.603058	0.521939
0.603058	0.559325
0.603058	0.503901
0.603058	0.493876
0.603058	0.529733
0.603058	0.475245
0.603058	0.528580
0.603058	0.498121
0.323752	0.412357
0.323752	0.411444
0.323752	0.409232
0.323752	0.383066
0.323752	0.382690
0.323752	0.411251
0.231843	0.383276
0.231843	0.334851
0.231843	0.382897
0.231843	0.359724
0.231843	0.351007
0.231843	0.366494
0.231843	0.384487
0.287434	0.421809
0.287434	0.477087
0.287434	0.417784
0.287434	0.402631
0.287434	0.426858
0.426173	0.384047
0.426173	0.392952
0.426173	0.399416
0.426173	0.398336
0.426173	0.423963
0.426173	0.398816
0.412923	0.399929
0.412923	0.375631
0.412923	0.358018
0.412923	0.352152
0.412923	0.322615
0.412923	0.345221
0.412923	0.400057
0.412923	0.362552
0.412923	0.401883
0.412923	0.380817
0.412923	0.397300
0.279812	0.373701
0.279812	0.423357
0.279812	0.432354
0.279812	0.405966
0.279812	0.452286
0.279812	0.404512
0.279812	0.476212
0.279812	0.413876
0.213593	0.555206
0.213593	0.561116
0.213593	0.567450
0.213593	0.577720
0.213593	0.519584
0.213593	0.471410
0.213593	0.497629
0.213593	0.477863
0.140085	0.448317
0.140085	0.472247
0.140085	0.473288
0.140085	0.408749
0.140085	0.463698
0.140085	0.413515
0.140085	0.440364
0.140085	0.501877
0.140085	0.454808
0.140085	0.402896
0.140085	0.431698
0.211643	0.353749
0.211643	0.364158
0.211643	0.422990
0.211643	0.397607
0.211643	0.427477
0.211643	0.444479
0.211643	0.360136
0.211643	0.417324
0.365341	0.484456
0.365341	0.470994
0.365341	0.504013
0.365341	0.483431
0.365341	0.543704
0.365341	0.488857
0.365341	0.523965
0.365341	0.513099
0.365341	0.527137
0.365341	0.485824
0.365341	0.469310
0.238288	0.561378
0.238288	0.532843
0.238288	0.561657
0.238288	0.565848
0.238288	0.532970
0.238288	0.484216
0.238288	0.539062
0.238288	0.536189
0.238288	0.529579
0.070426	0.327857
0.070426	0.373942
0.070426	0.362831
0.070426	0.377117
0.070426	0.334529
0.070426	0.350634
0.070426	0.309643
0.268777	0.607864
0.268777	0.638161
0.268777	0.643148
0.268777	0.637013
0.268777	0.621689
0.268777	0.597857
0.268777	0.598141
0.268777	0.632391
0.268777	0.621467
0.268777	0.643055
0.268777	0.595109
0.276125	0.591176
0.276125	0.549122
0.276125	0.612008
0.276125	0.504660
0.276125	0.514554
0.276125	0.532490
0.276125	0.513547
0.276125	0.514559
0.276125	0.539971
0.100394	0.500057
0.100394	0.421021
0.100394	0.522168
0.100394	0.438368
0.100394	0.373199
0.100394	0.490540
0.185304	0.531052
0.185304	0.502280
0.185304	0.552319
0.185304	0.540328
0.130561	0.518973
0.130561	0.503702
0.130561	0.511273
0.130561	0.543077
0.130561	0.470838
0.130561	0.451155
0.139382	0.588309
0.139382	0.558970
0.139382	0.612739
0.139382	0.619547
0.139382	0.546677
0.139382	0.530446
0.139382	0.566587
0.139382	0.517230
0.197234	0.608594
0.197234	0.521536
0.197234	0.575568
0.197234	0.611962
0.197234	0.485304
0.197234	0.478272
0.175769	0.590001
0.175769	0.651759
0.175769	0.598961
0.175769	0.535379
0.175769	0.504518
0.175769	0.470443
0.175769	0.510397
0.150680	0.659864
0.150680	0.589076
0.150680	0.695974
0.150680	0.679823
0.150680	0.576430
0.150680	0.552421
0.150680	0.523679
0.150680	0.564146
0.150680	0.430078
0.119380	0.649647
0.119380	0.668959
0.119380	0.634825
0.119380	0.723398
0.119380	0.661083
0.119380	0.644528
0.119380	0.630922
0.119380	0.657574
0.119380	0.570840
0.119380	0.658797
0.062592	0.512250
0.062592	0.454128
0.062592	0.547160
0.062592	0.573173
0.035703	0.603057
0.035703	0.603213
0.035703	0.506561
0.035703	0.485016
0.035703	0.444901
0.035703	0.442422
0.035703	0.431903
0.113072	0.389283
0.113072	0.361500
0.113072	0.326375
0.113072	0.352884
0.113072	0.295533
0.113072	0.331880
0.113072	0.334372
0.064446	0.278511
0.064446	0.272653
0.064446	0.310350
0.064446	0.288587
0.064446	0.262911
0.064446	0.284083
0.064446	0.296822
0.120300	0.299372
0.120300	0.293238
0.120300	0.329929
0.120300	0.309633
0.120300	0.273699
0.120300	0.275481
0.120300	0.272671
0.092926	0.468611
0.092926	0.454620
0.092926	0.546470
0.092926	0.522794
0.092926	0.453974
0.092926	0.490852
0.092926	0.503102
0.092926	0.561816
0.092926	0.442510
0.092926	0.512183
0.219342	0.473435
0.219342	0.433796
0.219342	0.493769
0.219342	0.514302
0.219342	0.413459
0.219342	0.497112
0.343414	0.412304
0.343414	0.403861
0.343414	0.426632
0.343414	0.409376
0.343414	0.476477
0.343414	0.414212
0.134974	0.499780
0.134974	0.426707
0.134974	0.491278
0.134974	0.458600
0.134974	0.524734
0.081865	0.391678
0.081865	0.305399
0.081865	0.399618
0.081865	0.386703
0.092221	0.403275
0.092221	0.359250
0.092221	0.422237
0.092221	0.375864
0.092221	0.418721
0.092221	0.413216
0.092221	0.401805
0.092221	0.525648
0.110689	0.363756
0.110689	0.336283
0.110689	0.364060
0.110689	0.333274
0.399507	0.685141
0.399507	0.640914
0.399507	0.631171
0.399507	0.605345
0.399507	0.529030
0.399507	0.631070
0.399507	0.570100
0.399507	0.632045
0.399507	0.630049
0.399507	0.597551
0.399507	0.611735
0.075742	0.293500
0.075742	0.236186
0.075742	0.259010
0.075742	0.275530
0.075742	0.248954
0.075742	0.268976
0.071187	0.256456
0.071187	0.242160
0.071187	0.239006
0.071187	0.255363
0.300408	0.266138
0.300408	0.243741
0.300408	0.272061
0.300408	0.268935
0.300408	0.239182
0.300408	0.288471
0.300408	0.286297
0.189705	0.303445
0.189705	0.298261
0.189705	0.321930
0.189705	0.343221
0.189705	0.306214
0.189705	0.326976
0.189705	0.375125
0.189705	0.336089
0.189705	0.348841
0.189705	0.429877
0.189705	0.371746
0.121465	0.235954
0.121465	0.279588
0.121465	0.255563
0.121465	0.247047
0.121465	0.253383
0.121465	0.265355
0.128201	0.258807
0.128201	0.257536
0.128201	0.263084
0.128201	0.248279
0.128201	0.255739
0.128201	0.257840
0.128201	0.233889
0.128201	0.237855
0.209139	0.266282
0.209139	0.255800
0.209139	0.285933
0.209139	0.268632
0.209139	0.286734
0.152737	0.448412
0.152737	0.413731
0.152737	0.441678
0.152737	0.390156
0.152737	0.437432
0.152737	0.491431
0.152737	0.486665
0.152737	0.441317
0.188111	0.277042
0.188111	0.319144
0.188111	0.317388
0.188111	0.307907
0.188111	0.305590
0.188111	0.288183
0.188111	0.312933
0.089576	0.267736
0.089576	0.295032
0.089576	0.297630
0.089576	0.297383
0.089576	0.264343
0.089576	0.266965
0.209188	0.324179
0.209188	0.321572
0.209188	0.370418
0.209188	0.346278
0.209188	0.360202
0.209188	0.318358
0.209188	0.400247
0.209188	0.296369
0.103811	0.373536
0.103811	0.410641
0.103811	0.405266
0.103811	0.407148
0.103811	0.450817
0.103811	0.396597
0.103811	0.445634
0.103811	0.594799
0.209171	0.373489
0.209171	0.393958
0.209171	0.371241
0.209171	0.388550
0.209171	0.371330
0.209171	0.372569
0.209171	0.425507
0.209171	0.451035
0.585785	0.373261
0.585785	0.405046
0.585785	0.413487
0.585785	0.413284
0.585785	0.394196
0.585785	0.343852
0.585785	0.398656
0.585785	0.387120
0.537415	0.465602
0.537415	0.505754
0.537415	0.513470
0.537415	0.521216
0.537415	0.459810
0.537415	0.496081
0.537415	0.552464
0.537415	0.601784
0.294068	0.515436
0.294068	0.541181
0.294068	0.514506
0.294068	0.512400
0.294068	0.525291
0.294068	0.557801
0.294068	0.544612
0.294068	0.539907
0.294068	0.486520
0.294380	0.542232
0.294380	0.512475
0.294380	0.552716
0.294380	0.511074
0.294380	0.490615
0.294380	0.519020
0.294380	0.482559
0.294380	0.521630
0.294380	0.468128
0.294380	0.507796
0.294380	0.540379
0.743481	0.524009
0.743481	0.518399
0.743481	0.533442
0.743481	0.497875
0.743481	0.489215
0.743481	0.493697
0.743481	0.513223
0.743481	0.511703
0.743481	0.533738
0.368075	0.498259
0.368075	0.487183
0.368075	0.496226
0.368075	0.482260
0.368075	0.458960
0.368075	0.461176
0.368075	0.460851
0.368075	0.471677
0.623722	0.410171
0.623722	0.351918
0.623722	0.395434
0.623722	0.430693
0.623722	0.450507
0.623722	0.396699
0.623722	0.398339
0.191329	0.399752
0.191329	0.395960
0.191329	0.415494
0.191329	0.456487
0.191329	0.410788
0.191329	0.402419
0.311248	0.399552
0.311248	0.409203
0.311248	0.420224
0.311248	0.457001
0.311248	0.386749
0.311248	0.389706
0.240285	0.353180
0.240285	0.335149
0.240285	0.370077
0.240285	0.373440
0.240285	0.327323
0.240285	0.316278
0.240285	0.308661
0.244954	0.436771
0.244954	0.418160
0.244954	0.406869
0.244954	0.419594
0.244954	0.448774
0.244954	0.437554
0.244954	0.447239
0.244954	0.412584
0.162691	0.333934
0.162691	0.299852
0.162691	0.300315
0.162691	0.295111
0.162691	0.283661
0.162691	0.303443
0.162691	0.292995
0.162691	0.289790
0.161887	0.407642
0.161887	0.391684
0.161887	0.404871
0.161887	0.390104
0.161887	0.416595
0.161887	0.373353
0.161887	0.442014
0.161887	0.399602
0.161887	0.438027
0.344832	0.428378
0.344832	0.436763
0.344832	0.433423
0.344832	0.430155
0.344832	0.421718
0.344832	0.468559
0.344832	0.461508
0.344832	0.478113
0.344832	0.432050
0.108034	0.302830
0.108034	0.312498
0.108034	0.286178
0.108034	0.278159
0.108034	0.262219
0.108034	0.271787
0.108034	0.379440
0.101499	0.298950
0.101499	0.296712
0.101499	0.308318
0.101499	0.304263
0.101499	0.296467
0.101499	0.297961
0.101499	0.302203
0.101499	0.290120
0.039215	0.349652
0.039215	0.352969
0.039215	0.407351
0.039215	0.418628
0.039215	0.443495
0.039215	0.352835
0.039215	0.439895
0.039215	0.374601
0.323130	0.446641
0.323130	0.447778
0.323130	0.442812
0.323130	0.454704
0.323130	0.444421
0.323130	0.466628
0.323130	0.442382
0.323130	0.505154
0.323130	0.471012
0.100277	0.336046
0.100277	0.347267
0.100277	0.347286
0.100277	0.345401
0.100277	0.332149
0.100277	0.322352
0.100277	0.344332
0.100277	0.352579
0.055292	0.470309
0.055292	0.449971
0.055292	0.532666
0.055292	0.541627
0.055292	0.527468
0.055292	0.464748
0.055292	0.486436
0.055292	0.437554
0.055292	0.481747
0.055292	0.550268
0.055292	0.487730
0.220916	0.478302
0.220916	0.474546
0.220916	0.463347
0.220916	0.498032
0.220916	0.505720
0.220916	0.470374
0.220916	0.516377
0.220916	0.495717
0.220916	0.450380
0.119248	0.448690
0.119248	0.421060
0.119248	0.442653
0.119248	0.446748
0.119248	0.385836
0.119248	0.473894
0.119248	0.440744
0.119248	0.466737
0.119248	0.465573
0.119248	0.505897
0.119248	0.441296
0.091058	0.486098
0.091058	0.472713
0.091058	0.515676
0.091058	0.525057
0.091058	0.415185
0.091058	0.486766
0.091058	0.473677
0.091058	0.512971
0.091058	0.509867
0.091058	0.480344
0.091058	0.503099
0.177941	0.406643
0.177941	0.452539
0.177941	0.446354
0.177941	0.446688
0.177941	0.493766
0.177941	0.428232
0.177941	0.457670
0.177941	0.522937
0.101742	0.403780
0.101742	0.479064
0.101742	0.354429
0.101742	0.386808
0.064439	0.368166
0.064439	0.319977
0.064439	0.327247
0.064439	0.303407
0.064439	0.327037
0.064439	0.334838
0.064439	0.319756
0.064439	0.306717
0.117885	0.346420
0.117885	0.353747
0.117885	0.375032
0.117885	0.360036
0.117885	0.299272
0.117885	0.290617
0.117885	0.288146
0.117885	0.263826
0.494052	0.508188
0.494052	0.515686
0.494052	0.505354
0.494052	0.542534
0.494052	0.514732
0.494052	0.506528
0.494052	0.502583
0.494052	0.625414
0.494052	0.579207
0.407973	0.386808
0.407973	0.357248
0.407973	0.366233
0.407973	0.333432
0.407973	0.373988
0.407973	0.396126
0.407973	0.384771
0.057560	0.387557
0.057560	0.335152
0.057560	0.368663
0.057560	0.349523
0.057560	0.425961
0.240176	0.443250
0.240176	0.425493
0.240176	0.409146
0.240176	0.445818
0.240176	0.530571
0.240176	0.478872
0.240176	0.444631
0.240176	0.433079
0.398430	0.443683
0.398430	0.397881
0.398430	0.417339
0.398430	0.406340
0.398430	0.408439
0.398430	0.460296
0.398430	0.488257
0.398430	0.473515
0.398430	0.518905
0.054378	0.282016
0.054378	0.279776
0.054378	0.283297
0.054378	0.268003
0.054378	0.279471
0.054378	0.270900
0.054378	0.285449
0.054378	0.298081
0.225886	0.429689
0.225886	0.407419
0.225886	0.471865
0.225886	0.448133
0.225886	0.429150
0.225886	0.422259
0.225886	0.549028
0.225886	0.446694
0.225886	0.467333
0.225886	0.484006
0.225886	0.458665
0.174452	0.362567
0.174452	0.370110
0.174452	0.338110
0.174452	0.321580
0.174452	0.373019
0.174452	0.359238
0.174452	0.448823
0.174452	0.369346
0.174452	0.400426
0.174452	0.349785
0.174452	0.335940
0.090310	0.256862
0.090310	0.247114
0.090310	0.264401
0.090310	0.256066
0.090310	0.240640
0.090310	0.250447
0.152606	0.312238
0.152606	0.313036
0.152606	0.328581
0.152606	0.313167
0.152606	0.319021
0.152606	0.327049
0.152606	0.303059
0.152606	0.357451
0.152606	0.306761
0.152606	0.343056
0.152606	0.331244
0.152606	0.363205
0.223810	0.315247
0.223810	0.325524
0.223810	0.348505
0.223810	0.337246
0.223810	0.345227
0.223810	0.326996
0.223810	0.484393
0.223810	0.423465
0.171381	0.327656
0.171381	0.328679
0.171381	0.310988
0.171381	0.326065
0.171381	0.306861
0.146318	0.260354
0.146318	0.263614
0.146318	0.277531
0.146318	0.282568
0.146318	0.257489
0.146318	0.340870
0.146318	0.242081
0.260668	0.316406
0.260668	0.367364
0.260668	0.358429
0.260668	0.377080
0.260668	0.336063
0.260668	0.364326
0.260668	0.495342
0.260668	0.354197
0.371977	0.425985
0.371977	0.425213
0.371977	0.439717
0.371977	0.515664
0.371977	0.422537
0.371977	0.430278
0.371977	0.467453
0.371977	0.506951
0.371977	0.468968
0.128358	0.318252
0.128358	0.325575
0.128358	0.321023
0.128358	0.323284
0.442122	0.360702
0.442122	0.333544
0.442122	0.379705
0.442122	0.387487
0.442122	0.424229
0.349703	0.493299
0.349703	0.477316
0.349703	0.511193
0.349703	0.507804
0.349703	0.500261
0.349703	0.466252
0.349703	0.488559
0.349703	0.498108
0.349703	0.436763
0.469112	0.477511
0.469112	0.490082
0.469112	0.497139
0.469112	0.511656
0.469112	0.543225
0.469112	0.502682
0.469112	0.504806
0.469112	0.494059
0.469112	0.497145
0.469112	0.609503
0.469112	0.545187
0.482409	0.437243
0.482409	0.449613
0.482409	0.447805
0.482409	0.502981
0.482409	0.429634
0.482409	0.439101
0.482409	0.430233
0.482409	0.612516
0.670710	0.493174
0.670710	0.509806
0.670710	0.540398
0.670710	0.480216
0.670710	0.501415
0.670710	0.494751
0.670710	0.494087
0.670710	0.497687
