Ground Truth	Predictions
0.189824	0.650857
0.189824	0.555924
0.189824	0.562659
0.189824	0.633659
0.189824	0.577681
0.189824	0.585693
0.189824	0.555821
0.189824	0.514859
0.189824	0.617561
0.216138	0.465272
0.216138	0.424514
0.216138	0.417825
0.216138	0.425882
0.216138	0.498732
0.216138	0.476044
0.163046	0.225727
0.163046	0.199523
0.163046	0.195849
0.163046	0.229505
0.163046	0.204494
0.163046	0.254963
0.163046	0.282404
0.099638	0.170435
0.099638	0.148097
0.099638	0.171844
0.099638	0.166744
0.099638	0.135973
0.099638	0.168367
0.099638	0.162437
0.099638	0.153779
0.099638	0.226562
0.099638	0.203184
0.099638	0.285300
0.090248	0.086498
0.090248	0.104843
0.090248	0.096923
0.090248	0.094686
0.090248	0.106739
0.090248	0.107386
0.090248	0.112542
0.090248	0.114125
0.065201	0.115500
0.065201	0.105139
0.065201	0.119315
0.065201	0.120557
0.065201	0.127091
0.065201	0.114984
0.065201	0.117825
0.065201	0.125526
0.065201	0.128297
0.065201	0.113648
0.065201	0.127948
0.059149	0.206731
0.059149	0.186974
0.059149	0.265404
0.059149	0.409830
0.059149	0.200605
0.059149	0.204752
0.059149	0.200062
0.059149	0.289094
0.059149	0.244994
0.059149	0.310052
0.295225	0.316817
0.295225	0.332545
0.295225	0.348548
0.295225	0.303801
0.295225	0.331778
0.295225	0.425200
0.295225	0.683881
0.295225	0.551086
0.112853	0.371965
0.112853	0.280706
0.112853	0.388221
0.112853	0.595866
0.112853	0.364052
0.112853	0.270417
0.112853	0.290420
0.112853	0.234646
0.112853	0.241540
0.112853	0.190049
0.112853	0.215959
0.112853	0.183700
0.372687	0.442717
0.372687	0.572012
0.372687	0.472752
0.372687	0.423567
0.372687	0.467778
0.372687	0.461678
0.372687	0.478600
0.372687	0.658890
0.372687	0.606972
0.096242	0.449101
0.096242	0.223105
0.096242	0.242786
0.096242	0.372041
0.096242	0.271329
0.096242	0.458818
0.096242	0.327017
0.071122	0.285789
0.071122	0.288188
0.071122	0.304659
0.071122	0.304568
0.071122	0.226906
0.071122	0.261948
0.071122	0.249397
0.071122	0.266182
0.071122	0.240047
0.071122	0.229442
0.071122	0.214618
0.085355	0.322034
0.085355	0.272728
0.085355	0.355717
0.085355	0.379595
0.083931	0.583446
0.083931	0.572026
0.083931	0.592551
0.083931	0.742787
0.083931	0.753441
0.083931	0.721635
0.083931	0.838356
0.070797	0.692873
0.070797	0.706209
0.070797	0.715214
0.070797	0.718070
0.070797	0.739138
0.070797	0.729702
0.070797	0.857105
0.070797	0.768729
0.070797	0.848480
0.070797	0.814904
0.065825	0.582665
0.065825	0.570431
0.065825	0.569935
0.065825	0.598608
0.065825	0.642305
0.065825	0.681070
0.065825	0.730049
0.063725	0.409638
0.063725	0.303721
0.063725	0.406369
0.063725	0.442071
0.063725	0.575632
0.052976	0.369542
0.052976	0.316172
0.052976	0.366365
0.052976	0.434730
0.052976	0.396514
0.052976	0.389599
0.052976	0.485433
0.052976	0.382768
0.079888	0.388389
0.079888	0.367176
0.079888	0.392918
0.079888	0.443353
0.079888	0.366730
0.079888	0.401652
0.079888	0.422631
0.079888	0.402757
0.139576	0.372995
0.139576	0.281104
0.139576	0.359505
0.139576	0.328041
0.139576	0.275988
0.139576	0.372627
0.139576	0.300386
0.139576	0.284029
0.139576	0.249749
0.139576	0.336935
0.139576	0.304916
0.106152	0.122690
0.106152	0.109569
0.106152	0.102268
0.106152	0.102272
0.106152	0.118333
0.106152	0.090991
0.106152	0.122475
0.086568	0.087658
0.086568	0.081339
0.086568	0.109649
0.086568	0.105672
0.086568	0.120870
0.268833	0.228786
0.268833	0.206553
0.268833	0.261063
0.268833	0.264394
0.268833	0.195981
0.268833	0.228696
0.268833	0.228719
0.268833	0.290568
0.268833	0.279568
0.104722	0.129295
0.104722	0.135465
0.104722	0.148182
0.104722	0.154907
0.104722	0.114444
0.104722	0.122254
0.104722	0.108002
0.104722	0.121367
0.104722	0.113324
0.104722	0.131715
0.104722	0.123157
0.250380	0.096552
0.250380	0.085455
0.250380	0.096958
0.250380	0.097967
0.250380	0.096124
0.195268	0.092857
0.195268	0.081294
0.195268	0.095245
0.195268	0.110214
0.195268	0.092889
0.203259	0.120798
0.203259	0.139822
0.203259	0.133863
0.203259	0.129557
0.203259	0.116234
0.203259	0.139246
0.203259	0.136629
0.203259	0.125080
0.162182	0.397856
0.162182	0.364915
0.162182	0.378759
0.162182	0.366908
0.162182	0.384965
0.162182	0.391643
0.162182	0.448990
0.162182	0.367642
0.162182	0.386421
0.162182	0.392016
0.162182	0.389359
0.082563	0.200563
0.082563	0.202466
0.082563	0.221916
0.082563	0.203663
0.082563	0.159068
0.082563	0.171441
0.082563	0.168670
0.184174	0.378921
0.184174	0.386842
0.184174	0.367690
0.184174	0.357130
0.184174	0.428212
0.184174	0.380043
0.184174	0.367334
0.184174	0.382135
0.193989	0.115527
0.193989	0.093901
0.193989	0.101580
0.193989	0.123872
0.193989	0.184919
0.193989	0.146110
0.155434	0.266150
0.155434	0.238326
0.155434	0.272503
0.155434	0.322575
0.155434	0.267179
0.155434	0.262989
0.155434	0.225409
0.155434	0.271661
0.155434	0.244815
0.074892	0.113591
0.074892	0.131740
0.074892	0.145718
0.074892	0.141659
0.074892	0.118330
0.074892	0.150554
0.074892	0.142772
0.074892	0.146865
0.074892	0.127412
0.074892	0.132176
0.074892	0.170734
0.093965	0.389899
0.093965	0.400321
0.093965	0.394985
0.093965	0.387889
0.093965	0.413962
0.093965	0.369618
0.093965	0.422954
0.093965	0.394425
0.156047	0.205867
0.156047	0.159585
0.156047	0.207664
0.156047	0.230543
0.156047	0.183388
0.156047	0.220558
0.156047	0.274052
0.124111	0.311778
0.124111	0.295243
0.124111	0.322636
0.124111	0.338515
0.124111	0.309436
0.124111	0.299016
0.124111	0.364029
0.124111	0.360172
0.089354	0.291795
0.089354	0.325082
0.089354	0.270430
0.089354	0.317581
0.106507	0.421551
0.106507	0.393515
0.106507	0.407615
0.106507	0.441405
0.106507	0.425669
0.106507	0.453395
0.106507	0.378127
0.106507	0.440012
0.106507	0.290698
0.160723	0.225512
0.160723	0.172586
0.160723	0.214153
0.160723	0.306019
0.160723	0.194015
0.160723	0.228914
0.160723	0.247625
0.100392	0.318423
0.100392	0.322441
0.100392	0.335217
0.100392	0.318142
0.100392	0.310138
0.100392	0.335055
0.100392	0.292022
0.100392	0.398985
0.100392	0.379333
0.211006	0.195315
0.211006	0.119309
0.211006	0.153126
0.211006	0.191977
0.211006	0.128668
0.211006	0.195097
0.211006	0.175979
0.056349	0.179264
0.056349	0.222099
0.056349	0.198630
0.056349	0.184384
0.056349	0.268309
0.056349	0.195401
0.056349	0.150762
0.056349	0.229986
0.056349	0.172541
0.056349	0.209544
0.056349	0.145119
0.142744	0.263285
0.142744	0.202956
0.142744	0.227446
0.142744	0.251409
0.142744	0.226996
0.142744	0.250054
0.142744	0.288348
0.142744	0.261217
0.142744	0.351141
0.142744	0.248362
0.142744	0.234788
0.142744	0.352822
0.079769	0.127692
0.079769	0.124754
0.079769	0.137921
0.079769	0.139374
0.079769	0.087921
0.079769	0.114312
0.319401	0.294783
0.319401	0.263152
0.319401	0.300829
0.319401	0.340920
0.319401	0.332437
0.319401	0.267287
0.319401	0.315954
0.319401	0.297193
0.319401	0.347600
0.157016	0.140432
0.157016	0.126396
0.157016	0.162762
0.157016	0.171096
0.157016	0.144759
0.157016	0.120960
0.157016	0.136077
0.120554	0.122476
0.120554	0.157585
0.120554	0.128286
0.120554	0.129358
0.120554	0.122675
0.148209	0.248066
0.148209	0.209135
0.148209	0.199584
0.148209	0.210667
0.148209	0.262886
0.148209	0.227874
0.148209	0.196457
0.148209	0.292734
0.235418	0.198272
0.235418	0.216025
0.235418	0.228489
0.235418	0.395555
0.235418	0.204964
0.235418	0.194984
0.235418	0.215250
0.235418	0.322311
0.126896	0.190102
0.126896	0.222724
0.126896	0.186384
0.126896	0.206887
0.126896	0.263049
0.126896	0.214483
0.126896	0.372439
0.126896	0.211691
0.126896	0.341165
0.126896	0.194420
0.126896	0.211126
0.126896	0.282046
0.168953	0.122181
0.168953	0.078113
0.168953	0.100492
0.168953	0.152320
0.168953	0.097679
0.168953	0.089200
0.168953	0.103007
0.168953	0.098575
0.078279	0.096007
0.078279	0.102851
0.078279	0.134344
0.078279	0.124416
0.078279	0.100596
0.078279	0.094143
0.078279	0.106390
0.096029	0.337007
0.096029	0.382061
0.096029	0.338986
0.096029	0.341394
0.096029	0.452060
0.096029	0.469932
0.096029	0.370413
0.096029	0.460446
0.096029	0.423380
0.074933	0.158114
0.074933	0.132521
0.074933	0.173900
0.074933	0.162030
0.074933	0.141599
0.074933	0.147614
0.074933	0.193370
0.078336	0.202950
0.078336	0.348766
0.078336	0.249329
0.078336	0.246545
0.077297	0.356151
0.077297	0.367531
0.077297	0.308530
0.077297	0.347291
0.077297	0.430373
0.091709	0.143379
0.091709	0.144236
0.091709	0.144530
0.091709	0.156451
0.091709	0.112727
0.091709	0.135425
0.091709	0.122665
0.132973	0.246556
0.132973	0.279092
0.132973	0.328870
0.132973	0.352346
0.132973	0.338202
0.132973	0.249895
0.132973	0.383546
0.132973	0.200334
0.276407	0.328845
0.276407	0.432488
0.276407	0.410927
0.276407	0.477080
0.276407	0.410397
0.276407	0.450724
0.276407	0.708850
0.276407	0.633619
0.310091	0.331128
0.310091	0.364483
0.310091	0.322901
0.310091	0.411687
0.310091	0.328696
0.310091	0.322518
0.310091	0.459025
0.101231	0.243646
0.101231	0.306982
0.101231	0.223465
0.101231	0.327360
0.167212	0.216276
0.167212	0.194812
0.167212	0.212017
0.167212	0.180710
0.167212	0.223119
0.167212	0.296982
0.167212	0.186715
0.167212	0.287906
0.070127	0.163663
0.070127	0.131626
0.070127	0.145902
0.070127	0.157204
0.070127	0.144585
0.070127	0.201122
0.070127	0.180128
0.101633	0.123357
0.101633	0.116177
0.101633	0.135037
0.101633	0.127727
0.101633	0.122153
0.101633	0.105917
0.101633	0.132773
0.070007	0.303406
0.070007	0.322813
0.070007	0.320670
0.070007	0.329198
0.070007	0.322224
0.070007	0.301096
0.070007	0.292059
0.070007	0.339500
0.070007	0.342657
0.075933	0.314968
0.075933	0.303832
0.075933	0.298871
0.075933	0.299711
0.075933	0.267736
0.075933	0.272156
0.075933	0.283164
0.075933	0.347272
0.075933	0.392437
0.083016	0.160741
0.083016	0.162583
0.083016	0.156462
0.083016	0.168943
0.083016	0.132351
0.383066	0.331434
0.383066	0.328568
0.383066	0.351228
0.383066	0.308954
0.383066	0.342602
0.383066	0.347353
0.383066	0.380314
0.383066	0.355468
0.383066	0.353132
0.383066	0.425067
0.383066	0.343172
0.208849	0.216420
0.208849	0.211604
0.208849	0.239554
0.208849	0.267602
0.208849	0.250151
0.023061	0.342079
0.023061	0.312578
0.023061	0.362478
0.023061	0.413516
0.023061	0.353430
0.023061	0.319324
0.023061	0.345129
0.023061	0.295843
0.023061	0.345576
0.206817	0.173714
0.206817	0.149807
0.206817	0.182109
0.206817	0.196688
0.227244	0.323092
0.227244	0.328615
0.227244	0.344592
0.227244	0.316069
0.227244	0.298500
0.227244	0.377408
0.227244	0.305479
0.227244	0.339887
0.227244	0.338587
0.133018	0.269176
0.133018	0.242442
0.133018	0.231047
0.133018	0.227954
0.133018	0.253957
0.133018	0.253285
0.133018	0.348108
0.133018	0.332432
0.153294	0.221978
0.153294	0.196966
0.153294	0.212189
0.153294	0.189032
0.153294	0.191208
0.153294	0.181323
0.153294	0.207894
0.153294	0.227191
0.153294	0.168245
0.072972	0.118873
0.072972	0.106656
0.072972	0.138244
0.072972	0.140191
0.072972	0.174259
0.040770	0.151604
0.040770	0.153822
0.040770	0.146263
0.040770	0.137084
0.040770	0.225675
0.078488	0.160971
0.078488	0.155606
0.078488	0.143686
0.078488	0.130465
0.078488	0.135045
0.078488	0.155945
0.078488	0.132781
0.078488	0.141628
0.078488	0.141355
0.078488	0.134193
0.078488	0.138981
0.049490	0.082983
0.049490	0.077492
0.049490	0.086273
0.049490	0.081277
0.049490	0.068882
0.049133	0.125351
0.049133	0.128323
0.049133	0.133739
0.049133	0.136838
0.049133	0.186934
0.044847	0.312981
0.044847	0.339455
0.044847	0.328373
0.044847	0.318510
0.044847	0.337199
0.044847	0.351897
0.044847	0.374603
0.044847	0.304257
0.044847	0.297848
0.044847	0.326003
0.044847	0.324400
0.057105	0.078587
0.057105	0.096191
0.057105	0.083510
0.057105	0.077085
0.057105	0.065950
0.057105	0.068696
0.057105	0.056724
0.057105	0.062580
0.086983	0.215349
0.086983	0.240576
0.086983	0.235697
0.086983	0.242802
0.086983	0.243652
0.086983	0.241831
0.086983	0.257319
0.086983	0.299451
0.086983	0.341037
0.086983	0.301196
0.056767	0.137367
0.056767	0.159277
0.056767	0.164167
0.056767	0.178044
0.056767	0.190897
0.056767	0.195954
0.096921	0.156647
0.096921	0.166096
0.096921	0.165558
0.096921	0.175408
0.096921	0.134143
0.096921	0.180976
0.096921	0.181575
0.096921	0.295882
0.074414	0.166713
0.074414	0.147979
0.074414	0.191672
0.074414	0.195341
0.074414	0.160664
0.074414	0.144895
0.074414	0.146967
0.074414	0.159951
0.074414	0.181327
0.074414	0.178011
0.074414	0.150127
0.092069	0.194656
0.092069	0.210954
0.092069	0.228109
0.092069	0.260472
0.092069	0.228970
0.092069	0.247326
0.092069	0.199494
0.102935	0.201332
0.102935	0.199690
0.102935	0.220020
0.102935	0.182750
0.102935	0.185331
0.102935	0.228798
0.102935	0.265355
0.076054	0.339018
0.076054	0.317608
0.076054	0.337162
0.076054	0.358099
0.076054	0.407611
0.076054	0.337736
0.076054	0.341658
0.046412	0.503512
0.046412	0.509242
0.046412	0.523464
0.046412	0.510951
0.046412	0.500056
0.046412	0.548483
0.046412	0.555575
0.046412	0.556998
0.046412	0.490418
0.129731	0.207849
0.129731	0.158664
0.129731	0.208554
0.129731	0.195815
0.129731	0.151479
0.129731	0.212030
0.129731	0.141120
0.082333	0.056996
0.082333	0.066101
0.082333	0.058260
0.082333	0.045190
0.082333	0.068919
0.082333	0.052624
0.045406	0.103528
0.045406	0.091519
0.045406	0.121574
0.045406	0.119818
0.045406	0.107593
0.045406	0.103987
0.045406	0.107470
0.045406	0.091549
0.049100	0.050252
0.049100	0.071358
0.049100	0.093485
0.049100	0.073741
0.049100	0.062695
0.049100	0.056385
0.049100	0.067999
0.049100	0.043398
0.081816	0.078450
0.081816	0.087119
0.081816	0.105957
0.081816	0.087017
0.085677	0.461471
0.085677	0.316373
0.085677	0.469533
0.085677	0.676621
0.085677	0.400701
0.085677	0.358540
0.085677	0.309805
0.085677	0.652253
0.085677	0.338362
0.085677	0.639014
0.085677	0.334545
0.085677	0.302955
0.088963	0.518999
0.088963	0.515640
0.088963	0.546301
0.088963	0.551713
0.088963	0.668130
0.088963	0.553809
0.088963	0.561495
0.088963	0.700268
0.035411	0.516886
0.035411	0.487831
0.035411	0.511203
0.035411	0.473798
0.035411	0.510988
0.035411	0.478508
0.035411	0.471929
0.035411	0.534712
0.113243	0.364155
0.113243	0.371137
0.113243	0.433702
0.113243	0.515028
0.113243	0.467867
0.113243	0.512677
0.113243	0.470600
0.200273	0.706207
0.200273	0.731308
0.200273	0.722510
0.200273	0.822746
0.200273	0.822142
0.200273	0.850110
0.200273	0.829252
0.200273	0.855454
0.200273	0.835191
0.200273	0.860810
0.200273	0.878615
0.089324	0.645616
0.089324	0.649094
0.089324	0.642305
0.089324	0.656130
0.089324	0.878670
0.089324	0.899118
0.089324	0.890040
0.089324	0.912841
0.089324	0.885958
0.089324	0.901548
0.089324	0.892217
0.068786	0.495935
0.068786	0.495470
0.068786	0.488724
0.068786	0.477886
0.068786	0.436890
0.068786	0.507736
0.068786	0.512769
0.068786	0.546187
0.072661	0.413116
0.072661	0.373217
0.072661	0.408632
0.072661	0.369653
0.072661	0.389303
0.072661	0.388442
0.072661	0.446812
0.072661	0.448955
0.174180	0.590281
0.174180	0.608642
0.174180	0.623592
0.174180	0.601443
0.174180	0.619955
0.174180	0.623621
0.174180	0.718664
0.174180	0.764133
0.174180	0.816489
0.038173	0.254149
0.038173	0.272332
0.038173	0.211657
0.038173	0.188417
0.038173	0.216144
0.038173	0.240235
0.038173	0.291800
0.043038	0.117637
0.043038	0.091968
0.043038	0.104772
0.043038	0.094938
0.043038	0.090284
0.043038	0.100647
0.043038	0.081202
0.257773	0.404763
0.257773	0.385909
0.257773	0.387388
0.257773	0.326852
0.257773	0.371996
0.257773	0.374385
0.257773	0.446127
0.257773	0.447014
0.257773	0.462603
0.257773	0.530889
0.257773	0.507780
0.045930	0.227394
0.045930	0.209512
0.045930	0.232595
0.045930	0.202955
0.045930	0.274765
0.045930	0.294495
0.045930	0.355795
0.045930	0.391713
0.075092	0.113322
0.075092	0.099550
0.075092	0.102772
0.075092	0.106579
0.075092	0.093091
0.075092	0.115721
0.075092	0.082092
0.075092	0.089835
0.052486	0.123765
0.052486	0.147053
0.052486	0.150390
0.052486	0.135495
0.052486	0.132721
0.052486	0.158971
0.052486	0.147149
0.052486	0.174149
0.052486	0.151316
0.052486	0.170251
0.052486	0.131464
0.190357	0.189632
0.190357	0.204915
0.190357	0.180101
0.190357	0.221407
0.190357	0.181101
0.190357	0.214144
0.190357	0.199085
0.190357	0.218865
0.190357	0.181844
0.190357	0.202480
0.190357	0.188878
0.190357	0.190326
0.170703	0.243914
0.170703	0.264447
0.170703	0.268714
0.170703	0.297212
0.170703	0.270966
0.170703	0.299219
0.170703	0.288133
0.170703	0.262615
0.170703	0.305161
0.170703	0.352779
0.170703	0.344315
0.091652	0.124142
0.091652	0.134217
0.091652	0.148973
0.091652	0.164373
0.091652	0.148718
0.091652	0.149439
0.091652	0.165768
0.091652	0.114733
0.148263	0.112211
0.148263	0.139602
0.148263	0.159602
0.148263	0.168212
0.148263	0.116334
0.148263	0.138630
0.148263	0.134263
0.148263	0.138047
0.148263	0.135922
0.148263	0.178003
0.148263	0.134324
0.075589	0.169798
0.075589	0.220329
0.075589	0.203836
0.075589	0.201864
0.075589	0.201130
0.075589	0.220689
0.075589	0.200109
0.075589	0.218447
0.075589	0.213515
0.075589	0.294432
0.075589	0.168713
0.075589	0.359638
0.086298	0.327837
0.086298	0.229340
0.086298	0.221581
0.086298	0.277093
0.086298	0.399837
0.086298	0.230770
0.086298	0.242313
0.086298	0.338171
0.116950	0.130256
0.116950	0.121433
0.116950	0.151271
0.116950	0.153201
0.116950	0.136078
0.116950	0.152816
0.116950	0.165774
0.238418	0.591663
0.238418	0.611575
0.238418	0.632627
0.238418	0.615089
0.238418	0.762631
0.238418	0.626195
0.238418	0.645408
0.238418	0.782864
0.238418	0.644661
0.238418	0.788770
0.238418	0.617942
0.238418	0.769512
0.048669	0.392132
0.048669	0.381842
0.048669	0.404336
0.048669	0.391938
0.048669	0.469464
0.070772	0.545186
0.070772	0.552222
0.070772	0.544420
0.070772	0.532853
0.070772	0.544792
0.070772	0.522421
0.070772	0.502676
0.070772	0.501552
0.070772	0.506968
0.070772	0.505778
0.070772	0.477216
0.070772	0.529057
0.070772	0.488144
0.070772	0.510328
0.104279	0.392210
0.104279	0.341368
0.104279	0.447326
0.104279	0.577445
0.104279	0.379006
0.104279	0.519208
0.108229	0.649777
0.108229	0.676969
0.108229	0.682228
0.108229	0.718846
0.108229	0.809721
0.108229	0.727444
0.108229	0.762611
0.108229	0.711082
0.108229	0.719389
0.108229	0.710913
0.108229	0.718506
0.108229	0.771380
0.108229	0.706198
0.108229	0.706763
0.052901	0.507725
0.052901	0.515349
0.052901	0.499131
0.052901	0.484696
0.052901	0.521247
0.052901	0.495287
0.052901	0.486908
0.052901	0.594951
0.052901	0.570248
0.050827	0.580813
0.050827	0.574741
0.050827	0.571053
0.050827	0.555019
0.050827	0.560998
0.050827	0.563481
0.050827	0.551548
0.050827	0.586131
0.050827	0.542865
0.050827	0.583500
0.103651	0.516800
0.103651	0.605125
0.103651	0.519389
0.103651	0.603864
0.103651	0.549180
0.103651	0.525884
0.103651	0.508518
0.103651	0.516879
0.086247	0.433989
0.086247	0.423559
0.086247	0.436087
0.086247	0.495678
0.086247	0.429908
0.086247	0.408548
0.086247	0.404802
0.086247	0.447680
0.186426	0.329287
0.186426	0.448404
0.186426	0.324752
0.186426	0.324643
0.186426	0.422699
0.186426	0.347630
0.236954	0.325774
0.236954	0.260706
0.236954	0.307540
0.236954	0.331380
0.236954	0.377084
0.236954	0.411161
0.236954	0.330457
0.236954	0.414437
0.236954	0.415024
0.236954	0.458679
0.236954	0.479866
0.163313	0.169160
0.163313	0.193170
0.163313	0.200003
0.163313	0.227261
0.163313	0.106329
0.163313	0.127609
0.163313	0.155168
0.163313	0.123892
0.163313	0.127100
0.163313	0.108546
0.163313	0.117863
0.163313	0.116753
0.163313	0.117070
0.163313	0.140407
0.059860	0.147506
0.059860	0.148728
0.059860	0.127421
0.059860	0.174478
0.059860	0.281485
0.059860	0.289011
0.059860	0.200275
0.059860	0.323715
0.105941	0.045296
0.105941	0.040192
0.105941	0.058249
0.105941	0.047853
0.105941	0.055585
0.105941	0.037586
0.105941	0.040046
0.105941	0.054922
0.102946	0.112738
0.102946	0.110794
0.102946	0.109420
0.102946	0.090804
0.102946	0.187674
0.102946	0.181478
0.102946	0.285052
0.102946	0.315014
0.160067	0.151815
0.160067	0.117079
0.160067	0.115175
0.160067	0.106444
0.160067	0.124896
0.160067	0.197888
0.160067	0.233872
0.160067	0.407088
0.151889	0.029294
0.151889	0.028727
0.151889	0.026272
0.151889	0.025114
0.151889	0.022922
0.151889	0.029598
0.151889	0.025148
0.155079	0.044227
0.155079	0.044782
0.155079	0.054933
0.155079	0.046536
0.155079	0.064434
0.155079	0.054846
0.155079	0.048800
0.155079	0.049184
0.110362	0.209517
0.110362	0.188375
0.110362	0.172141
0.110362	0.192740
0.110362	0.207989
0.110362	0.260377
0.110362	0.318346
0.110362	0.358608
0.110362	0.368176
0.110362	0.366574
0.110362	0.484402
0.092341	0.041924
0.092341	0.047493
0.092341	0.052907
0.092341	0.052487
0.092341	0.044529
0.282175	0.039616
0.282175	0.046037
0.282175	0.050881
0.282175	0.049820
0.282175	0.046446
0.282175	0.041985
0.288363	0.082439
0.288363	0.109724
0.288363	0.106958
0.288363	0.132659
0.288363	0.085241
0.288363	0.102547
0.288363	0.107144
0.288363	0.121871
0.288363	0.130206
0.288363	0.154696
0.288363	0.134166
0.288363	0.160427
0.238497	0.065389
0.238497	0.078444
0.238497	0.074120
0.238497	0.090076
0.238497	0.067658
0.222947	0.067097
0.222947	0.073183
0.222947	0.081264
0.222947	0.103013
0.222947	0.073797
0.222947	0.069979
0.222947	0.082785
0.222947	0.072283
0.230721	0.213318
0.230721	0.234161
0.230721	0.246392
0.230721	0.250082
0.230721	0.221082
0.230721	0.292994
0.230721	0.227091
0.230721	0.269873
0.230721	0.234131
0.230721	0.233847
0.230721	0.293310
0.248096	0.105817
0.248096	0.104100
0.248096	0.127736
0.248096	0.118601
0.248096	0.133484
0.248096	0.111598
0.248096	0.102971
0.216589	0.262208
0.216589	0.268458
0.216589	0.275015
0.216589	0.262419
0.216589	0.252949
0.216589	0.235651
0.216589	0.269279
0.216589	0.290223
0.216589	0.313010
0.088463	0.146797
0.088463	0.158815
0.088463	0.153931
0.088463	0.212325
0.178388	0.121756
0.178388	0.115895
0.178388	0.126993
0.178388	0.142473
0.178388	0.099744
0.178388	0.100821
0.178388	0.094832
0.178388	0.107136
0.114742	0.178979
0.114742	0.225272
0.114742	0.248412
0.114742	0.257648
0.114742	0.236610
0.114742	0.223667
0.114742	0.214160
0.114742	0.299947
0.194856	0.235430
0.194856	0.145848
0.194856	0.243688
0.194856	0.244767
0.194856	0.203705
0.194856	0.202700
0.194856	0.184798
0.194856	0.174280
0.194856	0.180061
0.194856	0.166906
0.194856	0.252902
0.194856	0.162573
0.194856	0.155409
0.194856	0.139337
0.115656	0.187427
0.115656	0.188696
0.115656	0.193987
0.115656	0.186634
0.115656	0.209658
0.115656	0.151486
0.115656	0.146170
0.300604	0.409352
0.300604	0.401966
0.300604	0.440077
0.300604	0.463513
0.300604	0.420941
0.300604	0.405359
0.300604	0.384718
0.300604	0.410691
0.300604	0.411221
0.142760	0.325325
0.142760	0.337462
0.142760	0.323043
0.142760	0.331991
0.093846	0.339949
0.093846	0.265498
0.093846	0.302594
0.093846	0.331283
0.093846	0.341433
0.093846	0.243708
0.093846	0.345975
0.093846	0.325237
0.119613	0.234551
0.119613	0.203473
0.119613	0.242815
0.119613	0.335204
0.119613	0.182806
0.119613	0.209958
0.119613	0.255531
0.064073	0.145548
0.064073	0.256726
0.064073	0.190485
0.064073	0.208088
0.064073	0.242890
0.064073	0.264293
0.106444	0.314290
0.106444	0.215479
0.106444	0.339513
0.106444	0.273965
0.106444	0.331123
0.106444	0.197785
0.106444	0.307525
0.106444	0.194406
0.106444	0.198667
0.106444	0.115981
0.106444	0.137615
0.076597	0.403281
0.076597	0.459966
0.076597	0.464715
0.076597	0.410429
0.076597	0.456653
0.076597	0.505214
0.076597	0.458489
0.076597	0.470997
0.076597	0.388353
0.076597	0.412097
0.076597	0.640672
0.110793	0.161711
0.110793	0.130827
0.110793	0.118094
0.110793	0.075363
0.110793	0.268814
0.110793	0.139112
0.110793	0.137378
0.110793	0.234266
0.107917	0.472194
0.107917	0.399428
0.107917	0.373231
0.107917	0.324924
0.107917	0.454367
0.107917	0.389264
0.107917	0.362785
0.107917	0.422100
0.107917	0.358173
0.167394	0.365164
0.167394	0.331695
0.167394	0.313921
0.167394	0.282592
0.167394	0.341383
0.167394	0.368053
0.167394	0.364674
0.167394	0.353537
0.167394	0.426340
0.167394	0.313112
0.142497	0.118011
0.142497	0.107901
0.142497	0.102970
0.142497	0.093374
0.142497	0.086080
0.142497	0.118408
0.142497	0.135937
0.142497	0.070866
0.127054	0.078040
0.127054	0.091484
0.127054	0.096545
0.127054	0.081147
0.127054	0.081625
0.127054	0.104922
0.127054	0.089787
0.090437	0.239837
0.090437	0.232668
0.090437	0.205818
0.090437	0.242580
0.090437	0.276475
0.090437	0.272589
0.090437	0.272967
0.090437	0.328935
0.090437	0.277089
0.040522	0.111031
0.040522	0.101476
0.040522	0.099413
0.040522	0.095078
0.040522	0.103673
0.075987	0.254741
0.075987	0.283770
0.075987	0.292519
0.075987	0.272510
0.075987	0.257668
0.075987	0.216067
0.075987	0.272345
0.075987	0.260120
0.068365	0.095189
0.068365	0.101534
0.068365	0.093507
0.068365	0.113635
0.085019	0.212701
0.085019	0.202063
0.085019	0.256578
0.085019	0.233992
0.085019	0.164464
0.085019	0.244103
0.085019	0.265110
0.085019	0.212048
0.198949	0.268764
0.198949	0.258734
0.198949	0.300017
0.198949	0.432370
0.198949	0.285089
0.198949	0.243557
0.198949	0.184583
0.198949	0.138465
0.198949	0.213328
0.125563	0.422976
0.125563	0.447643
0.125563	0.457588
0.125563	0.528715
0.125563	0.454881
0.125563	0.434237
0.125563	0.486610
0.125563	0.496733
0.125563	0.483843
0.125563	0.532406
0.300082	0.324284
0.300082	0.336004
0.300082	0.433109
0.300082	0.352093
0.300082	0.316071
0.300082	0.329582
0.713867	0.579957
0.713867	0.469531
0.713867	0.442193
0.713867	0.425554
0.713867	0.497822
0.713867	0.454394
0.713867	0.439797
0.713867	0.434472
0.519670	0.290814
0.519670	0.288787
0.519670	0.242851
0.519670	0.225726
0.519670	0.228108
0.332308	0.289494
0.332308	0.209524
0.332308	0.280374
0.332308	0.247775
0.332308	0.288653
0.332308	0.250246
0.332308	0.189477
0.332308	0.236930
0.284694	0.311636
0.284694	0.323142
0.284694	0.322032
0.284694	0.312900
0.284694	0.379380
0.354265	0.424852
0.354265	0.407955
0.354265	0.414171
0.354265	0.392591
0.354265	0.487180
0.354265	0.497013
0.354265	0.571565
0.354265	0.635850
0.276708	0.116987
0.276708	0.121246
0.276708	0.104521
0.276708	0.093135
0.276708	0.101436
0.276708	0.077570
0.276708	0.092935
0.154945	0.221551
0.154945	0.215809
0.154945	0.273399
0.154945	0.310327
0.154945	0.336594
0.154945	0.238091
0.154945	0.273004
0.154945	0.269282
0.154945	0.235070
0.154945	0.269310
0.154945	0.215372
0.154945	0.235629
0.122914	0.117113
0.122914	0.137582
0.122914	0.130759
0.122914	0.121528
0.122914	0.110760
0.084860	0.074012
0.084860	0.064123
0.084860	0.062984
0.084860	0.057754
0.084860	0.064642
0.084860	0.144311
0.084860	0.059532
0.066972	0.071463
0.066972	0.068220
0.066972	0.070204
0.066972	0.064303
0.066972	0.063679
0.066972	0.051317
0.066972	0.099510
0.066972	0.063831
0.047650	0.080312
0.047650	0.091588
0.047650	0.084512
0.047650	0.106987
0.047650	0.107514
0.142008	0.084021
0.142008	0.081231
0.142008	0.085784
0.142008	0.082135
0.142008	0.078401
0.142008	0.084806
0.142008	0.075084
0.142008	0.078270
0.079007	0.056749
0.079007	0.050413
0.079007	0.049974
0.079007	0.049559
0.079007	0.048278
0.063559	0.159160
0.063559	0.169579
0.063559	0.175694
0.063559	0.162467
0.063559	0.211551
0.063559	0.161636
0.063559	0.194636
0.063559	0.147367
0.063559	0.242033
0.104176	0.083147
0.104176	0.099777
0.104176	0.091797
0.104176	0.091500
0.104176	0.085109
0.104176	0.083512
0.104176	0.217408
0.104176	0.083208
0.201569	0.055080
0.201569	0.052565
0.201569	0.059831
0.201569	0.065926
0.201569	0.046505
0.201569	0.045254
0.201569	0.049131
0.120126	0.149063
0.120126	0.154842
0.120126	0.216205
0.120126	0.240249
0.120126	0.165009
0.120126	0.227444
0.120126	0.184190
0.120126	0.269724
0.120126	0.249373
0.175725	0.134522
0.175725	0.148742
0.175725	0.146347
0.175725	0.165479
0.175725	0.152149
0.175725	0.193770
0.175725	0.172658
0.168765	0.342537
0.168765	0.300018
0.168765	0.342171
0.168765	0.352974
0.168765	0.337356
0.168765	0.332244
0.168765	0.334878
0.168765	0.360212
0.168765	0.309682
0.168765	0.323783
0.168765	0.387862
0.183263	0.233661
0.183263	0.227923
0.183263	0.235237
0.183263	0.201087
0.183263	0.186700
0.183263	0.224391
0.183263	0.212052
0.183263	0.211085
0.183263	0.223231
0.236688	0.160265
0.236688	0.152769
0.236688	0.159461
0.236688	0.148834
0.236688	0.170854
0.236688	0.136790
0.236688	0.150009
0.453437	0.329306
0.453437	0.289662
0.453437	0.315341
0.453437	0.315833
0.453437	0.290094
0.453437	0.321262
0.453437	0.267623
0.453437	0.275828
0.453437	0.266408
0.453437	0.401104
0.453437	0.416941
0.200030	0.098578
0.200030	0.094526
0.200030	0.086609
0.200030	0.078423
0.200030	0.083720
0.200030	0.067523
0.200030	0.105092
0.200030	0.065102
0.091727	0.096128
0.091727	0.095168
0.091727	0.102443
0.091727	0.092127
0.091727	0.103771
0.091727	0.102012
0.091727	0.092929
0.091727	0.111430
0.091727	0.109998
0.091727	0.128009
0.091727	0.099067
0.117121	0.143894
0.117121	0.160816
0.117121	0.178302
0.117121	0.162354
0.117121	0.202802
0.117121	0.194449
0.117121	0.230964
0.117121	0.213730
0.187996	0.144931
0.187996	0.151741
0.187996	0.145795
0.187996	0.137964
0.187996	0.144141
0.187996	0.149685
0.187996	0.170086
0.187996	0.140036
0.187996	0.174175
0.187996	0.138951
0.187996	0.143451
0.187996	0.146044
0.127066	0.069197
0.127066	0.063564
0.127066	0.066479
0.127066	0.064941
0.127066	0.059009
0.127066	0.063815
0.127066	0.055282
0.127066	0.066144
0.097803	0.085049
0.097803	0.096022
0.097803	0.103897
0.097803	0.115347
0.097803	0.106091
0.097803	0.100463
0.097803	0.112035
0.097803	0.147850
0.097803	0.097872
0.097803	0.210059
0.097803	0.170052
0.143481	0.102521
0.143481	0.114669
0.143481	0.123542
0.143481	0.124344
0.143481	0.129950
0.143481	0.141710
0.143481	0.146438
0.179799	0.179538
0.179799	0.158059
0.179799	0.172168
0.179799	0.154679
0.179799	0.158832
0.179799	0.176249
0.179799	0.190726
0.179799	0.165994
0.179799	0.247406
0.179799	0.207475
0.240515	0.200083
0.240515	0.206913
0.240515	0.240148
0.240515	0.254295
0.240515	0.184451
0.240515	0.229880
0.240515	0.208573
0.240515	0.254507
0.240515	0.200633
0.240515	0.192079
0.240515	0.324506
0.268263	0.202619
0.268263	0.216614
0.268263	0.193482
0.268263	0.160671
0.268263	0.252650
0.268263	0.255034
0.268263	0.346660
0.268263	0.356397
0.381926	0.554557
0.381926	0.433236
0.381926	0.446193
0.381926	0.447907
0.381926	0.508431
0.381926	0.441680
0.381926	0.475772
0.381926	0.452683
0.381926	0.467776
0.438569	0.468722
0.438569	0.460212
0.438569	0.461319
0.438569	0.457057
0.438569	0.491713
0.438569	0.464448
0.438569	0.506888
0.438569	0.454010
0.438569	0.492817
0.438569	0.462519
0.238606	0.243478
0.238606	0.263200
0.238606	0.243353
0.238606	0.245166
0.238606	0.237986
0.238606	0.247365
0.238606	0.245406
0.238606	0.257486
0.238606	0.272228
0.131761	0.073733
0.131761	0.070091
0.131761	0.078234
0.131761	0.076841
0.131761	0.065997
0.131761	0.058824
0.131761	0.066017
0.131761	0.060824
0.219723	0.387125
0.219723	0.409373
0.219723	0.416423
0.219723	0.413347
0.219723	0.387428
0.219723	0.393177
0.219723	0.420867
0.219723	0.431676
0.201668	0.151804
0.201668	0.166953
0.201668	0.144310
0.201668	0.212205
0.201668	0.181271
0.123118	0.131687
0.123118	0.128942
0.123118	0.139053
0.123118	0.137155
0.123118	0.103970
0.123118	0.120291
0.123118	0.107792
0.123118	0.159846
0.102256	0.118098
0.102256	0.118428
0.102256	0.146831
0.102256	0.174972
0.102256	0.114834
0.102256	0.088165
0.102256	0.104317
0.102256	0.084790
0.063507	0.245824
0.063507	0.288085
0.063507	0.270219
0.063507	0.264822
0.063507	0.306161
0.063507	0.296222
0.063507	0.301671
0.063507	0.325574
0.168908	0.136330
0.168908	0.128838
0.168908	0.152223
0.168908	0.150204
0.168908	0.127809
0.168908	0.146655
0.168908	0.105623
0.244099	0.270040
0.244099	0.292630
0.244099	0.287047
0.244099	0.362331
0.244099	0.280567
0.244099	0.236781
0.244099	0.286177
0.050184	0.356117
0.050184	0.358646
0.050184	0.354411
0.050184	0.366118
0.050184	0.388005
0.050184	0.393451
0.050184	0.365908
0.050184	0.414222
0.050184	0.401139
0.156992	0.196001
0.156992	0.152570
0.156992	0.184392
0.156992	0.176729
0.156992	0.175475
0.156992	0.172536
0.156992	0.169857
0.156992	0.266688
0.080512	0.274884
0.080512	0.268839
0.080512	0.261686
0.080512	0.233547
0.080512	0.274440
0.080512	0.274492
0.080512	0.289804
0.080512	0.260523
0.080512	0.315729
0.145122	0.130457
0.145122	0.096247
0.145122	0.118216
0.145122	0.119998
0.145122	0.131391
0.145122	0.142397
0.145122	0.143201
0.081793	0.092025
0.081793	0.083852
0.081793	0.089736
0.081793	0.069456
0.081793	0.060125
0.081793	0.087231
0.081793	0.077119
0.081793	0.086242
0.099815	0.043561
0.099815	0.039290
0.099815	0.041050
0.099815	0.038634
0.099815	0.037509
0.099815	0.038834
0.099815	0.036065
0.087002	0.103161
0.087002	0.097585
0.087002	0.108441
0.087002	0.115531
0.087002	0.104406
0.087002	0.116131
0.087002	0.110230
0.087002	0.129535
0.087002	0.131307
0.087002	0.143745
0.143544	0.039838
0.143544	0.034667
0.143544	0.044039
0.143544	0.056977
0.143544	0.036003
0.143544	0.035871
0.143544	0.036670
0.095005	0.076102
0.095005	0.101947
0.095005	0.104667
0.095005	0.097890
0.095005	0.087281
0.095005	0.214210
0.114376	0.164168
0.114376	0.166478
0.114376	0.255291
0.114376	0.293273
0.496634	0.274505
0.496634	0.289904
0.496634	0.241002
0.496634	0.409794
0.496634	0.256614
0.496634	0.446047
0.496634	0.436646
0.496634	0.377190
0.118145	0.221307
0.118145	0.193399
0.118145	0.218151
0.118145	0.188663
0.118145	0.175560
0.118145	0.173012
0.118145	0.147452
0.118145	0.245674
0.118145	0.137359
0.118145	0.238570
0.118145	0.165491
0.046483	0.164321
0.046483	0.277628
0.046483	0.163118
0.046483	0.151196
0.096877	0.328700
0.096877	0.178358
0.096877	0.186813
0.096877	0.233566
0.096877	0.338274
0.169920	0.327512
0.169920	0.346512
0.169920	0.319097
0.169920	0.372483
0.169920	0.353467
0.169920	0.289456
0.169920	0.316000
0.169920	0.304184
0.169920	0.313199
0.169920	0.301592
0.169920	0.349257
0.169920	0.361387
0.169920	0.367741
0.169920	0.365481
0.215332	0.357090
0.215332	0.363310
0.215332	0.367529
0.215332	0.354909
0.215332	0.361195
0.215332	0.359627
0.215332	0.404804
0.215332	0.354486
0.215332	0.372699
0.215332	0.416102
0.215332	0.469360
0.119072	0.092571
0.119072	0.090492
0.119072	0.074868
0.119072	0.074538
0.054821	0.154059
0.054821	0.150469
0.054821	0.152412
0.054821	0.140563
0.054821	0.132395
0.054821	0.155687
0.054821	0.344988
0.054821	0.252913
0.122917	0.082738
0.122917	0.074339
0.122917	0.085404
0.122917	0.105567
0.122917	0.066193
0.122917	0.072729
0.122917	0.069648
0.102738	0.057247
0.102738	0.066649
0.102738	0.071685
0.102738	0.068974
0.102738	0.080355
0.102738	0.076065
0.152086	0.137951
0.152086	0.113200
0.152086	0.142315
0.152086	0.137204
0.152086	0.160426
0.152086	0.169168
0.152086	0.134483
0.152086	0.177628
0.152086	0.138256
0.152086	0.172743
0.152086	0.190479
0.152086	0.172019
0.152086	0.192809
0.152086	0.173951
0.063324	0.044210
0.063324	0.043851
0.063324	0.049136
0.063324	0.048141
0.063324	0.038826
0.063324	0.045546
0.063324	0.037860
0.056454	0.069585
0.056454	0.068325
0.056454	0.073984
0.056454	0.069603
0.056454	0.082616
0.065533	0.089978
0.065533	0.078212
0.065533	0.107564
0.065533	0.108773
0.065533	0.072806
0.065533	0.080282
0.065533	0.075692
0.157992	0.081369
0.157992	0.104246
0.157992	0.117879
0.157992	0.129712
0.157992	0.102233
0.157992	0.079671
0.157992	0.076994
0.157992	0.098787
0.154398	0.228684
0.154398	0.216076
0.154398	0.233578
0.154398	0.189626
0.154398	0.263954
0.261879	0.423578
0.261879	0.406102
0.261879	0.432826
0.261879	0.450610
0.261879	0.464125
0.261879	0.450211
0.261879	0.482543
0.261879	0.451813
0.261879	0.468257
0.261879	0.451795
0.261879	0.440379
0.261879	0.490963
0.261879	0.449996
0.261879	0.461485
0.179062	0.462558
0.179062	0.459270
0.179062	0.464569
0.179062	0.466333
0.179062	0.450993
0.179062	0.443413
0.179062	0.445325
0.179062	0.447235
0.179062	0.548118
0.179062	0.545064
0.350125	0.478762
0.350125	0.480107
0.350125	0.486934
0.350125	0.500394
0.350125	0.499210
0.350125	0.486605
0.350125	0.468054
0.217075	0.565657
0.217075	0.576469
0.217075	0.599285
0.217075	0.635504
0.217075	0.632164
0.217075	0.569104
0.217075	0.584605
0.217075	0.686383
0.217075	0.574416
0.126293	0.453572
0.126293	0.519527
0.126293	0.441461
0.126293	0.422837
0.126293	0.592830
0.126293	0.568506
0.126293	0.525155
0.126293	0.667284
0.589613	0.527561
0.589613	0.489161
0.589613	0.487277
0.589613	0.534926
0.589613	0.545522
0.589613	0.518798
0.589613	0.501419
0.589613	0.480395
0.589613	0.545631
0.589613	0.500157
0.589613	0.478489
0.383079	0.400619
0.383079	0.379218
0.383079	0.409283
0.383079	0.385117
0.383079	0.369542
0.383079	0.386215
0.383079	0.422607
0.383079	0.532102
0.143975	0.257545
0.143975	0.208816
0.143975	0.231055
0.143975	0.247014
0.143975	0.312027
0.111052	0.186249
0.111052	0.156886
0.111052	0.163792
0.111052	0.178333
0.111052	0.155556
0.111052	0.130758
0.111052	0.162823
0.103261	0.056528
0.103261	0.056414
0.103261	0.062205
0.103261	0.060891
0.103261	0.067879
0.103261	0.055296
0.103261	0.049063
0.103261	0.070913
0.054985	0.064474
0.054985	0.054871
0.054985	0.073771
0.054985	0.067420
0.054985	0.073574
0.054985	0.056626
0.054985	0.055363
0.054985	0.065745
0.062994	0.043178
0.062994	0.042941
0.062994	0.049354
0.062994	0.045766
0.062994	0.045444
0.062994	0.049819
0.062994	0.041329
0.136858	0.168434
0.136858	0.157158
0.136858	0.157900
0.136858	0.189221
0.136858	0.260817
0.136858	0.163551
0.136858	0.161489
0.136858	0.279733
0.096957	0.084721
0.096957	0.093736
0.096957	0.105034
0.096957	0.119350
0.096957	0.088049
0.096957	0.090219
0.096957	0.113391
0.096957	0.087116
0.176387	0.146409
0.176387	0.164877
0.176387	0.182977
0.176387	0.235767
0.176387	0.194846
0.176849	0.148918
0.176849	0.217445
0.176849	0.191147
0.176849	0.166335
0.168707	0.378388
0.168707	0.300315
0.168707	0.294402
0.168707	0.300728
0.168707	0.389608
0.168707	0.325246
0.168707	0.330961
0.168707	0.343224
0.119500	0.166771
0.119500	0.130346
0.119500	0.170848
0.119500	0.135309
0.119500	0.125844
0.119500	0.177959
0.119500	0.140275
0.119500	0.148432
0.162740	0.226310
0.162740	0.227882
0.162740	0.244790
0.162740	0.242044
0.162740	0.290688
0.162740	0.280702
0.266852	0.229334
0.266852	0.233116
0.266852	0.193149
0.266852	0.220178
0.266852	0.193134
0.266852	0.265785
0.266852	0.195284
0.091577	0.138363
0.091577	0.134064
0.091577	0.154635
0.091577	0.187883
0.091577	0.125787
0.091577	0.115079
0.091577	0.103524
0.091577	0.102704
0.240442	0.209812
0.240442	0.265363
0.240442	0.283484
0.240442	0.343144
0.240442	0.312949
0.240442	0.249565
0.240442	0.306160
0.240442	0.266961
0.119044	0.460841
0.119044	0.441539
0.119044	0.475968
0.119044	0.453763
0.119044	0.454941
0.119044	0.453371
0.119044	0.446400
0.119044	0.449320
0.119044	0.452295
0.120110	0.282302
0.120110	0.314419
0.120110	0.299186
0.120110	0.286577
0.120110	0.257942
0.120110	0.291779
0.120110	0.261472
0.120110	0.275044
0.134701	0.391604
0.134701	0.348993
0.134701	0.302538
0.134701	0.279252
0.134701	0.399133
0.134701	0.349311
0.134701	0.317163
0.134701	0.382112
0.174104	0.465754
0.174104	0.384706
0.174104	0.448616
0.174104	0.431762
0.174104	0.454998
0.174104	0.434206
0.120014	0.549228
0.120014	0.537755
0.120014	0.540345
0.120014	0.540337
0.120014	0.593153
0.120014	0.586478
0.120014	0.579084
0.120014	0.553468
0.091446	0.196239
0.091446	0.200221
0.091446	0.192794
0.091446	0.182404
0.091446	0.174225
0.091446	0.252617
0.091446	0.212476
0.103163	0.122026
0.103163	0.124015
0.103163	0.101387
0.103163	0.108364
0.103163	0.098489
0.103163	0.109558
0.103163	0.113743
0.103163	0.102877
0.110212	0.317403
0.110212	0.334533
0.110212	0.347886
0.110212	0.333862
0.110212	0.328101
0.110212	0.360781
0.110212	0.412020
0.110212	0.336123
0.110212	0.358985
0.110212	0.419236
0.110212	0.424129
0.137541	0.571317
0.137541	0.619201
0.137541	0.588431
0.137541	0.577804
0.137541	0.621553
0.137541	0.644772
0.137541	0.621679
0.137541	0.608160
0.137541	0.590045
0.307850	0.367981
0.307850	0.418527
0.307850	0.404834
0.307850	0.420777
0.307850	0.400505
0.307850	0.422939
0.307850	0.369524
0.307850	0.412650
0.307850	0.348245
0.307850	0.372627
0.307850	0.420277
0.272037	0.129678
0.272037	0.147912
0.272037	0.151282
0.272037	0.321833
0.272037	0.120238
0.272037	0.273199
0.272037	0.372924
0.272037	0.127388
0.204200	0.254293
0.204200	0.330947
0.204200	0.305138
0.204200	0.531972
0.204200	0.348897
0.204200	0.417055
0.204200	0.392845
0.204200	0.462973
0.204200	0.401404
0.204200	0.386879
0.204200	0.417979
0.204200	0.257290
0.347367	0.606595
0.347367	0.630456
0.347367	0.649824
0.347367	0.683856
0.347367	0.583978
0.347367	0.579230
0.347367	0.636177
0.604122	0.310646
0.604122	0.301021
0.604122	0.376959
0.604122	0.545309
0.604122	0.461597
1.000000	0.677756
1.000000	0.699072
1.000000	0.711362
1.000000	0.776283
1.000000	0.755424
1.000000	0.776006
1.000000	0.656258
1.000000	0.699770
1.000000	0.638169
1.000000	0.493832
1.000000	0.515701
1.000000	0.575115
1.000000	0.560693
1.000000	0.478440
1.000000	0.621834
1.000000	0.607320
0.449306	0.258790
0.449306	0.242730
0.449306	0.206513
0.449306	0.299004
0.449306	0.434774
0.173336	0.108536
0.173336	0.105677
0.173336	0.100182
0.173336	0.269615
0.173336	0.103013
0.173336	0.096580
0.173336	0.095826
0.088538	0.113185
0.088538	0.208008
0.088538	0.108442
0.088538	0.103181
0.088538	0.169390
0.088538	0.105361
0.088538	0.109029
0.137523	0.070309
0.137523	0.062091
0.137523	0.069724
0.137523	0.120710
0.137523	0.065015
0.137523	0.058332
0.137523	0.050651
0.102993	0.130436
0.102993	0.171030
0.102993	0.139787
0.102993	0.131969
0.102993	0.233131
0.102993	0.143986
0.102993	0.235912
0.102993	0.161021
0.102993	0.162432
0.204294	0.106424
0.204294	0.064513
0.204294	0.091653
0.204294	0.315593
0.204294	0.263561
0.204294	0.100081
0.204294	0.233101
0.204294	0.068316
0.145884	0.048963
0.145884	0.060069
0.145884	0.058194
0.145884	0.042159
0.145884	0.036535
0.145884	0.045199
0.145884	0.048791
0.324931	0.371018
0.324931	0.152752
0.324931	0.168015
0.324931	0.200188
0.324931	0.368834
0.324931	0.201217
0.324931	0.218240
0.324931	0.197722
0.324931	0.352451
0.324931	0.279742
0.247210	0.073055
0.247210	0.075270
0.247210	0.102563
0.247210	0.106677
0.247210	0.087670
0.247210	0.077819
0.247210	0.078972
0.247210	0.082016
0.227461	0.447799
0.227461	0.555316
0.227461	0.441745
0.227461	0.539335
0.227461	0.600328
0.227461	0.520186
0.227461	0.557722
0.227461	0.562029
0.241332	0.281633
0.241332	0.323420
0.241332	0.316261
0.241332	0.495973
0.241332	0.407770
0.241332	0.308881
0.241332	0.511754
0.241332	0.549233
0.241332	0.588236
0.178204	0.132251
0.178204	0.108398
0.178204	0.123991
0.178204	0.186695
0.178204	0.112847
0.178204	0.148504
0.107973	0.084191
0.107973	0.086256
0.107973	0.066305
0.107973	0.072661
0.107973	0.201054
0.107973	0.064904
0.107973	0.067823
0.118958	0.047987
0.118958	0.034583
0.118958	0.040494
0.118958	0.037500
0.118958	0.034905
0.118958	0.035473
0.118958	0.042483
0.118678	0.048646
0.118678	0.043247
0.118678	0.057874
0.118678	0.061919
0.118678	0.056371
0.118678	0.060045
0.118678	0.059376
0.118678	0.049378
0.218306	0.065711
0.218306	0.062149
0.218306	0.088508
0.218306	0.068882
0.218306	0.072603
0.167560	0.203195
0.167560	0.204927
0.167560	0.196883
0.167560	0.193366
0.167560	0.247431
0.167560	0.232200
0.167560	0.214224
0.167560	0.250417
0.167560	0.269061
0.204291	0.121130
0.204291	0.096544
0.204291	0.124309
0.204291	0.126307
0.204291	0.181553
0.159646	0.230306
0.159646	0.241244
0.159646	0.234645
0.159646	0.276367
0.159646	0.264013
0.159646	0.233916
0.159646	0.298310
0.159646	0.229110
0.315023	0.134626
0.315023	0.169561
0.315023	0.134354
0.315023	0.157399
0.315023	0.117175
0.315023	0.094370
0.315023	0.137944
0.218343	0.120937
0.218343	0.104240
0.218343	0.146323
0.218343	0.146584
0.218343	0.092415
0.218343	0.097375
0.218343	0.089214
0.218343	0.090957
0.214228	0.310162
0.214228	0.332775
0.214228	0.315222
0.214228	0.285599
0.214228	0.342671
0.214228	0.285799
0.214228	0.333680
0.214228	0.308456
0.214228	0.316028
0.214228	0.355405
0.214228	0.338415
0.192352	0.253381
0.192352	0.242225
0.192352	0.242654
0.192352	0.236218
0.192352	0.274361
0.192352	0.227003
0.192352	0.245665
0.341784	0.356906
0.341784	0.339903
0.341784	0.326764
0.341784	0.332467
0.341784	0.314075
0.341784	0.329147
0.341784	0.299421
0.341784	0.311601
0.341784	0.341748
0.239705	0.239075
0.239705	0.214039
0.239705	0.228886
0.239705	0.216085
0.239705	0.173441
0.239705	0.199715
0.239705	0.219665
0.239705	0.234995
0.100296	0.155857
0.100296	0.156379
0.100296	0.193932
0.100296	0.181488
0.100296	0.181251
0.195681	0.298497
0.195681	0.337824
0.195681	0.319049
0.195681	0.336556
0.195681	0.351567
0.195681	0.347622
0.195681	0.388774
0.195681	0.354056
0.223814	0.359008
0.223814	0.318025
0.223814	0.339706
0.223814	0.389627
0.223814	0.285874
0.223814	0.346955
0.223814	0.358471
0.223814	0.318332
0.223814	0.309475
0.223814	0.352110
0.223814	0.294462
0.169597	0.162580
0.169597	0.167474
0.169597	0.177075
0.169597	0.219451
0.169597	0.131814
0.169597	0.134655
0.169597	0.114291
0.169597	0.241205
0.230651	0.197094
0.230651	0.205730
0.230651	0.232815
0.230651	0.265702
0.183544	0.174455
0.183544	0.180787
0.183544	0.194185
0.183544	0.191361
0.183544	0.132817
0.183544	0.164798
0.183544	0.154314
0.183544	0.110584
0.193882	0.334324
0.193882	0.384673
0.193882	0.290563
0.193882	0.298527
0.193882	0.402049
0.193882	0.327914
0.193882	0.333056
0.193882	0.339233
0.234424	0.370711
0.234424	0.324590
0.234424	0.353922
0.234424	0.316127
0.234424	0.378894
0.234424	0.328619
0.234424	0.380242
0.234424	0.370068
0.234424	0.338080
0.234424	0.366345
0.234424	0.325185
0.104685	0.371542
0.104685	0.368310
0.104685	0.377855
0.104685	0.358011
0.104685	0.418348
0.104685	0.408754
0.104685	0.385856
0.104685	0.419721
0.104685	0.427026
0.099653	0.380861
0.099653	0.389101
0.099653	0.371684
0.099653	0.361339
0.099653	0.364096
0.099653	0.401211
0.099653	0.385285
0.099653	0.418793
0.099653	0.413936
0.099653	0.422239
0.066301	0.172697
0.066301	0.151955
0.066301	0.168393
0.066301	0.141009
0.066301	0.140579
0.066301	0.131239
0.141661	0.184481
0.141661	0.211544
0.141661	0.240565
0.141661	0.232013
0.141661	0.240963
0.141661	0.183641
0.141661	0.276196
0.141661	0.275775
0.048695	0.346312
0.048695	0.365755
0.048695	0.358579
0.048695	0.356869
0.048695	0.397169
0.048695	0.352727
0.048695	0.390322
0.048695	0.390166
0.087153	0.267533
0.087153	0.245577
0.087153	0.235220
0.087153	0.221322
0.087153	0.198470
0.087153	0.238489
0.087153	0.351245
0.087153	0.238240
0.077126	0.148083
0.077126	0.142524
0.077126	0.189291
0.077126	0.179294
0.077126	0.156953
0.077126	0.171783
0.077126	0.156767
0.077126	0.208631
0.075348	0.368726
0.075348	0.423351
0.075348	0.419574
0.075348	0.419912
0.075348	0.459243
0.075348	0.485110
0.075348	0.472321
0.075348	0.480341
0.075348	0.456252
0.140654	0.271806
0.140654	0.283546
0.140654	0.253495
0.140654	0.273327
0.140654	0.227914
0.140654	0.317374
0.140654	0.255807
0.140654	0.305899
0.179374	0.197711
0.179374	0.200000
0.179374	0.211411
0.179374	0.220057
0.179374	0.181281
0.179374	0.144876
0.179374	0.133514
0.179374	0.164882
0.138839	0.425374
0.138839	0.443094
0.138839	0.475633
0.138839	0.494077
0.138839	0.460996
0.138839	0.426993
0.138839	0.439961
0.138839	0.415144
0.138839	0.419964
0.138839	0.457007
0.138839	0.463084
0.109210	0.521518
0.109210	0.498982
0.109210	0.541885
0.109210	0.516887
0.109210	0.508765
0.109210	0.520419
0.109210	0.516035
0.109210	0.537045
0.109210	0.526995
0.140711	0.432307
0.140711	0.431550
0.140711	0.428773
0.140711	0.379947
0.140711	0.402565
0.140711	0.426710
0.140711	0.465208
0.140711	0.441267
0.241726	0.361102
0.241726	0.337530
0.241726	0.349433
0.241726	0.332828
0.241726	0.392216
0.241726	0.355350
0.241726	0.384327
0.146599	0.504851
0.146599	0.487556
0.146599	0.468421
0.146599	0.445779
0.146599	0.474418
0.146599	0.480341
0.146599	0.455273
0.146599	0.475972
0.146599	0.492100
0.227074	0.133596
0.227074	0.151103
0.227074	0.116269
0.227074	0.106006
0.227074	0.112777
0.227074	0.097684
0.227074	0.127108
0.375371	0.344549
0.375371	0.358373
0.375371	0.373403
0.375371	0.347198
0.375371	0.413158
0.375371	0.341597
0.375371	0.419422
0.375371	0.427959
0.375371	0.415893
0.375371	0.420365
0.375371	0.439165
0.251763	0.537898
0.251763	0.549400
0.251763	0.525231
0.251763	0.526517
0.251763	0.567692
0.251763	0.589824
0.251763	0.598071
0.251763	0.589610
0.251763	0.583652
0.203248	0.551231
0.203248	0.541989
0.203248	0.518293
0.203248	0.513137
0.203248	0.545300
0.203248	0.560775
0.203248	0.564367
0.203248	0.568363
0.203248	0.558847
0.122416	0.090911
0.122416	0.072295
0.122416	0.084139
0.122416	0.072861
0.122416	0.078983
0.122416	0.070034
0.122416	0.065066
0.234019	0.304446
0.234019	0.321515
0.234019	0.336406
0.234019	0.324247
0.234019	0.363587
0.234019	0.390000
0.234019	0.343464
0.129372	0.449446
0.129372	0.432337
0.129372	0.461598
0.129372	0.462550
0.129372	0.447981
0.163773	0.416023
0.163773	0.418626
0.163773	0.436877
0.163773	0.427383
0.163773	0.346653
0.163773	0.389533
0.163773	0.364983
0.163773	0.373865
0.128478	0.417827
0.128478	0.444177
0.128478	0.456480
0.128478	0.445321
0.128478	0.434864
0.128478	0.436017
0.128478	0.400051
0.128478	0.492986
0.128478	0.417204
0.128478	0.518589
0.128478	0.432420
0.096625	0.475295
0.096625	0.487309
0.096625	0.490392
0.096625	0.489065
0.096625	0.508210
0.129551	0.607776
0.129551	0.630158
0.129551	0.755936
0.129551	0.697460
0.129551	0.626432
0.129551	0.604061
0.129551	0.593899
0.129551	0.605160
0.129551	0.610480
0.241992	0.872319
0.241992	0.887226
0.241992	0.854379
0.241992	0.825588
0.241992	0.790992
0.241992	0.805486
0.241992	0.829764
0.112527	0.502736
0.112527	0.477154
0.112527	0.478926
0.112527	0.520333
0.112527	0.627656
0.112527	0.475021
0.217791	0.436449
0.217791	0.385073
0.217791	0.414639
0.217791	0.480728
0.217791	0.428931
0.217791	0.350948
0.217791	0.470870
0.217791	0.366843
0.092731	0.382883
0.092731	0.390408
0.092731	0.374512
0.092731	0.371769
0.092731	0.430822
0.092731	0.387509
0.092731	0.410521
0.092731	0.485616
0.158970	0.224057
0.158970	0.154456
0.158970	0.171121
0.158970	0.167000
0.158970	0.171377
0.158970	0.219267
0.158970	0.152768
0.235404	0.325781
0.235404	0.330913
0.235404	0.342276
0.235404	0.373741
0.235404	0.352958
0.235404	0.330958
0.235404	0.345836
0.235404	0.466422
0.143788	0.340593
0.143788	0.379048
0.143788	0.377284
0.143788	0.603235
0.143788	0.529073
0.192135	0.371477
0.192135	0.398084
0.192135	0.371839
0.192135	0.344461
0.192135	0.328477
0.192135	0.399043
0.192135	0.388998
0.192135	0.397897
0.192135	0.426673
0.142057	0.379655
0.142057	0.257132
0.142057	0.298447
0.142057	0.403431
0.142057	0.418168
0.142057	0.402147
0.142057	0.229171
0.142057	0.377595
0.191708	0.837823
0.191708	0.850336
0.191708	0.891507
0.191708	0.902426
0.191708	0.911175
0.191708	0.882853
0.191708	0.917509
0.191708	0.898499
0.191708	0.932953
0.191708	0.915357
0.191708	0.897275
0.191708	0.857649
0.272603	0.757397
0.272603	0.861188
0.272603	0.792563
0.272603	0.817666
0.272603	0.777200
0.272603	0.794053
0.272603	0.846690
0.272603	0.805992
0.072411	0.596931
0.072411	0.638217
0.072411	0.615647
0.072411	0.587354
0.147375	0.679884
0.147375	0.665966
0.147375	0.679034
0.147375	0.727702
0.147375	0.695036
0.147375	0.679033
0.147375	0.707711
0.147375	0.706990
0.147375	0.791929
0.147375	0.713258
0.147375	0.809364
0.110330	0.461849
0.110330	0.456193
0.110330	0.455233
0.110330	0.490561
0.110330	0.452110
0.110330	0.443143
0.110330	0.506657
0.110330	0.451405
0.110330	0.485783
0.110330	0.426264
0.110330	0.447650
0.067130	0.477345
0.067130	0.515652
0.067130	0.464483
0.067130	0.450300
0.067130	0.510514
0.067130	0.473511
0.060030	0.533151
0.060030	0.509917
0.060030	0.524592
0.060030	0.530293
0.060030	0.536312
0.060030	0.555936
0.060030	0.587752
0.060030	0.502932
0.063089	0.510370
0.063089	0.494050
0.063089	0.504259
0.063089	0.479360
0.063089	0.535185
0.143389	0.377671
0.143389	0.358340
0.143389	0.373704
0.143389	0.348945
0.143389	0.309530
0.143389	0.353153
0.143389	0.382862
0.143389	0.375891
0.095794	0.483261
0.095794	0.478461
0.095794	0.485651
0.095794	0.479261
0.095794	0.515110
0.095794	0.501590
0.095794	0.539396
0.095794	0.489000
0.095794	0.485995
0.095794	0.600989
0.095794	0.606854
0.034647	0.238793
0.034647	0.249395
0.034647	0.259417
0.034647	0.252547
0.034647	0.306886
0.130422	0.208715
0.130422	0.200004
0.130422	0.175397
0.130422	0.192825
0.130422	0.243872
0.181809	0.194973
0.181809	0.159948
0.181809	0.195268
0.181809	0.181625
0.181809	0.180972
0.181809	0.170510
0.181809	0.175709
0.181809	0.178683
0.180341	0.311081
0.180341	0.334436
0.180341	0.350676
0.180341	0.344144
0.180341	0.370161
0.180341	0.429334
0.180341	0.363173
0.180341	0.444706
0.180341	0.426415
0.186464	0.219190
0.186464	0.232104
0.186464	0.230019
0.186464	0.224057
0.186464	0.223493
0.186464	0.274151
0.186464	0.262986
0.186464	0.286049
0.154418	0.139954
0.154418	0.127254
0.154418	0.127942
0.154418	0.133753
0.154418	0.109877
0.154418	0.118716
0.154418	0.119229
0.120597	0.144100
0.120597	0.178704
0.120597	0.195452
0.120597	0.285044
0.120597	0.253024
0.120597	0.126018
0.120597	0.277935
0.120597	0.163311
0.152676	0.369187
0.152676	0.423104
0.152676	0.414733
0.152676	0.417665
0.152676	0.370095
0.152676	0.437842
0.152676	0.375436
0.152676	0.367626
0.152676	0.419897
0.134609	0.224791
0.134609	0.282210
0.134609	0.230981
0.134609	0.267683
0.134609	0.232442
0.134609	0.291563
0.134609	0.275312
0.170522	0.410642
0.170522	0.433224
0.170522	0.378308
0.170522	0.357481
0.170522	0.414675
0.170522	0.508690
0.170522	0.416005
0.170522	0.434969
0.170522	0.365960
0.132056	0.294095
0.132056	0.242661
0.132056	0.310427
0.132056	0.302625
0.132056	0.262561
0.132056	0.282218
0.132056	0.291745
0.150449	0.478148
0.150449	0.488086
0.150449	0.466710
0.150449	0.478599
0.150449	0.553404
0.150449	0.521093
0.150449	0.438272
0.150449	0.482124
0.150449	0.472334
0.150449	0.474572
0.150449	0.479565
0.085126	0.400374
0.085126	0.411139
0.085126	0.402421
0.085126	0.407109
0.085126	0.427375
0.085126	0.424532
0.085126	0.439274
0.085126	0.417260
0.114932	0.277024
0.114932	0.271807
0.114932	0.292078
0.114932	0.303990
0.114932	0.253040
0.114932	0.232477
0.114932	0.229536
0.114932	0.236338
0.130012	0.370468
0.130012	0.414121
0.130012	0.403955
0.130012	0.411657
0.130012	0.401261
0.130012	0.399293
0.130012	0.333374
0.048182	0.364899
0.048182	0.411951
0.048182	0.381346
0.048182	0.427638
0.048182	0.427127
0.193989	0.302944
0.193989	0.366422
0.193989	0.308029
0.193989	0.384834
0.193989	0.286879
0.193989	0.323994
0.193989	0.299809
0.193989	0.310348
0.216746	0.462885
0.216746	0.478484
0.216746	0.460832
0.216746	0.488596
0.216746	0.500212
0.216746	0.457724
0.216746	0.502761
0.216746	0.452508
0.228265	0.279456
0.228265	0.262096
0.228265	0.280209
0.228265	0.326450
0.228265	0.241347
0.228265	0.244762
0.228265	0.271373
0.228265	0.302269
0.157461	0.344430
0.157461	0.344383
0.157461	0.338763
0.157461	0.384183
0.157461	0.322088
0.157461	0.377923
0.157461	0.372723
0.215798	0.335489
0.215798	0.314014
0.215798	0.336127
0.215798	0.348928
0.215798	0.309830
0.215798	0.286143
0.215798	0.350950
0.215798	0.301323
0.215798	0.403208
0.215798	0.303787
0.215798	0.313556
0.207277	0.270098
0.207277	0.260887
0.207277	0.289421
0.207277	0.316570
0.207277	0.230968
0.207277	0.326418
0.207277	0.370845
0.076157	0.402200
0.076157	0.432189
0.076157	0.409829
0.076157	0.396637
0.076157	0.392894
0.076157	0.388709
0.076157	0.463560
0.076157	0.385299
0.351198	0.453100
0.351198	0.399095
0.351198	0.407820
0.351198	0.471387
0.351198	0.461670
0.351198	0.443560
0.351198	0.455738
0.351198	0.470791
0.351198	0.493518
0.137705	0.398361
0.137705	0.408058
0.137705	0.395124
0.137705	0.384064
0.137705	0.365932
0.137705	0.413965
0.137705	0.379196
0.137705	0.373270
0.137705	0.389325
0.137705	0.413190
0.137705	0.409362
0.108476	0.184307
0.108476	0.147956
0.108476	0.165878
0.108476	0.165708
0.108476	0.180031
0.108476	0.157021
0.108476	0.175075
0.108476	0.167315
0.123246	0.331258
0.123246	0.359624
0.123246	0.360073
0.123246	0.366380
0.123246	0.361014
0.123246	0.338850
0.123246	0.335896
0.123246	0.341160
0.123246	0.354882
0.130417	0.322063
0.130417	0.334760
0.130417	0.330306
0.130417	0.311622
0.130417	0.316858
0.130417	0.383395
0.130417	0.399626
0.130417	0.342649
0.130417	0.435524
0.240978	0.150553
0.240978	0.149271
0.240978	0.135191
0.240978	0.127109
0.240978	0.124446
0.240978	0.120463
0.240978	0.126426
0.240978	0.139382
0.171081	0.141131
0.171081	0.143861
0.171081	0.145674
0.171081	0.130613
0.171081	0.145998
0.171081	0.148675
0.171081	0.132271
0.171081	0.303221
0.154364	0.228905
0.154364	0.228645
0.154364	0.219153
0.154364	0.211776
0.154364	0.302447
0.154364	0.234278
0.154364	0.316926
0.154364	0.329520
0.154364	0.239495
0.154364	0.311197
0.154364	0.239808
0.152609	0.206311
0.152609	0.198844
0.152609	0.185350
0.152609	0.176230
0.152609	0.168215
0.152609	0.218179
0.152609	0.289370
0.152609	0.267855
0.176451	0.167840
0.176451	0.173432
0.176451	0.163339
0.176451	0.178285
0.176451	0.149956
0.176451	0.149165
0.176451	0.154935
0.176451	0.165644
0.176451	0.174123
0.176451	0.198145
0.176451	0.187814
0.176451	0.290253
0.099542	0.246137
0.099542	0.268385
0.099542	0.285985
0.099542	0.284219
0.099542	0.288433
0.099542	0.256360
0.099542	0.292498
0.099542	0.280650
0.099542	0.295377
0.099542	0.405754
0.099542	0.329515
0.066647	0.154407
0.066647	0.152075
0.066647	0.174684
0.066647	0.190932
0.066647	0.154499
0.267558	0.265739
0.267558	0.270184
0.267558	0.300687
0.267558	0.369869
0.267558	0.274120
0.267558	0.245082
0.267558	0.296441
0.267558	0.245701
0.267558	0.280416
0.267558	0.301784
0.267558	0.287170
0.073758	0.217211
0.073758	0.217826
0.073758	0.223774
0.073758	0.255632
0.073758	0.196019
0.073758	0.203849
0.073758	0.222247
0.073758	0.221807
0.083238	0.242240
0.083238	0.275446
0.083238	0.267034
0.083238	0.263001
0.083238	0.249416
0.083238	0.254549
0.083238	0.249127
0.083238	0.290937
0.083238	0.249302
0.083238	0.288133
0.083238	0.325059
0.133761	0.273852
0.133761	0.270700
0.133761	0.306612
0.133761	0.314705
0.133761	0.312947
0.133761	0.332656
0.133761	0.282677
0.131391	0.351016
0.131391	0.302995
0.131391	0.322169
0.131391	0.341532
0.137181	0.332502
0.137181	0.363950
0.137181	0.354755
0.137181	0.381362
0.137181	0.320468
0.137181	0.287838
0.137181	0.344069
0.063930	0.320031
0.063930	0.318633
0.063930	0.349018
0.063930	0.383302
0.063930	0.304580
0.063930	0.276805
0.063930	0.286062
0.063930	0.285221
0.053585	0.472931
0.053585	0.468534
0.053585	0.493400
0.053585	0.465422
0.053585	0.472494
0.053585	0.441204
0.053585	0.470236
0.053585	0.487373
0.088345	0.487859
0.088345	0.501580
0.088345	0.497671
0.088345	0.479418
0.088345	0.480025
0.088345	0.496930
0.088345	0.501657
0.088345	0.493855
0.088345	0.512691
0.088345	0.495491
0.088345	0.507514
0.088345	0.489751
0.204237	0.432713
0.204237	0.417437
0.204237	0.402568
0.204237	0.419674
0.204237	0.448459
0.067832	0.453116
0.067832	0.423310
0.067832	0.434333
0.067832	0.412474
0.067832	0.403213
0.067832	0.419158
0.067832	0.435196
0.067832	0.433885
0.067832	0.505438
0.119070	0.404980
0.119070	0.404257
0.119070	0.408566
0.119070	0.382615
0.119070	0.493298
0.119070	0.476404
0.119070	0.460714
0.119070	0.445569
0.119070	0.471227
0.255625	0.446741
0.255625	0.445614
0.255625	0.442992
0.255625	0.420166
0.255625	0.498403
0.255625	0.503985
0.255625	0.496572
0.255625	0.480915
0.255625	0.475558
0.207181	0.448325
0.207181	0.447174
0.207181	0.443201
0.207181	0.436234
0.207181	0.384971
0.207181	0.509072
0.207181	0.501657
0.207181	0.432732
0.207181	0.438925
0.207181	0.487932
0.207181	0.458344
0.113125	0.318362
0.113125	0.306713
0.113125	0.302099
0.113125	0.277542
0.113125	0.299958
0.113125	0.285619
0.113125	0.369300
0.113125	0.276221
0.113125	0.287822
0.113125	0.278374
0.113125	0.286895
0.113125	0.259152
0.113125	0.285711
0.113125	0.274575
0.181156	0.280892
0.181156	0.287074
0.181156	0.289781
0.181156	0.276562
0.181156	0.309710
0.181156	0.302757
0.181156	0.378143
0.181156	0.379514
0.280391	0.384567
0.280391	0.389358
0.280391	0.414492
0.280391	0.405444
0.280391	0.427435
0.280391	0.390296
0.280391	0.359872
0.280391	0.424139
0.280391	0.415091
0.100985	0.357376
0.100985	0.380261
0.100985	0.374346
0.100985	0.361390
0.100985	0.381936
0.100985	0.364491
0.100985	0.434733
0.100985	0.359325
0.100985	0.516557
0.100985	0.389693
0.124483	0.386363
0.124483	0.396678
0.124483	0.409965
0.124483	0.394551
0.124483	0.416514
0.124483	0.387127
0.124483	0.393275
0.124483	0.395590
0.124483	0.389482
0.124483	0.432658
0.124483	0.378608
0.154239	0.423835
0.154239	0.445399
0.154239	0.423989
0.154239	0.428841
0.154239	0.469088
0.154239	0.503280
0.154239	0.462794
0.154239	0.505779
0.154239	0.438430
0.154239	0.421286
0.154239	0.485970
0.118194	0.408009
0.118194	0.399709
0.118194	0.404266
0.118194	0.456936
0.118194	0.459911
0.118194	0.431531
0.118194	0.451027
0.118194	0.475261
0.118194	0.379466
0.112622	0.173537
0.112622	0.251484
0.112622	0.179776
0.112622	0.283629
0.112622	0.170637
0.112622	0.359253
0.112622	0.333157
0.093863	0.282682
0.093863	0.278694
0.093863	0.297862
0.093863	0.350491
0.093863	0.309326
0.093863	0.295393
0.093863	0.320994
0.093863	0.282257
0.093863	0.303595
0.093863	0.294374
0.093863	0.290491
0.149300	0.332669
0.149300	0.338863
0.149300	0.342884
0.149300	0.332931
0.149300	0.343617
0.149300	0.402171
0.149300	0.387247
0.200487	0.385192
0.200487	0.404611
0.200487	0.392758
0.200487	0.422970
0.200487	0.430320
0.200487	0.364707
0.200487	0.434441
0.159328	0.473598
0.159328	0.489143
0.159328	0.479384
0.159328	0.493994
0.159328	0.521301
0.159328	0.539340
0.159328	0.489018
0.159328	0.502741
0.159328	0.426831
0.092240	0.339062
0.092240	0.384501
0.092240	0.342395
0.092240	0.349059
0.092240	0.373173
0.092240	0.358200
0.092240	0.418593
0.092240	0.358780
0.092240	0.505314
0.092240	0.359852
0.092240	0.450601
0.093999	0.242913
0.093999	0.229269
0.093999	0.259349
0.093999	0.260003
0.093999	0.306900
0.093999	0.227145
0.093999	0.357559
0.093999	0.265289
0.164379	0.433968
0.164379	0.445624
0.164379	0.438197
0.164379	0.424475
0.164379	0.485666
0.164379	0.462526
0.164379	0.405445
0.164379	0.458980
0.164379	0.481151
0.051027	0.310111
0.051027	0.379466
0.051027	0.399010
0.051027	0.378152
0.084224	0.284024
0.084224	0.318282
0.084224	0.276666
0.084224	0.254963
0.084224	0.276169
0.084224	0.227677
0.084224	0.333172
0.084224	0.229132
0.084224	0.249953
0.084224	0.188293
0.084224	0.217904
0.084224	0.237494
0.220198	0.226872
0.220198	0.220984
0.220198	0.245129
0.220198	0.228070
0.220198	0.386925
0.100545	0.424694
0.100545	0.432474
0.100545	0.439033
0.100545	0.475438
0.100545	0.469883
0.100545	0.430276
0.100545	0.437999
0.100545	0.448768
0.080312	0.404676
0.080312	0.421573
0.080312	0.408036
0.080312	0.394130
0.080312	0.417423
0.080312	0.411285
0.080312	0.416339
0.080312	0.488904
0.080312	0.499014
0.072752	0.213467
0.072752	0.215100
0.072752	0.225861
0.072752	0.202380
0.072752	0.282401
0.072752	0.192970
0.072752	0.146923
0.072752	0.197590
0.319650	0.424051
0.319650	0.486094
0.319650	0.430320
0.319650	0.423592
0.319650	0.478573
0.319650	0.479960
0.319650	0.430525
0.319650	0.461854
0.319650	0.487645
0.036472	0.387290
0.036472	0.402369
0.036472	0.395492
0.036472	0.389414
0.036472	0.402806
0.036472	0.406681
0.036472	0.412483
0.036472	0.524090
0.089711	0.296756
0.089711	0.303266
0.089711	0.308717
0.089711	0.296819
0.089711	0.298800
0.089711	0.305963
0.089711	0.308991
0.089711	0.439642
0.274634	0.225876
0.274634	0.237285
0.274634	0.272350
0.274634	0.266763
0.274634	0.243783
0.274634	0.354902
0.274634	0.365798
0.161815	0.490942
0.161815	0.520418
0.161815	0.504330
0.161815	0.531967
0.161815	0.518036
0.161815	0.525626
0.161815	0.495023
0.161815	0.526053
0.161815	0.536920
0.057989	0.480699
0.057989	0.495394
0.057989	0.490636
0.057989	0.552079
0.057989	0.484951
0.057989	0.514419
0.057989	0.488314
0.057989	0.553263
0.057989	0.522521
0.152700	0.405108
0.152700	0.431167
0.152700	0.417855
0.152700	0.401625
0.152700	0.419139
0.152700	0.437426
0.152700	0.439885
0.152700	0.464190
0.152700	0.454409
0.152700	0.486548
0.152700	0.449754
0.152700	0.523965
0.170522	0.395824
0.170522	0.389805
0.170522	0.393913
0.170522	0.426626
0.170522	0.473390
0.054762	0.508288
0.054762	0.523651
0.054762	0.502068
0.054762	0.548619
0.054762	0.549456
0.054762	0.520711
0.054762	0.530724
0.054762	0.516144
0.184699	0.454681
0.184699	0.468797
0.184699	0.447656
0.184699	0.426543
0.184699	0.472829
0.184699	0.439404
0.184699	0.454918
0.184699	0.490464
0.193298	0.450030
0.193298	0.456310
0.193298	0.448817
0.193298	0.504697
0.193298	0.504542
0.193298	0.513731
0.193298	0.457412
0.193298	0.476653
0.193298	0.353484
0.119011	0.434853
0.119011	0.432361
0.119011	0.432185
0.119011	0.425644
0.119011	0.465112
0.119011	0.497651
0.119011	0.438119
0.119011	0.467123
0.119011	0.516071
0.224591	0.379351
0.224591	0.374726
0.224591	0.368491
0.224591	0.344022
0.224591	0.373880
0.224591	0.368368
0.224591	0.386855
0.224591	0.477792
0.224591	0.474767
0.153998	0.215078
0.153998	0.201930
0.153998	0.213889
0.153998	0.194652
0.153998	0.221198
0.153998	0.284752
0.153998	0.203656
0.078974	0.266207
0.078974	0.283281
0.078974	0.280434
0.078974	0.324053
0.078974	0.358753
0.138708	0.207713
0.138708	0.223304
0.138708	0.216819
0.138708	0.210947
0.138708	0.218042
0.138708	0.227473
0.138708	0.281613
0.138708	0.320321
0.106443	0.175388
0.106443	0.145075
0.106443	0.184024
0.106443	0.182399
0.106443	0.182143
0.106443	0.169584
0.106443	0.173787
0.106443	0.162912
0.159614	0.356227
0.159614	0.382263
0.159614	0.368047
0.159614	0.363641
0.159614	0.416051
0.159614	0.394396
0.159614	0.425910
0.159614	0.357982
0.159614	0.369409
0.071220	0.166290
0.071220	0.168206
0.071220	0.167822
0.071220	0.164920
0.071220	0.245881
0.087074	0.136132
0.087074	0.119043
0.087074	0.126717
0.087074	0.127109
0.087074	0.111343
0.087074	0.139437
0.087074	0.108099
0.087074	0.133395
0.180002	0.267606
0.180002	0.255168
0.180002	0.310737
0.180002	0.289899
0.180002	0.364299
0.180002	0.324315
0.180002	0.381626
0.180002	0.334763
0.180002	0.305093
0.180002	0.338838
0.180002	0.311492
0.180002	0.364651
0.180002	0.335169
0.180002	0.399459
0.129688	0.378025
0.129688	0.389855
0.129688	0.387815
0.129688	0.382842
0.129688	0.381858
0.129688	0.384746
0.129688	0.355774
0.129688	0.436603
0.129688	0.369143
0.152308	0.232287
0.152308	0.231472
0.152308	0.232842
0.152308	0.216855
0.152308	0.215655
0.152308	0.207118
0.152308	0.219670
0.152308	0.189657
0.152308	0.218982
0.152308	0.181737
0.152308	0.189386
0.152308	0.214852
0.207818	0.154203
0.207818	0.151050
0.207818	0.174525
0.207818	0.170053
0.207818	0.150418
0.129358	0.332889
0.129358	0.326525
0.129358	0.322424
0.129358	0.370455
0.129358	0.321708
0.129358	0.290977
0.129358	0.343953
0.129358	0.332333
0.210052	0.413143
0.210052	0.370594
0.210052	0.415068
0.210052	0.424717
0.210052	0.391360
0.210052	0.360599
0.210052	0.411735
0.210052	0.402243
0.210052	0.431772
0.316792	0.220021
0.316792	0.219932
0.316792	0.228088
0.316792	0.252639
0.316792	0.197117
0.316792	0.183495
0.316792	0.173146
0.316792	0.279524
0.259624	0.190879
0.259624	0.201342
0.259624	0.227230
0.259624	0.239059
0.259624	0.174914
0.259624	0.145857
0.259624	0.200977
