Ground Truth	Predictions
0.131461	0.262021
0.131461	0.202226
0.131461	0.279939
0.131461	0.278444
0.224507	0.246330
0.224507	0.275171
0.224507	0.232087
0.224507	0.229769
0.224507	0.227085
0.224507	0.299326
0.121152	0.215613
0.121152	0.231715
0.121152	0.183821
0.121152	0.178329
0.121152	0.184180
0.121152	0.211419
0.121152	0.216839
0.249850	0.202674
0.249850	0.153239
0.249850	0.146332
0.249850	0.142105
0.249850	0.136780
0.249850	0.144340
0.249850	0.125332
0.249850	0.131024
0.122621	0.184362
0.122621	0.167366
0.122621	0.179505
0.122621	0.177344
0.122621	0.181672
0.122621	0.208513
0.122621	0.200245
0.122621	0.218623
0.122621	0.217382
0.114698	0.111351
0.114698	0.110018
0.114698	0.114448
0.114698	0.112161
0.114698	0.100182
0.091941	0.181984
0.091941	0.138327
0.091941	0.131806
0.091941	0.121828
0.314596	0.203594
0.314596	0.204140
0.314596	0.222724
0.314596	0.229890
0.314596	0.217537
0.314596	0.199481
0.314596	0.200814
0.314596	0.233384
0.294655	0.265810
0.294655	0.302823
0.294655	0.345202
0.294655	0.387380
0.294655	0.354108
0.269643	0.437505
0.269643	0.450922
0.269643	0.432591
0.269643	0.377706
0.269643	0.534926
0.269643	0.524253
0.269643	0.538412
0.269643	0.584274
0.269643	0.593725
0.269643	0.599575
0.269643	0.518513
0.269643	0.720992
0.361213	0.383186
0.361213	0.307563
0.361213	0.352101
0.361213	0.419963
0.361213	0.338244
0.361213	0.390836
0.361213	0.435278
0.221434	0.366615
0.221434	0.272810
0.221434	0.357001
0.221434	0.422476
0.221434	0.323048
0.221434	0.294888
0.221434	0.376229
0.221434	0.315993
0.280603	0.399487
0.280603	0.385808
0.280603	0.381836
0.280603	0.347982
0.280603	0.427727
0.280603	0.528300
0.136437	0.289592
0.136437	0.334654
0.136437	0.298522
0.136437	0.253844
0.136437	0.344075
0.136437	0.293327
0.136437	0.443259
0.103325	0.280195
0.103325	0.238563
0.103325	0.216590
0.103325	0.198604
0.087999	0.211254
0.087999	0.180298
0.087999	0.203345
0.087999	0.184318
0.087999	0.155308
0.087999	0.181563
0.087999	0.196123
0.087999	0.183913
0.087999	0.271061
0.087999	0.177333
0.087999	0.184678
0.197795	0.251112
0.197795	0.233629
0.197795	0.258750
0.197795	0.296112
0.197795	0.257354
0.197795	0.248439
0.197795	0.213045
0.197795	0.291374
0.165209	0.169277
0.165209	0.205329
0.165209	0.184529
0.165209	0.245080
0.165209	0.213740
0.165209	0.157247
0.165209	0.116506
0.157216	0.208617
0.157216	0.206165
0.157216	0.249118
0.157216	0.261837
0.157216	0.217087
0.157216	0.213911
0.157216	0.173814
0.157216	0.185635
0.356863	0.275045
0.356863	0.374169
0.356863	0.392033
0.356863	0.499634
0.356863	0.373256
0.356863	0.403947
0.356863	0.468432
0.206042	0.289097
0.206042	0.256982
0.206042	0.340014
0.206042	0.550722
0.206042	0.210930
0.206042	0.254525
0.346244	0.384721
0.346244	0.432907
0.346244	0.466917
0.346244	0.658029
0.346244	0.573253
0.346244	0.515915
0.169751	0.425857
0.169751	0.454095
0.169751	0.429557
0.169751	0.437278
0.113311	0.578359
0.113311	0.486668
0.113311	0.323335
0.113311	0.368347
0.113311	0.570274
0.152072	0.340553
0.152072	0.294390
0.152072	0.264016
0.152072	0.243248
0.152072	0.216107
0.152072	0.264797
0.101850	0.139602
0.101850	0.110992
0.101850	0.166727
0.101850	0.131257
0.101850	0.111224
0.101850	0.135440
0.165524	0.383293
0.165524	0.172046
0.165524	0.156302
0.165524	0.152765
0.165524	0.146418
0.095040	0.127376
0.095040	0.105520
0.095040	0.115592
0.095040	0.105463
0.095040	0.097864
0.087918	0.180999
0.087918	0.155906
0.087918	0.197613
0.087918	0.197994
0.087918	0.373245
0.087918	0.148283
0.087918	0.157029
0.087918	0.216166
0.158205	0.174251
0.158205	0.171096
0.158205	0.139782
0.158205	0.171319
0.158205	0.146947
0.158205	0.293836
0.158205	0.317181
0.158205	0.426019
0.079804	0.160914
0.079804	0.131647
0.079804	0.160250
0.079804	0.129390
0.079804	0.120492
0.079804	0.129994
0.079804	0.147207
0.079804	0.131659
0.079804	0.148019
0.079804	0.119948
0.071504	0.118158
0.071504	0.110473
0.071504	0.129835
0.071504	0.107909
0.071504	0.115377
0.071504	0.102033
0.071504	0.108521
0.071504	0.096452
0.076764	0.154383
0.076764	0.161793
0.076764	0.189324
0.076764	0.207706
0.076764	0.169583
0.076764	0.172461
0.076764	0.171095
0.076764	0.156872
0.076764	0.144695
0.076764	0.143180
0.076764	0.145089
0.212024	0.203065
0.212024	0.187556
0.212024	0.181615
0.212024	0.173475
0.212024	0.145178
0.212024	0.166833
0.212024	0.143235
0.212024	0.177826
0.212024	0.167140
0.123591	0.128072
0.123591	0.107028
0.123591	0.103272
0.123591	0.094408
0.081803	0.104998
0.081803	0.095826
0.081803	0.104308
0.081803	0.098121
0.081803	0.091258
0.081803	0.091230
0.081803	0.081538
0.081803	0.088797
0.122575	0.110100
0.122575	0.106426
0.122575	0.135096
0.122575	0.126481
0.122575	0.109842
0.122575	0.127823
0.122575	0.114577
0.143926	0.220706
0.143926	0.208590
0.143926	0.244133
0.143926	0.230647
0.143926	0.234088
0.143926	0.213856
0.143926	0.249752
0.143926	0.229981
0.270328	0.196654
0.270328	0.196793
0.270328	0.210350
0.270328	0.320270
0.270328	0.260524
0.270328	0.220292
0.270328	0.346380
0.270328	0.285632
0.168566	0.281243
0.168566	0.229012
0.168566	0.286958
0.168566	0.309023
0.168566	0.321135
0.168566	0.257304
0.168566	0.270044
0.168566	0.230259
0.168566	0.385874
0.168566	0.268820
0.119255	0.227297
0.119255	0.250318
0.119255	0.221889
0.119255	0.324143
0.119255	0.170560
0.119255	0.188606
0.119255	0.208512
0.157463	0.205213
0.157463	0.175418
0.157463	0.246843
0.157463	0.391937
0.157463	0.166482
0.157463	0.346032
0.157463	0.211648
0.297636	0.315721
0.297636	0.448320
0.297636	0.383042
0.297636	0.560288
0.297636	0.352899
0.297636	0.311204
0.297636	0.291427
0.212266	0.630440
0.212266	0.624732
0.212266	0.656234
0.212266	0.657379
0.212266	0.645736
0.212266	0.741044
0.212266	0.669379
0.212266	0.669426
0.212266	0.660440
0.212266	0.755754
0.212266	0.693464
0.342639	0.519891
0.342639	0.480328
0.342639	0.522600
0.342639	0.499090
0.342639	0.428421
0.342639	0.390733
0.342639	0.413495
0.342639	0.457039
0.342639	0.596315
0.171450	0.263272
0.171450	0.173290
0.171450	0.203461
0.171450	0.286013
0.171450	0.209545
0.171450	0.312186
0.171450	0.352604
0.198961	0.227220
0.198961	0.247785
0.198961	0.213718
0.198961	0.209447
0.198961	0.263079
0.198961	0.244880
0.198961	0.225935
0.198961	0.249530
0.198961	0.248200
0.198961	0.252509
0.198961	0.220928
0.198961	0.318536
0.133508	0.232108
0.133508	0.147949
0.133508	0.164148
0.133508	0.178712
0.133508	0.165802
0.133508	0.255701
0.133508	0.230132
0.133508	0.164978
0.188457	0.122386
0.188457	0.125147
0.188457	0.122261
0.188457	0.122552
0.188457	0.107031
0.108146	0.105747
0.108146	0.116847
0.108146	0.113686
0.108146	0.110735
0.108146	0.111884
0.108146	0.101748
0.108146	0.109082
0.108146	0.123113
0.105411	0.101181
0.105411	0.105848
0.105411	0.123566
0.105411	0.138327
0.105411	0.113113
0.205852	0.173097
0.205852	0.183520
0.205852	0.190784
0.205852	0.198958
0.205852	0.203124
0.156268	0.255677
0.156268	0.253191
0.156268	0.274645
0.156268	0.269466
0.156268	0.262695
0.156268	0.244126
0.156268	0.266901
0.156268	0.251314
0.156268	0.207587
0.221361	0.293869
0.221361	0.279745
0.221361	0.301723
0.221361	0.305112
0.221361	0.334591
0.221361	0.339819
0.221361	0.269171
0.221361	0.243254
0.221361	0.288823
0.304064	0.163858
0.304064	0.150682
0.304064	0.164650
0.304064	0.239439
0.304064	0.225797
0.304064	0.165257
0.304064	0.235739
0.190800	0.277087
0.190800	0.291111
0.190800	0.289061
0.190800	0.266474
0.190800	0.264463
0.190800	0.289157
0.190800	0.250051
0.190800	0.261437
0.190800	0.228577
0.208105	0.290375
0.208105	0.268693
0.208105	0.276695
0.208105	0.294429
0.208105	0.287986
0.208105	0.249831
0.208105	0.267415
0.208105	0.331725
0.208105	0.361403
0.138306	0.320358
0.138306	0.292839
0.138306	0.305736
0.138306	0.293567
0.138306	0.326051
0.138306	0.305085
0.138306	0.329153
0.138306	0.286483
0.138306	0.262324
0.124380	0.276892
0.124380	0.297038
0.124380	0.294880
0.124380	0.279183
0.124380	0.289657
0.124380	0.283289
0.124380	0.260683
0.124380	0.305362
0.344230	0.298665
0.344230	0.267965
0.344230	0.283301
0.344230	0.312006
0.344230	0.319909
0.344230	0.280512
0.344230	0.315986
0.344230	0.281702
0.262327	0.239475
0.262327	0.230343
0.262327	0.244302
0.262327	0.250441
0.262327	0.254266
0.262327	0.260450
0.262327	0.252784
0.262327	0.241444
0.167605	0.206473
0.167605	0.193793
0.167605	0.204920
0.167605	0.224171
0.167605	0.231787
0.167605	0.243113
0.167605	0.201486
0.118789	0.206160
0.118789	0.201486
0.118789	0.216440
0.118789	0.209397
0.118789	0.213993
0.118789	0.212966
0.118789	0.205394
0.118789	0.216711
0.118789	0.225634
0.118789	0.292625
0.118789	0.217830
0.118789	0.257292
0.122667	0.248827
0.122667	0.246139
0.122667	0.253782
0.122667	0.257237
0.122667	0.245545
0.122667	0.270725
0.122667	0.248469
0.122667	0.229936
0.122667	0.242781
0.122667	0.211650
0.122667	0.259495
0.122667	0.245104
0.108272	0.125506
0.108272	0.142599
0.108272	0.133156
0.108272	0.127458
0.108272	0.109231
0.108272	0.126495
0.108272	0.125294
0.108272	0.112167
0.191955	0.140338
0.191955	0.131240
0.191955	0.145681
0.191955	0.140407
0.191955	0.152096
0.191955	0.133670
0.128504	0.146076
0.128504	0.129531
0.128504	0.152079
0.128504	0.163691
0.128504	0.171899
0.128504	0.129562
0.128504	0.138395
0.128504	0.133968
0.109862	0.284715
0.109862	0.278820
0.109862	0.287454
0.109862	0.305165
0.109862	0.244847
0.109862	0.276311
0.109862	0.280582
0.109862	0.269659
0.109862	0.292005
0.109862	0.321582
0.109862	0.297279
0.322719	0.294682
0.322719	0.297017
0.322719	0.304254
0.322719	0.288665
0.322719	0.246544
0.322719	0.249585
0.322719	0.252043
0.322719	0.308225
0.322719	0.317029
0.152818	0.211423
0.152818	0.163161
0.152818	0.204633
0.152818	0.253640
0.128848	0.174687
0.128848	0.178951
0.128848	0.211902
0.128848	0.186631
0.128848	0.179394
0.073821	0.182715
0.073821	0.175508
0.073821	0.188442
0.073821	0.191249
0.073821	0.167086
0.073821	0.164230
0.073821	0.161548
0.073821	0.153630
0.073821	0.147186
0.073821	0.162385
0.073821	0.148147
0.138529	0.214713
0.138529	0.246763
0.138529	0.248346
0.138529	0.276807
0.138529	0.221350
0.138529	0.235198
0.138529	0.240397
0.138529	0.248268
0.138529	0.208817
0.138529	0.227613
0.265320	0.253611
0.265320	0.249720
0.265320	0.256131
0.265320	0.212452
0.265320	0.247029
0.265320	0.216469
0.265320	0.243011
0.265320	0.231784
0.076282	0.207191
0.076282	0.215744
0.076282	0.182363
0.076282	0.216000
0.016002	0.179348
0.016002	0.169816
0.016002	0.217191
0.016002	0.222774
0.016002	0.205253
0.016002	0.193140
0.105736	0.225211
0.105736	0.218156
0.105736	0.212863
0.105736	0.224415
0.105736	0.253317
0.105736	0.168059
0.105736	0.191370
0.088389	0.145984
0.088389	0.121716
0.088389	0.146956
0.088389	0.190423
0.088389	0.127682
0.088389	0.131242
0.088389	0.117214
0.087522	0.145097
0.087522	0.162248
0.087522	0.154018
0.087522	0.148571
0.087522	0.180972
0.087522	0.176718
0.087522	0.214933
0.098409	0.155143
0.098409	0.124124
0.098409	0.151300
0.098409	0.141856
0.098409	0.123153
0.098409	0.170413
0.098409	0.117414
0.196716	0.245839
0.196716	0.229324
0.196716	0.242370
0.196716	0.233011
0.196716	0.226187
0.196716	0.214499
0.196716	0.194343
0.196716	0.227896
0.196716	0.265755
0.053770	0.175959
0.053770	0.157877
0.053770	0.163410
0.053770	0.160425
0.053770	0.157296
0.053770	0.171852
0.053770	0.194926
0.053770	0.191677
0.076935	0.095583
0.076935	0.092002
0.076935	0.095588
0.076935	0.090433
0.076935	0.086461
0.076935	0.082792
0.076935	0.088059
0.184469	0.133589
0.184469	0.130789
0.184469	0.157573
0.184469	0.144499
0.184469	0.148717
0.184469	0.169721
0.184469	0.141465
0.122078	0.230486
0.122078	0.240199
0.122078	0.224788
0.122078	0.222126
0.122078	0.228435
0.122078	0.240652
0.122078	0.244110
0.122078	0.222152
0.122078	0.268933
0.122078	0.230358
0.122078	0.233412
0.122078	0.277512
0.074433	0.107804
0.074433	0.113953
0.074433	0.111084
0.074433	0.120277
0.074433	0.088410
0.074433	0.093194
0.087595	0.152654
0.087595	0.152548
0.087595	0.179971
0.087595	0.167858
0.087595	0.164442
0.087595	0.162288
0.087595	0.144257
0.087595	0.153997
0.087595	0.145912
0.087595	0.151442
0.087595	0.148251
0.192273	0.213949
0.192273	0.212018
0.192273	0.235728
0.192273	0.246278
0.192273	0.249910
0.192273	0.197106
0.192273	0.190735
0.192273	0.261014
0.192273	0.247028
0.382889	0.270715
0.382889	0.311920
0.382889	0.324932
0.382889	0.327770
0.382889	0.290731
0.382889	0.273190
0.382889	0.261644
0.382889	0.253046
0.382889	0.244346
0.382889	0.250156
0.382889	0.262839
0.146509	0.164354
0.146509	0.162253
0.146509	0.172710
0.146509	0.187671
0.146509	0.156400
0.146509	0.171129
0.146509	0.212889
0.102462	0.172089
0.102462	0.312476
0.102462	0.323974
0.102462	0.419831
0.102462	0.384197
0.102462	0.158159
0.102462	0.426097
0.102462	0.432560
0.162652	0.450716
0.162652	0.503932
0.162652	0.506775
0.162652	0.526802
0.162652	0.500032
0.162652	0.441963
0.162652	0.446961
0.162652	0.528783
0.167214	0.330500
0.167214	0.477967
0.167214	0.342837
0.167214	0.383964
0.167214	0.341292
0.167214	0.339514
0.167214	0.299424
0.080739	0.406987
0.080739	0.447088
0.080739	0.496866
0.080739	0.490308
0.080739	0.370502
0.466323	0.487072
0.466323	0.487903
0.466323	0.552558
0.466323	0.595295
0.466323	0.431834
0.466323	0.399151
0.466323	0.522342
0.466323	0.488728
0.466323	0.415059
0.349236	0.494126
0.349236	0.607088
0.349236	0.554072
0.349236	0.649539
0.349236	0.445844
0.406904	0.382060
0.406904	0.384370
0.406904	0.413840
0.406904	0.578218
0.406904	0.275597
0.406904	0.333267
0.539300	0.587395
0.539300	0.548229
0.539300	0.489594
0.539300	0.521476
0.539300	0.606181
0.539300	0.512515
0.539300	0.640970
0.539300	0.645631
0.315951	0.401859
0.315951	0.316015
0.315951	0.299563
0.315951	0.293764
0.315951	0.348866
0.315951	0.421114
0.315951	0.413883
0.315951	0.414808
0.315951	0.484052
0.315951	0.560812
0.315951	0.606057
0.196790	0.427771
0.196790	0.382783
0.196790	0.430034
0.196790	0.474280
0.196790	0.693128
0.495475	0.427623
0.495475	0.460174
0.495475	0.412441
0.495475	0.578384
0.495475	0.537341
0.495475	0.505741
0.495475	0.513846
0.495475	0.612894
0.495475	0.585749
0.231141	0.483133
0.231141	0.467588
0.231141	0.424944
0.231141	0.372873
0.231141	0.425800
0.231141	0.521547
0.231141	0.633477
0.231141	0.554056
0.231141	0.624034
0.231141	0.580592
0.231141	0.572130
0.185298	0.294653
0.185298	0.269773
0.185298	0.297074
0.185298	0.273602
0.185298	0.214336
0.185298	0.282733
0.185298	0.247123
0.185298	0.264120
0.215480	0.212731
0.215480	0.297024
0.215480	0.222082
0.215480	0.323527
0.215480	0.357646
0.215480	0.457783
0.215480	0.261020
0.160172	0.223895
0.160172	0.332179
0.160172	0.219000
0.160172	0.203182
0.160172	0.371817
0.160172	0.213615
0.160172	0.187800
0.160172	0.252073
0.160172	0.181364
0.160172	0.203201
0.160172	0.202188
0.175119	0.177143
0.175119	0.167249
0.175119	0.186411
0.175119	0.271169
0.175119	0.174086
0.175119	0.149188
0.175119	0.162660
0.175119	0.179064
0.110423	0.193315
0.110423	0.200590
0.110423	0.191622
0.110423	0.250848
0.110423	0.215142
0.110657	0.210793
0.110657	0.212305
0.110657	0.209203
0.110657	0.207323
0.110657	0.200468
0.110657	0.193474
0.150357	0.185605
0.150357	0.169559
0.150357	0.182019
0.150357	0.192420
0.150357	0.169025
0.150357	0.148507
0.150357	0.148207
0.236455	0.215185
0.236455	0.217837
0.236455	0.212051
0.236455	0.198810
0.236455	0.178129
0.236455	0.186690
0.236455	0.217025
0.211825	0.222867
0.211825	0.201107
0.211825	0.246040
0.211825	0.229529
0.211825	0.219592
0.148179	0.269722
0.148179	0.256696
0.148179	0.300959
0.148179	0.237634
0.148179	0.225024
0.148179	0.259651
0.148179	0.204551
0.148179	0.236649
0.082775	0.342709
0.082775	0.313483
0.082775	0.360586
0.082775	0.346142
0.082775	0.270528
0.082775	0.348179
0.082775	0.324663
0.082775	0.292745
0.092922	0.295078
0.092922	0.273587
0.092922	0.286209
0.092922	0.377711
0.092922	0.355272
0.092922	0.323762
0.092922	0.329472
0.092922	0.173038
0.219215	0.230886
0.219215	0.211184
0.219215	0.230279
0.219215	0.214405
0.219215	0.255648
0.219215	0.225595
0.219215	0.302842
0.219215	0.213321
0.158011	0.155011
0.158011	0.125439
0.158011	0.147364
0.158011	0.140707
0.158011	0.128078
0.158011	0.125544
0.158011	0.168935
0.130242	0.163460
0.130242	0.138997
0.130242	0.160012
0.130242	0.155151
0.130242	0.134351
0.130242	0.120247
0.130242	0.147225
0.131718	0.256465
0.131718	0.249879
0.131718	0.246924
0.131718	0.263090
0.131718	0.247388
0.131718	0.244508
0.131718	0.269519
0.131718	0.233611
0.131718	0.253773
0.129779	0.175374
0.129779	0.173985
0.129779	0.184859
0.129779	0.178481
0.129779	0.168889
0.129779	0.183774
0.129779	0.172391
0.129779	0.165741
0.129779	0.162080
0.129779	0.160330
0.129779	0.161318
0.150438	0.262738
0.150438	0.255988
0.150438	0.269894
0.150438	0.254117
0.150438	0.267340
0.150438	0.264883
0.150438	0.272462
0.150438	0.256646
0.150438	0.215334
0.170013	0.219176
0.170013	0.206565
0.170013	0.225764
0.170013	0.200999
0.170013	0.211636
0.170013	0.188517
0.170013	0.191283
0.170013	0.170572
0.237375	0.308965
0.237375	0.306290
0.237375	0.327387
0.237375	0.319074
0.237375	0.293110
0.237375	0.291357
0.237375	0.352273
0.237375	0.352303
0.237375	0.374132
0.561867	0.394264
0.561867	0.384739
0.561867	0.393148
0.561867	0.399151
0.561867	0.459968
0.561867	0.394657
0.561867	0.549720
0.561867	0.455591
0.561867	0.520709
0.561867	0.425948
0.561867	0.383769
0.561867	0.328745
0.553008	0.274792
0.553008	0.260483
0.553008	0.295934
0.553008	0.330145
0.553008	0.359419
0.553008	0.378071
0.553008	0.333718
0.199660	0.316801
0.199660	0.259287
0.199660	0.286463
0.199660	0.269284
0.199660	0.272156
0.199660	0.309944
0.199660	0.323119
0.199660	0.263990
0.199660	0.367728
0.199660	0.280383
0.199660	0.318025
0.392448	0.364125
0.392448	0.388557
0.392448	0.361414
0.392448	0.589215
0.392448	0.523997
0.404391	0.210336
0.404391	0.234370
0.404391	0.240221
0.404391	0.187870
0.404391	0.214773
0.404391	0.278578
0.404391	0.230085
0.404391	0.428009
0.098595	0.184696
0.098595	0.140786
0.098595	0.154368
0.098595	0.151416
0.098595	0.175587
0.098595	0.152004
0.098595	0.128966
0.098595	0.166822
0.098595	0.142949
0.098595	0.144375
0.098595	0.123385
0.305972	0.280653
0.305972	0.206075
0.305972	0.272939
0.305972	0.239659
0.305972	0.328969
0.305972	0.220551
0.305972	0.292502
0.305972	0.236627
0.305972	0.356411
0.208379	0.324740
0.208379	0.390125
0.208379	0.325714
0.208379	0.410963
0.208379	0.354130
0.208379	0.457296
0.208379	0.424814
0.208379	0.423769
0.208379	0.571928
0.145082	0.266982
0.145082	0.253477
0.145082	0.256644
0.145082	0.245928
0.145082	0.253198
0.145082	0.214561
0.145082	0.328677
0.145082	0.295469
0.145082	0.312970
0.145082	0.386400
0.145082	0.390823
0.056090	0.116308
0.056090	0.096224
0.056090	0.111545
0.056090	0.133755
0.056090	0.088440
0.056090	0.095610
0.056090	0.092338
0.056090	0.098459
0.161240	0.132621
0.161240	0.157913
0.161240	0.185301
0.161240	0.284800
0.161240	0.153444
0.161240	0.161104
0.161240	0.276585
0.326548	0.161480
0.326548	0.328623
0.326548	0.192719
0.326548	0.272122
0.326548	0.186999
0.326548	0.131989
0.326548	0.266422
0.326548	0.131294
0.080736	0.151318
0.080736	0.128541
0.080736	0.146600
0.080736	0.130358
0.080736	0.101948
0.080736	0.110689
0.080736	0.095511
0.080736	0.111889
0.114773	0.242287
0.114773	0.182948
0.114773	0.178010
0.114773	0.193119
0.114773	0.175974
0.114773	0.251013
0.114773	0.220579
0.114773	0.413410
0.114773	0.285861
0.057498	0.117194
0.057498	0.092647
0.057498	0.100269
0.057498	0.117739
0.057498	0.092169
0.057498	0.094703
0.057498	0.093326
0.057498	0.091013
0.185210	0.092062
0.185210	0.094675
0.185210	0.106468
0.185210	0.106612
0.185210	0.091177
0.185210	0.106722
0.185210	0.099559
0.112979	0.123658
0.112979	0.131986
0.112979	0.148938
0.112979	0.124595
0.112979	0.130086
0.112979	0.129269
0.112979	0.117014
0.091661	0.220912
0.091661	0.204843
0.091661	0.211200
0.091661	0.206469
0.091661	0.212690
0.091661	0.197748
0.091661	0.183513
0.091661	0.162223
0.091661	0.230835
0.161424	0.307119
0.161424	0.277903
0.161424	0.263425
0.161424	0.270714
0.161424	0.231703
0.161424	0.252340
0.161424	0.317020
0.161424	0.246825
0.161424	0.282941
0.161424	0.229144
0.167096	0.182707
0.167096	0.200436
0.167096	0.200754
0.167096	0.214163
0.167096	0.158148
0.167096	0.179102
0.167096	0.226680
0.167096	0.169897
0.178033	0.162407
0.178033	0.155263
0.178033	0.174358
0.178033	0.171093
0.178033	0.156955
0.178033	0.170872
0.178033	0.134699
0.127224	0.313870
0.127224	0.378876
0.127224	0.285298
0.127224	0.293585
0.127224	0.299453
0.127224	0.325717
0.127224	0.257517
0.127224	0.244669
0.127224	0.293608
0.092369	0.279693
0.092369	0.229119
0.092369	0.273747
0.092369	0.249391
0.092369	0.233192
0.095555	0.265952
0.095555	0.287301
0.095555	0.276508
0.095555	0.289756
0.446578	0.357943
0.446578	0.293528
0.446578	0.356476
0.446578	0.362230
0.446578	0.388248
0.446578	0.468213
0.446578	0.437449
0.446578	0.440581
0.446578	0.375149
0.144278	0.288119
0.144278	0.284611
0.144278	0.258773
0.144278	0.336841
0.144278	0.268826
0.144278	0.280405
0.176024	0.293786
0.176024	0.267681
0.176024	0.284854
0.176024	0.279231
0.176024	0.278082
0.163860	0.229490
0.163860	0.248344
0.163860	0.221397
0.163860	0.204999
0.163860	0.219733
0.163860	0.186722
0.163860	0.223882
0.163860	0.250150
0.163860	0.213481
0.163860	0.224662
0.163860	0.179005
0.078792	0.294267
0.078792	0.282969
0.078792	0.302472
0.078792	0.298629
0.078792	0.397892
0.078792	0.353901
0.078792	0.342644
0.078792	0.424182
0.265960	0.228004
0.265960	0.299271
0.265960	0.222234
0.265960	0.236756
0.265960	0.270691
0.352127	0.267725
0.352127	0.244310
0.352127	0.274785
0.352127	0.294098
0.352127	0.280699
0.352127	0.218273
0.352127	0.235938
0.352127	0.210902
0.352127	0.259007
0.116676	0.155219
0.116676	0.135415
0.116676	0.155595
0.116676	0.159354
0.116676	0.133133
0.116676	0.124679
0.116676	0.138560
0.249496	0.134547
0.249496	0.131373
0.249496	0.137496
0.249496	0.125170
0.249496	0.135311
0.249496	0.146868
0.249496	0.123709
0.249496	0.152382
0.067682	0.117756
0.067682	0.102988
0.067682	0.125458
0.067682	0.118447
0.157286	0.117866
0.157286	0.129284
0.157286	0.132641
0.157286	0.131569
0.157286	0.140056
0.157286	0.113073
0.069524	0.122985
0.069524	0.109337
0.069524	0.111693
0.069524	0.120583
0.110376	0.139197
0.110376	0.140549
0.110376	0.128216
0.110376	0.140686
0.110376	0.129117
0.110376	0.127318
0.110376	0.148605
0.095082	0.133555
0.095082	0.143039
0.095082	0.138900
0.095082	0.135699
0.095082	0.131818
0.095082	0.146383
0.095082	0.129140
0.095082	0.154183
0.095082	0.146216
0.095082	0.161215
0.095082	0.144705
0.095082	0.155992
0.305521	0.201493
0.305521	0.184132
0.305521	0.202818
0.305521	0.186320
0.305521	0.218873
0.305521	0.199898
0.305521	0.257884
0.305521	0.225682
0.305521	0.216748
0.245369	0.151297
0.245369	0.136700
0.245369	0.170441
0.245369	0.175252
0.245369	0.135798
0.245369	0.159440
0.245369	0.150519
0.245369	0.156947
0.245369	0.156733
0.245369	0.190642
0.245369	0.165546
0.226039	0.198833
0.226039	0.227793
0.226039	0.201978
0.226039	0.210335
0.226039	0.189113
0.226039	0.225738
0.226039	0.187715
0.164707	0.196492
0.164707	0.226911
0.164707	0.197967
0.164707	0.191677
0.164707	0.200240
0.164707	0.241027
0.135298	0.172746
0.135298	0.140111
0.135298	0.150406
0.135298	0.219153
0.135298	0.145615
0.111643	0.239936
0.111643	0.260696
0.111643	0.271298
0.111643	0.271741
0.111643	0.225987
0.111643	0.308090
0.111643	0.258588
0.180028	0.353197
0.180028	0.323471
0.180028	0.339695
0.180028	0.331793
0.180028	0.356117
0.180028	0.354907
0.180028	0.351615
0.180028	0.432237
0.180028	0.302840
0.191984	0.333251
0.191984	0.315472
0.191984	0.328716
0.191984	0.352157
0.191984	0.349177
0.191984	0.322503
0.191984	0.433672
0.191984	0.338377
0.066100	0.306898
0.066100	0.271295
0.066100	0.268596
0.066100	0.302076
0.066100	0.253159
0.066100	0.256650
0.066100	0.272649
0.066100	0.292313
0.297619	0.248599
0.297619	0.208801
0.297619	0.220623
0.297619	0.204425
0.297619	0.222215
0.297619	0.267115
0.297619	0.229789
0.297619	0.274967
0.297619	0.240374
0.297619	0.305103
0.297619	0.284831
0.181400	0.183138
0.181400	0.193445
0.181400	0.197595
0.181400	0.185670
0.181400	0.183397
0.181400	0.180838
0.181400	0.177763
0.181400	0.140647
0.178566	0.190730
0.178566	0.187289
0.178566	0.188928
0.178566	0.191572
0.178566	0.185664
0.178566	0.177103
0.178566	0.228364
0.138698	0.135536
0.138698	0.122652
0.138698	0.148767
0.138698	0.148306
0.138698	0.135581
0.138698	0.139190
0.138698	0.146915
0.138698	0.131180
0.138698	0.134426
0.138698	0.128376
0.138698	0.116409
0.232059	0.204789
0.232059	0.214966
0.232059	0.233688
0.232059	0.225626
0.232059	0.245360
0.232059	0.223147
0.232059	0.221155
0.232059	0.208072
0.232059	0.246354
0.153677	0.167192
0.153677	0.141269
0.153677	0.172847
0.153677	0.244256
0.153677	0.223879
0.047606	0.235973
0.047606	0.228102
0.047606	0.245417
0.047606	0.266369
0.047606	0.191400
0.047606	0.212963
0.047606	0.292765
0.047606	0.259748
0.071960	0.294757
0.071960	0.262379
0.071960	0.235095
0.071960	0.236315
0.071960	0.187760
0.071960	0.221558
0.071960	0.247379
0.093520	0.190639
0.093520	0.181156
0.093520	0.201050
0.093520	0.211443
0.093520	0.204060
0.093520	0.182083
0.093520	0.277294
0.133624	0.215483
0.133624	0.218228
0.133624	0.215515
0.133624	0.244616
0.133624	0.207927
0.133624	0.197348
0.133624	0.192597
0.133624	0.208955
0.133624	0.191843
0.133624	0.196433
0.133624	0.190546
0.133624	0.234689
0.116609	0.241347
0.116609	0.238245
0.116609	0.230970
0.116609	0.242657
0.116609	0.208070
0.116609	0.234879
0.116609	0.258231
0.116609	0.216739
0.054852	0.162486
0.054852	0.153115
0.054852	0.166988
0.054852	0.161909
0.134387	0.232509
0.134387	0.210044
0.134387	0.239597
0.134387	0.268892
0.134387	0.305234
0.134387	0.291263
0.134387	0.238210
0.134387	0.305249
0.134387	0.234613
0.134387	0.330308
0.065307	0.190338
0.065307	0.197873
0.065307	0.199779
0.065307	0.178207
0.065307	0.199909
0.065307	0.204712
0.065307	0.218422
0.065307	0.219277
0.065307	0.200987
0.065307	0.249679
0.065307	0.193438
0.065307	0.268266
0.090689	0.179926
0.090689	0.161779
0.090689	0.191211
0.090689	0.201942
0.090689	0.198180
0.090689	0.167989
0.090689	0.198248
0.100315	0.182513
0.100315	0.140570
0.100315	0.172548
0.100315	0.194515
0.100315	0.155863
0.271706	0.237919
0.271706	0.232381
0.271706	0.276425
0.271706	0.287303
0.271706	0.219071
0.271706	0.227055
0.271706	0.218992
0.271706	0.267549
0.271706	0.285172
0.279527	0.169240
0.279527	0.169070
0.279527	0.178340
0.279527	0.168968
0.279527	0.140108
0.279527	0.144250
0.279527	0.142068
0.304057	0.258898
0.304057	0.266748
0.304057	0.280960
0.304057	0.308915
0.304057	0.293168
0.304057	0.312189
0.304057	0.239715
0.304057	0.276358
0.304057	0.329023
0.450656	0.238206
0.450656	0.216991
0.450656	0.266163
0.450656	0.225281
0.450656	0.220092
0.450656	0.227771
0.450656	0.242721
0.450656	0.242888
0.450656	0.217456
0.195630	0.194848
0.195630	0.208147
0.195630	0.210458
0.195630	0.214573
0.195630	0.195783
0.195630	0.204450
0.195630	0.204962
0.136276	0.195629
0.136276	0.200807
0.136276	0.212549
0.136276	0.201434
0.136276	0.203057
0.136276	0.220639
0.136276	0.205437
0.136276	0.204486
0.136276	0.222267
0.136276	0.206767
0.136276	0.240494
0.136276	0.202707
0.136276	0.241486
0.136276	0.223233
0.246894	0.221492
0.246894	0.219599
0.246894	0.230893
0.246894	0.233278
0.246894	0.231863
0.246894	0.230840
0.246894	0.219886
0.246894	0.254356
0.246894	0.217273
0.246894	0.215715
0.246894	0.253005
0.330838	0.228035
0.330838	0.220849
0.330838	0.251144
0.330838	0.355456
0.330838	0.268988
0.330838	0.272756
0.330838	0.257673
0.330838	0.256473
0.259189	0.276894
0.259189	0.327362
0.259189	0.290600
0.259189	0.285375
0.259189	0.252142
0.259189	0.227958
0.259189	0.224380
0.259189	0.321780
0.285714	0.294966
0.285714	0.242562
0.285714	0.274379
0.285714	0.356143
0.285714	0.379362
0.285714	0.322878
0.099299	0.378257
0.099299	0.397565
0.099299	0.353331
0.099299	0.330607
0.099299	0.371441
0.099299	0.337380
0.099299	0.356571
0.099299	0.335662
0.332953	0.337356
0.332953	0.259053
0.332953	0.290662
0.332953	0.272499
0.332953	0.355366
0.332953	0.330656
0.332953	0.460084
0.332953	0.462186
0.095568	0.257746
0.095568	0.264306
0.095568	0.236355
0.095568	0.225555
0.095568	0.332210
0.153147	0.241764
0.153147	0.236494
0.153147	0.231879
0.153147	0.242575
0.153147	0.296893
0.124151	0.303378
0.124151	0.271717
0.124151	0.283936
0.124151	0.268937
0.124151	0.270664
0.124151	0.282379
0.124151	0.312324
0.124151	0.323295
0.124151	0.314002
0.124151	0.350244
0.124151	0.348441
0.107980	0.181474
0.107980	0.178587
0.107980	0.196728
0.107980	0.187243
0.107980	0.197785
0.107980	0.188925
0.107980	0.188736
0.249216	0.225857
0.249216	0.225491
0.249216	0.231770
0.249216	0.228939
0.249216	0.221223
0.249216	0.260270
0.249216	0.285735
0.138655	0.160763
0.138655	0.158952
0.138655	0.169227
0.138655	0.163834
0.138655	0.158748
0.094040	0.246317
0.094040	0.245262
0.094040	0.260616
0.094040	0.287877
0.094040	0.195722
0.094040	0.212263
0.094040	0.198407
0.094040	0.184792
0.094040	0.241646
0.211560	0.272529
0.211560	0.304102
0.211560	0.311561
0.211560	0.411673
0.211560	0.292626
0.211560	0.310270
0.211560	0.259843
0.211560	0.336171
0.211560	0.290231
0.169537	0.244720
0.169537	0.249963
0.169537	0.249260
0.169537	0.258635
0.169537	0.256547
0.169537	0.252520
0.121931	0.213454
0.121931	0.209472
0.121931	0.217272
0.121931	0.206106
0.304769	0.278502
0.304769	0.264152
0.304769	0.256624
0.304769	0.261915
0.304769	0.249217
0.304769	0.260940
0.304769	0.277678
0.304769	0.259320
0.304769	0.263018
0.304769	0.262406
0.304769	0.278577
0.180951	0.194944
0.180951	0.196837
0.180951	0.206821
0.180951	0.207677
0.180951	0.185078
0.180951	0.193386
0.180951	0.183471
0.169522	0.175442
0.169522	0.176648
0.169522	0.174931
0.169522	0.174357
0.169522	0.161358
0.169522	0.181405
0.169522	0.185790
0.169522	0.174710
0.169522	0.234084
0.079726	0.114875
0.079726	0.108200
0.079726	0.111145
0.079726	0.110610
0.079726	0.102120
0.074948	0.178440
0.074948	0.178864
0.074948	0.201607
0.074948	0.192642
0.074948	0.182128
0.074948	0.178903
0.074948	0.173127
0.074948	0.182880
0.110631	0.243251
0.110631	0.250657
0.110631	0.284501
0.110631	0.257403
0.110631	0.296696
0.110631	0.247227
0.110631	0.303038
0.110631	0.277394
0.110631	0.352192
0.302107	0.194591
0.302107	0.191956
0.302107	0.175552
0.302107	0.181835
0.302107	0.335803
0.302107	0.245338
0.196752	0.178303
0.196752	0.170528
0.196752	0.178219
0.196752	0.206740
0.196752	0.165649
0.196752	0.165119
0.196752	0.159126
0.215080	0.202434
0.215080	0.236732
0.215080	0.196845
0.215080	0.189583
0.215080	0.329233
0.215080	0.209829
0.215080	0.181886
0.191622	0.306629
0.191622	0.262110
0.191622	0.272200
0.191622	0.327386
0.191622	0.276302
0.191622	0.291946
0.191622	0.291914
0.191622	0.270374
0.191622	0.305285
0.191622	0.281022
0.191622	0.309312
0.191622	0.394860
0.221775	0.280292
0.221775	0.259568
0.221775	0.247773
0.221775	0.340360
0.221775	0.401796
0.221775	0.251423
0.221775	0.363427
0.221775	0.266467
0.133567	0.269942
0.133567	0.269330
0.133567	0.271303
0.133567	0.252434
0.133567	0.247327
0.133567	0.260722
0.133567	0.323629
0.133567	0.390505
0.256896	0.204001
0.256896	0.196390
0.256896	0.211132
0.256896	0.206860
0.256896	0.323805
0.374953	0.358543
0.374953	0.345337
0.374953	0.355622
0.374953	0.369706
0.374953	0.416602
0.374953	0.385752
0.374953	0.380627
0.374953	0.363749
0.374953	0.459612
0.246942	0.422061
0.246942	0.411979
0.246942	0.395958
0.246942	0.439197
0.246942	0.450666
0.246942	0.435945
0.246942	0.421244
0.246942	0.348879
0.246942	0.359050
0.246942	0.454155
0.246942	0.437179
0.161713	0.222173
0.161713	0.239398
0.161713	0.220476
0.161713	0.226680
0.161713	0.215888
0.161713	0.228090
0.161713	0.224335
0.161713	0.224103
0.169071	0.331261
0.169071	0.331010
0.169071	0.363026
0.169071	0.378797
0.169071	0.370266
0.169071	0.326916
0.169071	0.369281
0.169071	0.403491
0.169071	0.506354
0.249527	0.451678
0.249527	0.446470
0.249527	0.448069
0.249527	0.487175
0.249527	0.448463
0.249527	0.461725
0.249527	0.463099
0.249527	0.443229
0.249527	0.384645
0.249527	0.440782
0.249527	0.448241
0.297051	0.330358
0.297051	0.326982
0.297051	0.377409
0.297051	0.373204
0.297051	0.343176
0.297051	0.377627
0.297051	0.381356
0.297051	0.345852
0.297051	0.303099
0.067621	0.303432
0.067621	0.310354
0.067621	0.363674
0.067621	0.348950
0.067621	0.286471
0.067621	0.286773
0.067621	0.303088
0.067621	0.314094
0.038771	0.318772
0.038771	0.331112
0.038771	0.283175
0.038771	0.291112
0.038771	0.304019
0.038771	0.283527
0.038771	0.292611
0.038771	0.321671
0.073201	0.273895
0.073201	0.219318
0.073201	0.248592
0.073201	0.309586
0.073201	0.226722
0.073201	0.260631
0.073201	0.215270
0.102455	0.274556
0.102455	0.289842
0.102455	0.323176
0.102455	0.295168
0.102455	0.263549
0.102455	0.322895
0.102455	0.281813
0.102455	0.326842
0.102455	0.385815
0.179202	0.280250
0.179202	0.205553
0.179202	0.246534
0.179202	0.309380
0.179202	0.347319
0.179202	0.222514
0.241728	0.234657
0.241728	0.309381
0.241728	0.287321
0.241728	0.261039
0.241728	0.243348
0.241728	0.481334
0.241728	0.265699
0.473925	0.525721
0.473925	0.423751
0.473925	0.488041
0.473925	0.523198
0.473925	0.521542
0.473925	0.440997
0.473925	0.441222
0.473925	0.441665
0.473925	0.426054
0.248192	0.336604
0.248192	0.390249
0.248192	0.400641
0.248192	0.358966
0.248192	0.458763
0.248192	0.402423
0.228699	0.486161
0.228699	0.417354
0.228699	0.457127
0.228699	0.405705
0.228699	0.427890
0.228699	0.471443
0.228699	0.416136
0.228699	0.480089
0.228699	0.355260
0.228699	0.476134
0.228699	0.387147
0.176625	0.313504
0.176625	0.370460
0.176625	0.316853
0.176625	0.269800
0.164362	0.301411
0.164362	0.274341
0.164362	0.275491
0.164362	0.252266
0.164362	0.245684
0.164362	0.278295
0.164362	0.238409
0.164362	0.249217
0.144022	0.182250
0.144022	0.165866
0.144022	0.158186
0.144022	0.141993
0.144022	0.151957
0.144022	0.120826
0.144022	0.135005
0.144022	0.124338
0.109434	0.172305
0.109434	0.167519
0.109434	0.149735
0.109434	0.141179
0.109434	0.184075
0.109434	0.195987
0.109434	0.158921
0.109434	0.231939
0.109434	0.190638
0.109434	0.280048
0.109434	0.237848
0.138792	0.103409
0.138792	0.094855
0.138792	0.108293
0.138792	0.104160
0.138792	0.089159
0.138792	0.086857
0.138792	0.078009
0.138792	0.082862
0.086101	0.157927
0.086101	0.150311
0.086101	0.175352
0.086101	0.166378
0.086101	0.160686
0.086101	0.156360
0.086101	0.143275
0.086101	0.150497
0.086101	0.139859
0.086101	0.146038
0.086101	0.132230
0.131927	0.265676
0.131927	0.267716
0.131927	0.262277
0.131927	0.258280
0.131927	0.235710
0.131927	0.260853
0.131927	0.266748
0.131927	0.256067
0.166033	0.232769
0.166033	0.229344
0.166033	0.231328
0.166033	0.236202
0.166033	0.247293
0.166033	0.215129
0.233336	0.383302
0.233336	0.392728
0.233336	0.395070
0.233336	0.436479
0.233336	0.403649
0.233336	0.399492
0.233336	0.392075
0.233336	0.427638
0.233336	0.399304
0.378557	0.367080
0.378557	0.358353
0.378557	0.370830
0.378557	0.347505
0.378557	0.396662
0.378557	0.339309
0.378557	0.417057
0.378557	0.370149
0.378557	0.425208
0.050931	0.287645
0.050931	0.229707
0.050931	0.247359
0.050931	0.306701
0.050931	0.274446
0.189610	0.231745
0.189610	0.236255
0.189610	0.217513
0.189610	0.216080
0.189610	0.248963
0.189610	0.205116
0.189610	0.234810
0.161353	0.204245
0.161353	0.186975
0.161353	0.205588
0.161353	0.196135
0.161353	0.193286
0.161353	0.210756
0.161353	0.221362
0.161353	0.200876
0.161353	0.200144
0.161353	0.204408
0.161353	0.191284
0.101841	0.285682
0.101841	0.278158
0.101841	0.299874
0.101841	0.373458
0.101841	0.387763
0.101841	0.292450
0.101841	0.299946
0.101841	0.324367
0.105603	0.242089
0.105603	0.244649
0.105603	0.248185
0.105603	0.228711
0.105603	0.246694
0.105603	0.233525
0.105603	0.258306
0.105603	0.256884
0.268125	0.218850
0.268125	0.183356
0.268125	0.212875
0.268125	0.187437
0.268125	0.274343
0.268125	0.236462
0.268125	0.221314
0.135756	0.248857
0.135756	0.238017
0.135756	0.237371
0.135756	0.220709
0.135756	0.233566
0.135756	0.334857
0.135756	0.249690
0.135756	0.297026
0.135756	0.246904
0.116872	0.160036
0.116872	0.152352
0.116872	0.142851
0.116872	0.151523
0.116872	0.153056
0.116872	0.156467
0.116872	0.153429
0.093826	0.232414
0.093826	0.231836
0.093826	0.238083
0.093826	0.229736
0.093826	0.228696
0.093826	0.227382
0.093826	0.225669
0.093826	0.235749
0.093826	0.235606
0.093826	0.251369
0.093826	0.301396
0.110746	0.204133
0.110746	0.202346
0.110746	0.206262
0.110746	0.199322
0.110746	0.190583
0.110746	0.214569
0.110746	0.229292
0.110746	0.271110
0.110746	0.313053
0.076358	0.133686
0.076358	0.131533
0.076358	0.136968
0.076358	0.132501
0.076358	0.121800
0.209152	0.107797
0.209152	0.108683
0.209152	0.112008
0.209152	0.115790
0.209152	0.119908
0.209152	0.097743
0.209152	0.121427
0.209152	0.101296
0.082147	0.171724
0.082147	0.178738
0.082147	0.202487
0.082147	0.200973
0.082147	0.183743
0.082147	0.195840
0.082147	0.188581
0.082147	0.233348
0.082147	0.186586
0.082147	0.185708
0.068091	0.222421
0.068091	0.229672
0.068091	0.227781
0.068091	0.239025
0.068091	0.223507
0.068091	0.238674
0.068091	0.225227
0.068091	0.241727
0.068091	0.230608
0.068091	0.287675
0.068091	0.235256
0.068091	0.353372
0.079061	0.145112
0.079061	0.160948
0.079061	0.150241
0.079061	0.174847
0.079061	0.143942
0.087119	0.144811
0.087119	0.156595
0.087119	0.153353
0.087119	0.169966
0.087119	0.151540
0.087119	0.122448
0.087119	0.135429
0.087119	0.136292
0.079567	0.243303
0.079567	0.234665
0.079567	0.227253
0.079567	0.241526
0.079567	0.259481
0.079567	0.236849
0.079567	0.260179
0.079567	0.268270
0.075617	0.242728
0.075617	0.211751
0.075617	0.227439
0.075617	0.216347
0.075617	0.254093
0.075617	0.232675
0.075617	0.230613
0.075617	0.236631
0.075617	0.283695
0.116863	0.322589
0.116863	0.287162
0.116863	0.279601
0.116863	0.270749
0.116863	0.346514
0.116863	0.277061
0.116863	0.256368
0.116863	0.349710
0.116863	0.331647
0.212818	0.276654
0.212818	0.297236
0.212818	0.291898
0.212818	0.273787
0.212818	0.255689
0.212818	0.267895
0.212818	0.335268
0.212818	0.276116
0.212818	0.324870
0.138827	0.183887
0.138827	0.169229
0.138827	0.168855
0.138827	0.167536
0.138827	0.200218
0.138827	0.169990
0.138827	0.148220
0.138827	0.201732
0.052789	0.184720
0.052789	0.184827
0.052789	0.202439
0.052789	0.189125
0.052789	0.193841
0.052789	0.201810
0.052789	0.252836
0.052789	0.288972
0.069040	0.296812
0.069040	0.309326
0.069040	0.300536
0.069040	0.313462
0.069040	0.333959
0.069040	0.265257
0.069040	0.342306
0.069040	0.310420
0.158209	0.232682
0.158209	0.252013
0.158209	0.244642
0.158209	0.307282
0.158209	0.207282
0.158209	0.238584
0.158209	0.284475
0.158209	0.231807
0.181344	0.189595
0.181344	0.188006
0.181344	0.191687
0.181344	0.192905
0.181344	0.163867
0.181344	0.164664
0.181344	0.166081
0.124864	0.214647
0.124864	0.200423
0.124864	0.219159
0.124864	0.203166
0.124864	0.210919
0.124864	0.225420
0.124864	0.210165
0.124864	0.224888
0.124864	0.207382
0.124864	0.266101
0.124864	0.232779
0.200041	0.244855
0.200041	0.242869
0.200041	0.282285
0.200041	0.340801
0.200041	0.269575
0.200041	0.259920
0.200041	0.315254
0.200041	0.320018
0.241724	0.207290
0.241724	0.246778
0.241724	0.223610
0.241724	0.267667
0.327487	0.253051
0.327487	0.259826
0.327487	0.254246
0.327487	0.255583
0.327487	0.217840
0.327487	0.248473
0.327487	0.337845
0.327487	0.285016
0.366502	0.221083
0.366502	0.214755
0.366502	0.234061
0.366502	0.265596
0.366502	0.200129
0.227527	0.336064
0.227527	0.318359
0.227527	0.340511
0.227527	0.328344
0.227527	0.348329
0.227527	0.415884
0.227527	0.336749
0.227527	0.319652
0.227527	0.342787
0.116081	0.202313
0.116081	0.194802
0.116081	0.217640
0.116081	0.229260
0.116081	0.345984
0.129815	0.228285
0.129815	0.225802
0.129815	0.223578
0.129815	0.262095
0.129815	0.201587
0.134946	0.310138
0.134946	0.255125
0.134946	0.273847
0.134946	0.246006
0.134946	0.239927
0.134946	0.279631
0.134946	0.378698
0.111898	0.257690
0.111898	0.239044
0.111898	0.231967
0.111898	0.257400
0.111898	0.208977
0.111898	0.255059
0.090124	0.284135
0.090124	0.265688
0.090124	0.294274
0.090124	0.294960
0.090124	0.273641
0.090124	0.296700
0.090124	0.319019
0.090124	0.291690
0.090124	0.293986
0.090124	0.283430
0.090124	0.305772
0.090124	0.351737
0.148408	0.273694
0.148408	0.285939
0.148408	0.329247
0.148408	0.322935
0.148408	0.307342
0.148408	0.288006
0.148408	0.279090
0.148408	0.314377
0.476047	0.456151
0.476047	0.490173
0.476047	0.445743
0.476047	0.414591
0.476047	0.446779
0.476047	0.466650
0.476047	0.474707
0.476047	0.456941
0.476047	0.651305
0.126515	0.504883
0.126515	0.431964
0.126515	0.457082
0.126515	0.485445
0.126515	0.443294
0.126515	0.404564
0.126515	0.458518
0.126515	0.474380
0.351927	0.410435
0.351927	0.450616
0.351927	0.479567
0.351927	0.544766
0.351927	0.490122
0.351927	0.508375
0.351927	0.501686
0.211140	0.507521
0.211140	0.531008
0.211140	0.494744
0.211140	0.506043
0.211140	0.500358
0.211140	0.512438
0.211140	0.498458
0.211140	0.628543
0.211140	0.562825
0.211140	0.545837
0.433178	0.510617
0.433178	0.453456
0.433178	0.511208
0.433178	0.505198
0.433178	0.470038
0.433178	0.537656
0.433178	0.642563
0.394851	0.469166
0.394851	0.480850
0.394851	0.491833
0.394851	0.468148
0.394851	0.451261
0.394851	0.480824
0.394851	0.603492
0.394851	0.682522
0.080746	0.462167
0.080746	0.423800
0.080746	0.432493
0.080746	0.477232
0.080746	0.458272
0.080746	0.446758
0.080746	0.417051
0.080746	0.447627
0.080746	0.441212
0.080746	0.449033
0.080746	0.425527
0.080746	0.419642
0.116555	0.361710
0.116555	0.313827
0.116555	0.346765
0.116555	0.363832
0.116555	0.300956
0.116555	0.383633
0.116555	0.357835
0.149242	0.422511
0.149242	0.402972
0.149242	0.409829
0.149242	0.466696
0.149242	0.437204
0.149242	0.396588
0.149242	0.434630
0.149242	0.373193
0.149242	0.462435
0.136684	0.249827
0.136684	0.274795
0.136684	0.272619
0.136684	0.288297
0.136684	0.272864
0.063432	0.342005
0.063432	0.318135
0.063432	0.322928
0.063432	0.329643
0.063432	0.353220
0.063432	0.333985
0.087949	0.260051
0.087949	0.241158
0.087949	0.254898
0.087949	0.269679
0.087949	0.269467
0.087949	0.274554
0.066375	0.357700
0.066375	0.334067
0.066375	0.324703
0.066375	0.360256
0.066375	0.392103
0.066375	0.373203
0.066375	0.331599
0.066375	0.374713
0.066375	0.329778
0.119330	0.299162
0.119330	0.264304
0.119330	0.276151
0.119330	0.285534
0.119330	0.261900
0.119330	0.270322
0.119330	0.297453
0.119330	0.258645
0.119330	0.281350
0.119330	0.271984
0.119330	0.254184
0.119330	0.264811
0.156911	0.291116
0.156911	0.290150
0.156911	0.281841
0.156911	0.295119
0.156911	0.335375
0.156911	0.278554
0.156911	0.408609
0.156911	0.318524
0.089589	0.310872
0.089589	0.233517
0.089589	0.256325
0.089589	0.281280
0.089589	0.295296
0.089589	0.236366
0.089589	0.233826
0.089589	0.265560
0.089589	0.249074
0.089589	0.262644
0.089589	0.250265
0.089589	0.342082
0.073731	0.304348
0.073731	0.287957
0.073731	0.289109
0.073731	0.271664
0.073731	0.306199
0.073731	0.283719
0.073731	0.293139
0.073731	0.330809
0.069499	0.294044
0.069499	0.264006
0.069499	0.257096
0.069499	0.264319
0.069499	0.276487
0.069499	0.261124
0.069499	0.291139
0.069499	0.251809
0.069499	0.271079
0.196454	0.249927
0.196454	0.235052
0.196454	0.234059
0.196454	0.228798
0.196454	0.308744
0.159264	0.284112
0.159264	0.276204
0.159264	0.268536
0.159264	0.259082
0.159264	0.279726
0.159264	0.310094
0.159264	0.336036
0.159264	0.361661
0.159264	0.352997
0.065753	0.190013
0.065753	0.164833
0.065753	0.172054
0.065753	0.167697
0.065753	0.149042
0.138149	0.260561
0.138149	0.273608
0.138149	0.280648
0.138149	0.287396
0.138149	0.299408
0.138149	0.281812
0.138149	0.296495
0.138149	0.286603
0.138149	0.295307
0.290834	0.284268
0.290834	0.305131
0.290834	0.294884
0.290834	0.286307
0.290834	0.291324
0.290834	0.287696
0.290834	0.327941
0.290834	0.283123
0.290834	0.297607
0.089626	0.207262
0.089626	0.207043
0.089626	0.208841
0.089626	0.211743
0.089626	0.192917
0.089626	0.205155
0.089626	0.209831
0.089626	0.260432
0.113380	0.237523
0.113380	0.238836
0.113380	0.214788
0.113380	0.242971
0.113380	0.226240
0.113380	0.220313
0.113380	0.227696
0.113380	0.220372
0.096102	0.239533
0.096102	0.240087
0.096102	0.233200
0.096102	0.237701
0.096102	0.289298
0.172223	0.320001
0.172223	0.318165
0.172223	0.327148
0.172223	0.372091
0.172223	0.287510
0.172223	0.325224
0.172223	0.313947
0.172223	0.356427
0.172223	0.369501
0.098066	0.217832
0.098066	0.225716
0.098066	0.211406
0.098066	0.242476
0.098066	0.188327
0.070858	0.239229
0.070858	0.234833
0.070858	0.243326
0.070858	0.283509
0.145052	0.238797
0.145052	0.240574
0.145052	0.233899
0.145052	0.260751
0.145052	0.250787
0.145052	0.252795
0.145052	0.257528
0.145052	0.289756
0.070279	0.266170
0.070279	0.274092
0.070279	0.268572
0.070279	0.284119
0.070279	0.248029
0.070279	0.295980
0.070279	0.267540
0.218227	0.253082
0.218227	0.244531
0.218227	0.249142
0.218227	0.370455
0.218227	0.299055
0.218227	0.273340
0.218227	0.282627
0.218227	0.232991
0.297824	0.214360
0.297824	0.208501
0.297824	0.198184
0.297824	0.212012
0.297824	0.210292
0.297824	0.198071
0.297824	0.191652
0.297824	0.191905
0.257147	0.248649
0.257147	0.212944
0.257147	0.227646
0.257147	0.272040
0.257147	0.223191
0.257147	0.215463
0.257147	0.277252
0.150535	0.204329
0.150535	0.231386
0.150535	0.225013
0.150535	0.207313
0.150535	0.202456
0.150535	0.197861
0.150535	0.193628
0.150535	0.199277
0.150535	0.190805
0.150535	0.178911
0.150535	0.195917
0.155241	0.232225
0.155241	0.206312
0.155241	0.207728
0.155241	0.245943
0.155241	0.272761
0.155241	0.210491
0.155241	0.200025
0.155241	0.267938
0.155241	0.255586
0.202720	0.125855
0.202720	0.124444
0.202720	0.134993
0.202720	0.142177
0.202720	0.135816
0.202720	0.120043
0.202720	0.093787
0.202720	0.134364
0.160347	0.145600
0.160347	0.159230
0.160347	0.157663
0.160347	0.149931
0.160347	0.141648
0.160347	0.178560
0.160347	0.160238
0.160347	0.155581
0.212998	0.150690
0.212998	0.135899
0.212998	0.157083
0.212998	0.159042
0.212998	0.135059
0.108916	0.182194
0.108916	0.177751
0.108916	0.189951
0.108916	0.206854
0.108916	0.208867
0.108916	0.204094
0.108916	0.225393
0.327952	0.341242
0.327952	0.352461
0.327952	0.378146
0.327952	0.369488
0.327952	0.378062
0.327952	0.356515
0.327952	0.514276
0.327952	0.451285
0.323306	0.350103
0.323306	0.427010
0.323306	0.332970
0.323306	0.291808
0.323306	0.483936
0.323306	0.339667
0.323306	0.318505
0.323306	0.611252
0.323306	0.389070
0.323306	0.549257
0.360654	0.284200
0.360654	0.261503
0.360654	0.245466
0.360654	0.265407
0.360654	0.442290
0.384276	0.269312
0.384276	0.278287
0.384276	0.276595
0.384276	0.248880
0.384276	0.300779
0.384276	0.293503
0.384276	0.472332
0.384276	0.288495
0.384276	0.527592
0.384276	0.289665
0.384276	0.263796
0.384276	0.409927
0.384276	0.261997
0.384276	0.367018
0.174548	0.163445
0.174548	0.139413
0.174548	0.140443
0.174548	0.128044
0.174548	0.162331
0.174548	0.142929
0.174548	0.152076
0.180515	0.288488
0.180515	0.267806
0.180515	0.302321
0.180515	0.304485
0.180515	0.304491
0.180515	0.287863
0.180515	0.313907
0.180515	0.282610
0.180515	0.354716
0.265000	0.272991
0.265000	0.258074
0.265000	0.253736
0.265000	0.312961
0.265000	0.236925
0.265000	0.290806
0.265000	0.257347
0.265000	0.295120
0.265000	0.320069
0.141992	0.144158
0.141992	0.140053
0.141992	0.140994
0.141992	0.138046
0.141992	0.124371
0.141992	0.127217
0.305266	0.134194
0.305266	0.130921
0.305266	0.151914
0.305266	0.151995
0.305266	0.130785
0.230716	0.189394
0.230716	0.195308
0.230716	0.194555
0.230716	0.192611
0.230716	0.237068
0.230716	0.204194
0.230716	0.167771
0.211897	0.184236
0.211897	0.190311
0.211897	0.187184
0.211897	0.190321
0.211897	0.198275
0.211897	0.202087
0.211897	0.179407
0.211897	0.307014
0.137855	0.126327
0.137855	0.137307
0.137855	0.128876
0.137855	0.133091
0.137855	0.115159
0.137855	0.128577
0.137855	0.101927
0.137855	0.110836
0.179333	0.148307
0.179333	0.146780
0.179333	0.175542
0.179333	0.164848
0.179333	0.165999
0.179333	0.170893
0.179333	0.145398
0.179333	0.203406
0.245285	0.225243
0.245285	0.254511
0.245285	0.292639
0.245285	0.277789
0.245285	0.264770
0.245285	0.272964
0.245285	0.240803
0.245285	0.300661
0.245285	0.238872
0.122938	0.172934
0.122938	0.189935
0.122938	0.172570
0.122938	0.182601
0.122938	0.166148
0.122938	0.228645
0.123705	0.213074
0.123705	0.193082
0.123705	0.218174
0.123705	0.212704
0.123705	0.179102
0.123705	0.188790
0.123705	0.180671
0.123705	0.179364
0.123705	0.174594
0.123705	0.183379
0.123705	0.180058
0.123705	0.171399
0.123705	0.169770
0.123705	0.165458
0.098002	0.209554
0.098002	0.209081
0.098002	0.222937
0.098002	0.231668
0.098002	0.222303
0.098002	0.210921
0.098002	0.205161
0.098002	0.237169
0.041946	0.202634
0.041946	0.198040
0.041946	0.212304
0.041946	0.211035
0.041946	0.235980
0.084052	0.206736
0.084052	0.203318
0.084052	0.208862
0.084052	0.215380
0.084052	0.206525
0.084052	0.197143
0.084052	0.192263
0.084052	0.204128
0.139374	0.246971
0.139374	0.244880
0.139374	0.255608
0.139374	0.262686
0.139374	0.241138
0.139374	0.244004
0.068337	0.266764
0.068337	0.286560
0.068337	0.272510
0.068337	0.249688
0.068337	0.256166
0.068337	0.246097
0.068337	0.255138
0.134336	0.238555
0.134336	0.212594
0.134336	0.224506
0.134336	0.219676
0.134336	0.190012
0.134336	0.185448
0.134336	0.181907
0.053477	0.239429
0.053477	0.239860
0.053477	0.232422
0.053477	0.237411
0.053477	0.245601
0.053477	0.272368
0.053477	0.245389
0.053477	0.294905
0.053477	0.193210
0.107159	0.195931
0.107159	0.197204
0.107159	0.208412
0.107159	0.219429
0.107159	0.159207
0.107159	0.146351
0.107159	0.142384
0.116806	0.170643
0.116806	0.182968
0.116806	0.193497
0.116806	0.164934
0.116806	0.195960
0.116806	0.206561
0.116806	0.221019
0.143338	0.198397
0.143338	0.171309
0.143338	0.198032
0.143338	0.214638
0.143338	0.194081
0.143338	0.195379
0.143338	0.183855
0.143338	0.190284
0.183714	0.279796
0.183714	0.268497
0.183714	0.291984
0.183714	0.269231
0.183714	0.239996
0.183714	0.277437
0.183714	0.277024
0.183714	0.273403
0.183714	0.326214
0.218597	0.307992
0.218597	0.284964
0.218597	0.332969
0.218597	0.344862
0.218597	0.367164
0.218597	0.318371
0.218597	0.296173
0.218597	0.347430
0.218597	0.294654
0.218597	0.317270
0.169738	0.256654
0.169738	0.262491
0.169738	0.284926
0.169738	0.258765
0.169738	0.254317
0.169738	0.237439
0.169738	0.230670
0.169738	0.319061
0.277999	0.443658
0.277999	0.403281
0.277999	0.441189
0.277999	0.409300
0.277999	0.431896
0.277999	0.408580
0.277999	0.343576
0.277999	0.431860
0.277999	0.448837
0.286263	0.308766
0.286263	0.272327
0.286263	0.300220
0.286263	0.273308
0.286263	0.501046
0.286263	0.558037
0.314091	0.465168
0.314091	0.473564
0.314091	0.348262
0.314091	0.341244
0.111229	0.357356
0.111229	0.325033
0.111229	0.353171
0.111229	0.342346
0.111229	0.431986
0.164233	0.257129
0.164233	0.239510
0.164233	0.243126
0.164233	0.223797
0.164233	0.249357
0.164233	0.261613
0.164233	0.207600
0.164233	0.256975
0.150584	0.371649
0.150584	0.352914
0.150584	0.382074
0.150584	0.349640
0.150584	0.565017
0.150584	0.444417
0.150584	0.616473
0.150584	0.375149
0.150584	0.692329
0.150584	0.462329
0.150584	0.485185
0.150584	0.738232
0.177746	0.397555
0.177746	0.393926
0.177746	0.376433
0.177746	0.380463
0.177746	0.514655
0.177746	0.441679
0.106939	0.399434
0.106939	0.367493
0.106939	0.391093
0.106939	0.390226
0.106939	0.493976
0.171721	0.405569
0.171721	0.392379
0.171721	0.405239
0.171721	0.390321
0.171721	0.362381
0.171721	0.380406
0.171721	0.399933
0.171721	0.393250
0.171721	0.451804
0.171721	0.413546
0.196413	0.248982
0.196413	0.246550
0.196413	0.282146
0.196413	0.276019
0.196413	0.254397
0.196413	0.245639
0.196413	0.233384
0.120214	0.377193
0.120214	0.373198
0.120214	0.401767
0.120214	0.464982
0.120214	0.470811
0.120214	0.435232
0.120214	0.439450
0.120214	0.551193
0.162188	0.469454
0.162188	0.482211
0.162188	0.463286
0.162188	0.486947
0.162188	0.448354
0.162188	0.490939
0.162188	0.462717
0.162188	0.507278
0.162188	0.484698
0.287017	0.290083
0.287017	0.274541
0.287017	0.300099
0.287017	0.299486
0.173368	0.314376
0.173368	0.334369
0.173368	0.308499
0.173368	0.331407
0.173368	0.339878
0.170213	0.293448
0.170213	0.318288
0.170213	0.307993
0.170213	0.289074
0.170213	0.273536
0.170213	0.262273
0.170213	0.274063
0.170213	0.276172
0.170213	0.297147
0.170213	0.284798
0.170213	0.297202
0.170213	0.301007
0.279729	0.308458
0.279729	0.264304
0.279729	0.275338
0.279729	0.270233
0.279729	0.254380
0.279729	0.347715
0.279729	0.274490
0.279729	0.303671
0.279729	0.320120
0.181541	0.128244
0.181541	0.105750
0.181541	0.106147
0.181541	0.113299
0.181541	0.106716
0.181541	0.087460
0.181541	0.094652
0.147691	0.098597
0.147691	0.097613
0.147691	0.097269
0.147691	0.102159
0.147691	0.099968
0.147691	0.109143
0.147691	0.094517
0.193572	0.098374
0.193572	0.097257
0.193572	0.120236
0.193572	0.120777
0.193572	0.114005
0.193572	0.087583
0.193572	0.101843
0.193572	0.092154
0.090444	0.139712
0.090444	0.147643
0.090444	0.184835
0.090444	0.160792
0.090444	0.161672
0.277346	0.224508
0.277346	0.212538
0.277346	0.292006
0.277346	0.539127
0.277346	0.475056
0.277346	0.538305
0.277346	0.210695
0.204063	0.289036
0.204063	0.602768
0.204063	0.335426
0.204063	0.310523
0.263337	0.748607
0.263337	0.506493
0.263337	0.597993
0.263337	0.732406
0.263337	0.740169
0.263337	0.514150
0.263337	0.467648
0.263337	0.600933
0.119301	0.365773
0.119301	0.350210
0.119301	0.361876
0.119301	0.353778
0.119301	0.313625
0.119301	0.281472
0.119301	0.324677
0.207495	0.393812
0.207495	0.334437
0.207495	0.401263
0.207495	0.404402
0.207495	0.513922
0.207495	0.492185
0.242880	0.407961
0.242880	0.389734
0.242880	0.366352
0.242880	0.680819
0.242880	0.616018
0.242880	0.631847
0.242880	0.584061
0.427367	0.433369
0.427367	0.482325
0.427367	0.463552
0.427367	0.537072
0.427367	0.420927
0.427367	0.453233
0.427367	0.459368
0.427367	0.495680
0.427367	0.660014
0.427367	0.601303
0.427367	0.639247
0.157585	0.279298
0.157585	0.257645
0.157585	0.301319
0.157585	0.322400
0.267055	0.551142
0.267055	0.512634
0.267055	0.528859
0.267055	0.565386
0.267055	0.559446
0.267055	0.514454
0.267055	0.610241
0.267055	0.655103
0.172237	0.443470
0.172237	0.527030
0.172237	0.414785
0.172237	0.421051
0.172237	0.450670
0.172237	0.379620
0.172237	0.491061
0.172237	0.344234
0.185978	0.446113
0.185978	0.360109
0.185978	0.326690
0.185978	0.307965
0.185978	0.342575
0.185978	0.359037
0.185978	0.346432
0.185978	0.321959
0.303255	0.395424
0.303255	0.347310
0.303255	0.424769
0.303255	0.403203
0.303255	0.317329
0.303255	0.366495
0.303255	0.389036
0.303255	0.407720
0.227136	0.354671
0.227136	0.401605
0.227136	0.410003
0.227136	0.413586
0.227136	0.385619
0.227136	0.413358
0.227136	0.406647
0.227136	0.409311
0.094454	0.333491
0.094454	0.336292
0.094454	0.333889
0.094454	0.338588
0.094454	0.322315
0.094454	0.365728
0.094454	0.362851
0.094454	0.341952
0.160593	0.272351
0.160593	0.259437
0.160593	0.312670
0.160593	0.278559
0.160593	0.269182
0.160593	0.267046
0.160593	0.244330
0.160593	0.244925
0.346944	0.310562
0.346944	0.297162
0.346944	0.349395
0.346944	0.424403
0.346944	0.319166
0.346944	0.442090
0.232203	0.478822
0.232203	0.599036
0.232203	0.506185
0.232203	0.548705
0.232203	0.502032
0.232203	0.527220
0.232203	0.484026
0.232203	0.532655
0.232203	0.783554
0.232203	0.542485
0.232203	0.631669
0.232203	0.824742
0.232203	0.580013
0.232203	0.613345
0.137705	0.398885
0.137705	0.386683
0.137705	0.387874
0.137705	0.335654
0.137705	0.359260
0.137705	0.383286
0.137705	0.420043
0.137705	0.408920
0.137705	0.482323
0.137705	0.433032
0.137705	0.389379
0.137705	0.441985
0.137705	0.406612
0.137705	0.418806
0.159740	0.330049
0.159740	0.319112
0.159740	0.330574
0.159740	0.282581
0.159740	0.306883
0.159740	0.292773
0.159740	0.287494
0.159740	0.324702
0.159740	0.282063
0.159740	0.296437
0.159740	0.271418
0.159740	0.265455
0.332626	0.513465
0.332626	0.500897
0.332626	0.524338
0.332626	0.577945
0.332626	0.504001
0.332626	0.612852
0.332626	0.654393
0.332626	0.503770
0.332626	0.559757
0.332626	0.658651
0.332626	0.492821
0.378038	0.375081
0.378038	0.527576
0.378038	0.339558
0.378038	0.327700
0.304685	0.527888
0.304685	0.395320
0.304685	0.448568
0.304685	0.415805
0.304685	0.526368
0.304685	0.425271
0.304685	0.494938
0.304685	0.446694
0.470458	0.366704
0.470458	0.361045
0.470458	0.320313
0.470458	0.347441
0.470458	0.413825
0.470458	0.677445
0.470458	0.667992
0.170730	0.396222
0.170730	0.361189
0.170730	0.355083
0.170730	0.305907
0.170730	0.358100
0.170730	0.448600
0.170730	0.433297
0.170730	0.433910
0.170730	0.491794
0.170730	0.457861
0.170730	0.366978
0.170730	0.739582
0.170730	0.428388
0.170730	0.471384
0.133871	0.257436
0.133871	0.211017
0.133871	0.257493
0.133871	0.232090
0.133871	0.213680
0.133871	0.237218
0.133871	0.239136
0.243493	0.409692
0.243493	0.396771
0.243493	0.399970
0.243493	0.453401
0.243493	0.383122
0.243493	0.452230
0.243493	0.399751
0.243493	0.410098
0.243493	0.392056
0.322988	0.459101
0.322988	0.542976
0.322988	0.483384
0.322988	0.512791
0.322988	0.515415
0.322988	0.510643
0.322988	0.551473
0.322988	0.450820
0.322988	0.495930
0.322988	0.539238
0.322988	0.591766
0.265834	0.404866
0.265834	0.390978
0.265834	0.397916
0.265834	0.387696
0.265834	0.364045
0.265834	0.390786
0.265834	0.374915
0.265834	0.397512
0.265834	0.397385
0.265834	0.399578
0.265834	0.633608
0.221700	0.217081
0.221700	0.239661
0.221700	0.253422
0.221700	0.241750
0.221700	0.186413
0.221700	0.244273
0.221700	0.242785
0.221700	0.216462
0.221700	0.257616
0.221700	0.253702
0.221700	0.275088
0.292930	0.399792
0.292930	0.412231
0.292930	0.407029
0.292930	0.388625
0.292930	0.398797
0.292930	0.423332
0.292930	0.399853
0.292930	0.425627
0.292930	0.388805
0.292930	0.428862
0.292930	0.449138
0.273690	0.292712
0.273690	0.315833
0.273690	0.314192
0.273690	0.291128
0.273690	0.338249
0.273690	0.310094
0.273690	0.329486
0.273690	0.315587
0.273690	0.299766
0.273690	0.325944
0.273690	0.301636
0.273690	0.308296
0.273690	0.277463
0.273690	0.297131
0.249874	0.274622
0.249874	0.255968
0.249874	0.287840
0.249874	0.353531
0.249874	0.421207
0.298208	0.409534
0.298208	0.416938
0.298208	0.402008
0.298208	0.425002
0.298208	0.441370
0.298208	0.403289
0.298208	0.391588
0.298208	0.433506
0.218348	0.315894
0.218348	0.313400
0.218348	0.327913
0.218348	0.301721
0.218348	0.288979
0.218348	0.330210
0.218348	0.464646
0.203901	0.345423
0.203901	0.331267
0.203901	0.318905
0.203901	0.320347
0.203901	0.387444
0.290735	0.349295
0.290735	0.355162
0.290735	0.349777
0.290735	0.348088
0.290735	0.358740
0.290735	0.396272
0.290735	0.334780
0.290735	0.391735
0.290735	0.411125
0.237169	0.308054
0.237169	0.325302
0.237169	0.298068
0.237169	0.301892
0.237169	0.312022
0.237169	0.321604
0.237169	0.347014
0.237169	0.325732
0.237169	0.328678
0.237169	0.396392
0.237169	0.327604
0.237169	0.377035
0.332551	0.394911
0.332551	0.407800
0.332551	0.402674
0.332551	0.396008
0.332551	0.443289
0.332551	0.367868
0.332551	0.457903
0.332551	0.406854
0.332551	0.429321
0.332551	0.413481
0.099031	0.385829
0.099031	0.385138
0.099031	0.395268
0.099031	0.381994
0.099031	0.392128
0.099031	0.464887
0.099031	0.378777
0.099031	0.437354
0.099031	0.409908
0.159151	0.237405
0.159151	0.236077
0.159151	0.229747
0.159151	0.204469
0.159151	0.224483
0.159151	0.221206
0.159151	0.256458
0.174252	0.335522
0.174252	0.335571
0.174252	0.369767
0.174252	0.353640
0.174252	0.432286
0.174252	0.367914
0.174252	0.376964
0.174252	0.501857
0.174252	0.377032
0.221684	0.405012
0.221684	0.425280
0.221684	0.410890
0.221684	0.398037
0.221684	0.438493
0.221684	0.478898
0.221684	0.469641
0.221684	0.446458
0.221684	0.418283
0.100034	0.287645
0.100034	0.317955
0.100034	0.331646
0.100034	0.313555
0.100034	0.306526
0.100034	0.300323
0.100034	0.339082
0.100034	0.443282
0.123313	0.250114
0.123313	0.277603
0.123313	0.264357
0.123313	0.283685
0.123313	0.307387
0.123313	0.262585
0.123313	0.329964
0.123313	0.297219
0.255863	0.344355
0.255863	0.359923
0.255863	0.365502
0.255863	0.365102
0.255863	0.433378
0.255863	0.390465
0.255863	0.504069
0.255863	0.436739
0.399358	0.406067
0.399358	0.403478
0.399358	0.426398
0.399358	0.490767
0.399358	0.435360
0.399358	0.410661
0.399358	0.394494
0.399358	0.453328
0.399358	0.459603
0.104357	0.297371
0.104357	0.308796
0.104357	0.316562
0.104357	0.319028
0.104357	0.287151
0.421870	0.277952
0.421870	0.325213
0.421870	0.293080
0.421870	0.282286
0.421870	0.276939
0.421870	0.308354
0.421870	0.316132
0.421870	0.600436
0.682210	0.407808
0.682210	0.410746
0.682210	0.411053
0.682210	0.434535
0.682210	0.451828
0.682210	0.447558
0.682210	0.426405
0.682210	0.484031
0.682210	0.442975
0.555311	0.409709
0.555311	0.400614
0.555311	0.403933
0.555311	0.421658
0.555311	0.443209
0.555311	0.351386
0.555311	0.401886
0.555311	0.501408
0.316141	0.364617
0.316141	0.344989
0.316141	0.371301
0.316141	0.422530
0.316141	0.461417
0.316141	0.434919
0.316141	0.375615
0.228537	0.400281
0.228537	0.415558
0.228537	0.398084
0.228537	0.425669
0.228537	0.415217
0.308705	0.361263
0.308705	0.459380
0.308705	0.395247
0.308705	0.394671
0.141816	0.338522
0.141816	0.325128
0.141816	0.345566
0.141816	0.322375
0.141816	0.394636
0.141816	0.337765
0.329369	0.489169
0.329369	0.440640
0.329369	0.439966
0.329369	0.446625
0.329369	0.539930
0.329369	0.496958
0.329369	0.514292
0.329369	0.456455
0.329369	0.520878
0.209961	0.382299
0.209961	0.399834
0.209961	0.378532
0.209961	0.360721
0.209961	0.339553
0.209961	0.408859
0.209961	0.455681
0.199988	0.323109
0.199988	0.325930
0.199988	0.349858
0.199988	0.323620
0.199988	0.429159
0.221960	0.382148
0.221960	0.356988
0.221960	0.363175
0.221960	0.345257
0.221960	0.388448
0.221960	0.387223
0.221960	0.373503
0.221960	0.399854
0.221960	0.392647
0.221960	0.411307
0.221960	0.393425
0.221960	0.419806
0.221960	0.557418
0.221960	0.449648
0.382770	0.372453
0.382770	0.348836
0.382770	0.393937
0.382770	0.376177
0.382770	0.512659
0.382770	0.439817
0.382770	0.374276
0.382770	0.420711
0.382770	0.432787
0.186234	0.406214
0.186234	0.411538
0.186234	0.401824
0.186234	0.397865
0.186234	0.404597
0.186234	0.459582
0.186234	0.434198
0.186234	0.383117
0.186234	0.440043
0.134771	0.225621
0.134771	0.214866
0.134771	0.207010
0.134771	0.192665
0.134771	0.251110
0.198319	0.206926
0.198319	0.215106
0.198319	0.230509
0.198319	0.222498
0.198319	0.219098
0.198319	0.190627
0.198319	0.249573
0.198319	0.269789
0.157432	0.328068
0.157432	0.359657
0.157432	0.363007
0.157432	0.350039
0.157432	0.396875
0.157432	0.349806
0.157432	0.379792
0.157432	0.463045
0.119986	0.254926
0.119986	0.264858
0.119986	0.264459
0.119986	0.245951
0.119986	0.227745
0.119986	0.337904
0.119986	0.269613
0.119986	0.276555
0.121977	0.195740
0.121977	0.217067
0.121977	0.203759
0.121977	0.190394
0.121977	0.179563
0.121977	0.216016
0.121977	0.186575
0.121977	0.216346
0.062085	0.213743
0.062085	0.205561
0.062085	0.227829
0.062085	0.212019
0.062085	0.238928
0.203188	0.317065
0.203188	0.307827
0.203188	0.323757
0.203188	0.317005
0.203188	0.325955
0.203188	0.327007
0.203188	0.290012
0.203188	0.369405
0.203188	0.353276
0.368474	0.282311
0.368474	0.271861
0.368474	0.270427
0.368474	0.270268
0.368474	0.278496
0.368474	0.278873
0.368474	0.252290
0.368474	0.300263
0.368474	0.382481
0.098339	0.146329
0.098339	0.141962
0.098339	0.145399
0.098339	0.127274
0.098339	0.118775
0.098339	0.131968
0.098339	0.138428
0.192210	0.159470
0.192210	0.131974
0.192210	0.150611
0.192210	0.144044
0.192210	0.135094
0.192210	0.239142
0.192210	0.148304
0.159261	0.142157
0.159261	0.137506
0.159261	0.158036
0.159261	0.153588
0.159261	0.150121
0.159261	0.192211
0.159261	0.155633
0.159261	0.206810
0.086941	0.219121
0.086941	0.209754
0.086941	0.222593
0.086941	0.207526
0.086941	0.195517
0.086941	0.203050
0.086941	0.216017
0.086941	0.204585
0.086941	0.218639
0.086941	0.217667
0.086941	0.218844
0.086941	0.255445
0.085993	0.165816
0.085993	0.144533
0.085993	0.138439
0.085993	0.147468
0.085993	0.147550
0.085993	0.135574
0.085993	0.163738
0.083384	0.126338
0.083384	0.150623
0.083384	0.148820
0.083384	0.134051
0.083384	0.123471
0.083384	0.123871
0.083384	0.135216
0.083384	0.105659
0.124851	0.167413
0.124851	0.184046
0.124851	0.198343
0.124851	0.182293
0.124851	0.185094
0.124851	0.160861
0.124851	0.178261
0.124851	0.144872
0.250595	0.335519
0.250595	0.330968
0.250595	0.323957
0.250595	0.305730
0.250595	0.344931
0.250595	0.371474
0.250595	0.375700
0.250595	0.415358
0.250595	0.349794
0.250595	0.352489
0.263525	0.371053
0.263525	0.328002
0.263525	0.387654
0.263525	0.376359
0.263525	0.470603
0.263525	0.350926
0.263525	0.688652
0.263525	0.396602
0.263525	0.418059
0.263525	0.583200
0.263525	0.441126
0.482503	0.333122
0.482503	0.321515
0.482503	0.355612
0.482503	0.366289
0.482503	0.296184
0.482503	0.318145
0.482503	0.346606
0.482503	0.361778
0.482503	0.398579
0.217791	0.262030
0.217791	0.249639
0.217791	0.251944
0.217791	0.237029
0.217791	0.295330
0.217791	0.273189
0.217791	0.608666
0.217791	0.366403
0.247542	0.217486
0.247542	0.193260
0.247542	0.200138
0.247542	0.198316
0.247542	0.220093
0.247542	0.196133
0.247542	0.235892
0.077997	0.218597
0.077997	0.201665
0.077997	0.211069
0.077997	0.216326
0.077997	0.195032
0.077997	0.272223
0.077997	0.188681
0.074911	0.143065
0.074911	0.167317
0.074911	0.171862
0.074911	0.167678
0.074911	0.165265
0.073480	0.260561
0.073480	0.246335
0.073480	0.255815
0.073480	0.253160
0.073480	0.235365
0.073480	0.279628
0.073480	0.269418
0.073480	0.287921
0.073480	0.289063
0.073480	0.297581
0.073480	0.263017
0.073480	0.324427
0.073480	0.292437
0.073480	0.280184
0.081450	0.208736
0.081450	0.239856
0.081450	0.246034
0.081450	0.234089
0.081450	0.235675
0.081450	0.251140
0.081450	0.243343
0.081450	0.332244
0.177093	0.238044
0.177093	0.224128
0.177093	0.235213
0.177093	0.254336
0.177093	0.239484
0.177093	0.269577
0.177093	0.283335
0.153727	0.353799
0.153727	0.353622
0.153727	0.372050
0.153727	0.307380
0.153727	0.326420
0.153727	0.367893
0.153727	0.355113
0.153727	0.387235
0.153727	0.314542
0.270479	0.281873
0.270479	0.277308
0.270479	0.292908
0.270479	0.280021
0.270479	0.259306
0.270479	0.280964
0.270479	0.274045
0.270479	0.323016
0.270479	0.304384
0.153198	0.177777
0.153198	0.171342
0.153198	0.188853
0.153198	0.259030
0.153198	0.158418
0.153198	0.157719
0.153198	0.151831
0.153198	0.149396
0.184213	0.180957
0.184213	0.250930
0.184213	0.201310
0.184213	0.196274
0.184213	0.202228
0.184213	0.208026
0.184213	0.193289
0.149388	0.292220
0.149388	0.298655
0.149388	0.265081
0.149388	0.330822
0.149388	0.338202
0.149388	0.270894
0.149388	0.241930
0.149388	0.251914
0.125572	0.182574
0.125572	0.144706
0.125572	0.189156
0.125572	0.246982
0.125572	0.168561
0.125572	0.160507
0.125572	0.152687
0.125572	0.171912
0.125572	0.145125
0.125572	0.159187
0.125572	0.153996
0.236392	0.155372
0.236392	0.182547
0.236392	0.185144
0.236392	0.217777
0.236392	0.201629
0.236392	0.237235
0.236392	0.235062
0.236392	0.324536
0.236392	0.273932
0.106413	0.103873
0.106413	0.076311
0.106413	0.128756
0.106413	0.210963
0.106413	0.110898
0.106413	0.101819
0.106413	0.125787
0.144514	0.238626
0.144514	0.239158
0.144514	0.329812
0.144514	0.346428
0.144514	0.261454
0.144514	0.243970
0.144514	0.182464
0.144514	0.262713
0.241048	0.480440
0.241048	0.454525
0.241048	0.458905
0.241048	0.498377
0.241048	0.542124
0.241048	0.578010
0.241048	0.443774
0.169544	0.478598
0.169544	0.438405
0.169544	0.430187
0.169544	0.367305
0.169544	0.444509
0.169544	0.562399
0.169544	0.539565
0.251730	0.466968
0.251730	0.393810
0.251730	0.353847
0.251730	0.503246
0.251730	0.374486
0.251730	0.541143
0.251730	0.721043
0.187288	0.247873
0.187288	0.174764
0.187288	0.123146
0.187288	0.155324
0.170650	0.135796
0.170650	0.105680
0.170650	0.110949
0.170650	0.132873
0.170650	0.101045
0.170650	0.114051
0.170650	0.105277
0.170650	0.115716
0.104745	0.096472
0.104745	0.101109
0.104745	0.105319
0.104745	0.114162
0.104745	0.109380
0.104745	0.132430
0.070191	0.124935
0.070191	0.114763
0.070191	0.129192
0.070191	0.127415
0.070191	0.126697
0.070191	0.119788
0.070191	0.118371
0.070191	0.118583
0.070191	0.107288
0.070191	0.106606
0.070191	0.108837
0.099530	0.120326
0.099530	0.122910
0.099530	0.140940
0.099530	0.186754
0.099530	0.152673
0.099530	0.127768
0.099530	0.184310
0.099530	0.128326
0.134592	0.155823
0.134592	0.248862
0.134592	0.150347
0.134592	0.211402
0.087786	0.143108
0.087786	0.136285
0.087786	0.142801
0.087786	0.149536
0.087786	0.113883
0.087786	0.116021
0.087786	0.134691
0.134472	0.152717
0.134472	0.156116
0.134472	0.159890
0.134472	0.147601
0.308076	0.390454
0.308076	0.281736
0.308076	0.336986
0.308076	0.402095
0.308076	0.368099
0.308076	0.301797
0.308076	0.272741
0.308076	0.320338
0.308076	0.302945
0.308076	0.324028
0.308076	0.332402
0.268365	0.274308
0.268365	0.290970
0.268365	0.343900
0.268365	0.185500
0.268365	0.233008
0.268365	0.254544
0.268365	0.278426
