Ground Truth	Predictions
0.103947	0.325594
0.103947	0.292255
0.103947	0.271470
0.103947	0.257954
0.103947	0.256631
0.103947	0.298408
0.103947	0.254444
0.103947	0.268149
0.103947	0.222419
0.223701	0.227906
0.223701	0.158364
0.223701	0.157503
0.223701	0.158238
0.223701	0.176754
0.223701	0.229486
0.223701	0.139889
0.223701	0.225356
0.352903	0.259944
0.352903	0.210370
0.352903	0.226255
0.352903	0.218217
0.352903	0.283824
0.352903	0.269791
0.352903	0.151699
0.352903	0.192511
0.352903	0.216986
0.161287	0.268763
0.161287	0.268829
0.161287	0.264001
0.161287	0.201147
0.161287	0.208862
0.161287	0.205432
0.161287	0.201375
0.161287	0.207477
0.161287	0.188816
0.191472	0.244497
0.191472	0.244447
0.191472	0.249956
0.191472	0.238665
0.191472	0.227334
0.191472	0.235345
0.191472	0.191126
0.191472	0.271176
0.191472	0.271983
0.117969	0.155767
0.117969	0.157932
0.117969	0.153967
0.117969	0.146821
0.117969	0.143394
0.117969	0.159938
0.117969	0.151636
0.117969	0.176420
0.117969	0.152278
0.117969	0.183827
0.117969	0.160771
0.113484	0.260826
0.113484	0.269005
0.113484	0.272711
0.113484	0.261413
0.113484	0.275191
0.113484	0.295122
0.113484	0.243189
0.113484	0.262010
0.113484	0.255645
0.201640	0.279634
0.201640	0.291671
0.201640	0.289452
0.201640	0.291897
0.201640	0.293922
0.201640	0.270849
0.201640	0.234635
0.201640	0.301031
0.201640	0.251095
0.112425	0.168018
0.112425	0.181818
0.112425	0.183391
0.112425	0.169556
0.112425	0.165210
0.112425	0.224136
0.112425	0.154779
0.112425	0.180109
0.107268	0.235298
0.107268	0.274648
0.107268	0.260419
0.107268	0.278033
0.107268	0.260154
0.107268	0.238684
0.107268	0.233108
0.107268	0.228322
0.133714	0.325446
0.133714	0.329058
0.133714	0.345091
0.133714	0.307568
0.133714	0.298250
0.133714	0.325315
0.133714	0.302146
0.133714	0.329569
0.133714	0.296445
0.127039	0.311278
0.127039	0.265546
0.127039	0.288974
0.127039	0.284635
0.127039	0.281556
0.127039	0.306032
0.167386	0.258941
0.167386	0.273013
0.167386	0.263723
0.167386	0.272114
0.084823	0.241064
0.084823	0.251045
0.084823	0.246873
0.084823	0.234093
0.084823	0.247073
0.084823	0.240210
0.089656	0.245706
0.089656	0.219971
0.089656	0.239349
0.089656	0.241594
0.089656	0.268528
0.089656	0.227810
0.089656	0.268763
0.089656	0.224993
0.089656	0.227288
0.089656	0.224673
0.089656	0.241780
0.089656	0.221944
0.089656	0.228588
0.089656	0.227222
0.178006	0.236552
0.178006	0.216226
0.178006	0.221618
0.178006	0.216325
0.178006	0.242874
0.131790	0.231631
0.131790	0.212999
0.131790	0.226671
0.131790	0.226992
0.131790	0.222409
0.201388	0.195104
0.201388	0.198867
0.201388	0.191221
0.201388	0.207613
0.201388	0.177725
0.201388	0.188014
0.201388	0.227683
0.201388	0.225283
0.268434	0.202645
0.268434	0.205453
0.268434	0.212751
0.268434	0.227353
0.268434	0.228919
0.268434	0.270010
0.268434	0.270764
0.268434	0.270864
0.268434	0.305931
0.268434	0.298218
0.268434	0.306489
0.268434	0.351767
0.298709	0.283392
0.298709	0.276594
0.298709	0.284385
0.298709	0.267945
0.298709	0.229611
0.298709	0.229055
0.298709	0.226624
0.298709	0.223702
0.298709	0.298975
0.176509	0.251021
0.176509	0.256872
0.176509	0.272389
0.176509	0.268639
0.176509	0.241502
0.176509	0.222965
0.176509	0.228913
0.176509	0.230113
0.143300	0.179143
0.143300	0.223937
0.143300	0.214278
0.143300	0.226856
0.143300	0.212370
0.143300	0.217421
0.143300	0.237594
0.143300	0.232414
0.494913	0.337092
0.494913	0.355773
0.494913	0.348031
0.494913	0.371301
0.494913	0.353428
0.494913	0.381393
0.494913	0.359189
0.494913	0.307530
0.494913	0.284675
0.494913	0.284130
0.494913	0.248722
0.320463	0.323919
0.320463	0.293299
0.320463	0.325405
0.320463	0.305161
0.320463	0.270944
0.320463	0.233969
0.320463	0.260585
0.320463	0.250602
0.320463	0.231726
0.320463	0.244880
0.232834	0.319292
0.232834	0.280155
0.232834	0.344139
0.232834	0.335990
0.232834	0.271245
0.232834	0.269320
0.232834	0.268014
0.232834	0.299965
0.232834	0.239362
0.220776	0.263590
0.220776	0.279635
0.220776	0.277473
0.220776	0.244635
0.220776	0.306100
0.138578	0.319622
0.138578	0.235630
0.138578	0.291581
0.138578	0.351100
0.138578	0.262310
0.138578	0.290071
0.284562	0.291432
0.284562	0.298813
0.284562	0.259619
0.284562	0.356742
0.284562	0.301100
0.284562	0.269660
0.284562	0.400760
0.284562	0.381041
0.087046	0.315672
0.087046	0.330159
0.087046	0.276988
0.087046	0.321825
0.087046	0.312728
0.087046	0.336108
0.087046	0.344081
0.087046	0.360548
0.087046	0.339643
0.087046	0.399235
0.087046	0.402294
0.289852	0.229417
0.289852	0.248582
0.289852	0.263447
0.289852	0.271098
0.289852	0.237771
0.289852	0.193269
0.289852	0.258870
0.205501	0.249340
0.205501	0.229395
0.205501	0.246862
0.205501	0.233864
0.205501	0.274366
0.205501	0.268649
0.401844	0.365162
0.401844	0.354258
0.401844	0.360319
0.401844	0.354040
0.401844	0.350372
0.401844	0.347556
0.401844	0.325504
0.401844	0.356062
0.401844	0.321923
0.401844	0.331584
0.401844	0.344110
0.223080	0.274091
0.223080	0.274659
0.223080	0.275243
0.223080	0.266124
0.223080	0.276525
0.223080	0.303311
0.223080	0.402512
0.053627	0.264295
0.053627	0.260349
0.053627	0.286083
0.053627	0.306373
0.053627	0.288838
0.136487	0.321679
0.136487	0.332537
0.136487	0.326692
0.136487	0.327880
0.136487	0.312827
0.136487	0.331480
0.136487	0.304275
0.136487	0.344890
0.136487	0.299517
0.186283	0.259675
0.186283	0.266166
0.186283	0.270216
0.186283	0.270856
0.186283	0.265278
0.186283	0.260821
0.186283	0.260913
0.186283	0.260173
0.008417	0.318557
0.008417	0.305095
0.008417	0.281268
0.008417	0.293170
0.008417	0.288268
0.008417	0.276144
0.008417	0.308019
0.060620	0.331599
0.060620	0.306687
0.060620	0.317248
0.060620	0.301459
0.060620	0.295420
0.060620	0.318347
0.060620	0.293741
0.060620	0.289728
0.060620	0.323435
0.052126	0.306352
0.052126	0.302907
0.052126	0.329798
0.052126	0.336339
0.052126	0.291056
0.052126	0.302104
0.052126	0.298990
0.052126	0.307104
0.225866	0.325035
0.225866	0.338442
0.225866	0.334115
0.225866	0.365315
0.225866	0.355170
0.225866	0.331607
0.225866	0.325822
0.225866	0.312290
0.225866	0.318531
0.041321	0.320804
0.041321	0.327524
0.041321	0.332065
0.041321	0.340862
0.041321	0.310235
0.041321	0.318158
0.041321	0.312478
0.041321	0.329660
0.151455	0.345351
0.151455	0.352188
0.151455	0.380420
0.151455	0.424007
0.151455	0.336418
0.151455	0.344608
0.151455	0.315939
0.151455	0.317971
0.151455	0.321968
0.151455	0.344403
0.151455	0.373740
0.075707	0.342774
0.075707	0.347721
0.075707	0.358743
0.075707	0.382096
0.075707	0.365829
0.075707	0.337573
0.075707	0.346672
0.075707	0.353031
0.186917	0.430121
0.186917	0.437690
0.186917	0.418383
0.186917	0.433341
0.186917	0.433655
0.186917	0.421096
0.186917	0.438510
0.186917	0.438342
0.186917	0.415220
0.186917	0.437752
0.186917	0.416201
0.267865	0.375173
0.267865	0.395007
0.267865	0.387404
0.267865	0.360845
0.267865	0.378938
0.267865	0.390707
0.267865	0.410582
0.267865	0.424383
0.267865	0.388974
0.267865	0.391482
0.267865	0.372852
0.267865	0.420349
0.459373	0.483087
0.459373	0.461076
0.459373	0.456623
0.459373	0.483395
0.459373	0.451512
0.459373	0.448056
0.459373	0.349685
0.459373	0.365009
0.459373	0.364775
0.459373	0.386651
0.459373	0.366731
0.542193	0.360363
0.542193	0.363399
0.542193	0.383551
0.542193	0.394489
0.542193	0.363058
0.542193	0.368229
0.542193	0.376057
0.542193	0.350223
0.306340	0.284612
0.306340	0.303277
0.306340	0.284324
0.306340	0.284219
0.306340	0.278100
0.306340	0.372853
0.306340	0.394285
0.164644	0.260115
0.164644	0.237300
0.164644	0.277476
0.164644	0.281071
0.164644	0.239813
0.164644	0.282882
0.061617	0.299127
0.061617	0.292636
0.061617	0.277937
0.061617	0.267499
0.061617	0.284162
0.061617	0.260018
0.061617	0.256696
0.124289	0.336118
0.124289	0.266120
0.124289	0.277570
0.124289	0.278568
0.124289	0.266927
0.124289	0.322251
0.124289	0.330527
0.124289	0.273406
0.124289	0.329910
0.124289	0.310687
0.124289	0.326270
0.107563	0.343460
0.107563	0.344984
0.107563	0.357435
0.107563	0.362432
0.107563	0.396819
0.107563	0.312319
0.107563	0.331819
0.107563	0.296073
0.059598	0.364174
0.059598	0.379079
0.059598	0.375930
0.059598	0.414172
0.059598	0.395593
0.059598	0.379277
0.059598	0.374654
0.059598	0.422833
0.059598	0.370885
0.059598	0.403231
0.073026	0.296072
0.073026	0.369914
0.073026	0.338205
0.073026	0.338559
0.073026	0.322879
0.073026	0.317547
0.031972	0.449676
0.031972	0.424035
0.031972	0.448314
0.031972	0.441367
0.031972	0.440440
0.031972	0.405444
0.031972	0.387322
0.031972	0.410046
0.031972	0.379901
0.031972	0.378385
0.031972	0.375626
0.106752	0.267387
0.106752	0.303465
0.106752	0.278977
0.106752	0.269275
0.106752	0.241516
0.106752	0.283964
0.106752	0.284003
0.106752	0.329525
0.110228	0.375577
0.110228	0.343418
0.110228	0.344628
0.110228	0.362989
0.110228	0.339608
0.110228	0.318790
0.110228	0.323043
0.110228	0.340804
0.110228	0.286245
0.108876	0.269377
0.108876	0.251887
0.108876	0.257584
0.108876	0.258551
0.108876	0.242503
0.108876	0.218441
0.108876	0.223041
0.108876	0.235497
0.211778	0.361764
0.211778	0.335685
0.211778	0.327815
0.211778	0.393030
0.211778	0.396409
0.211778	0.326446
0.211778	0.326451
0.211778	0.336497
0.211778	0.343079
0.211778	0.374958
0.100586	0.343872
0.100586	0.328551
0.100586	0.326499
0.100586	0.334694
0.100586	0.349666
0.100586	0.331691
0.100586	0.346028
0.100586	0.405234
0.100586	0.359294
0.158872	0.323973
0.158872	0.297943
0.158872	0.317028
0.158872	0.324132
0.158872	0.306078
0.158872	0.298528
0.158872	0.234563
0.158872	0.188430
0.158872	0.183430
0.239617	0.303035
0.239617	0.279989
0.239617	0.309875
0.239617	0.322581
0.239617	0.292837
0.239617	0.268520
0.239617	0.234851
0.239617	0.319151
0.132227	0.295182
0.132227	0.306764
0.132227	0.321871
0.132227	0.328482
0.132227	0.322287
0.132227	0.312903
0.132227	0.324034
0.132227	0.310491
0.039085	0.318141
0.039085	0.312262
0.039085	0.322499
0.039085	0.346716
0.039085	0.317063
0.039085	0.304807
0.039085	0.331351
0.039085	0.320717
0.051795	0.294686
0.051795	0.292574
0.051795	0.305766
0.051795	0.310881
0.051795	0.292512
0.051795	0.301844
0.051795	0.259740
0.051795	0.249307
0.051795	0.274024
0.051795	0.291532
0.051795	0.317945
0.051795	0.294153
0.045402	0.220476
0.045402	0.253831
0.045402	0.211384
0.045402	0.232470
0.045402	0.221563
0.045402	0.301935
0.045402	0.215396
0.045402	0.229480
0.094234	0.326013
0.094234	0.276674
0.094234	0.312724
0.094234	0.321334
0.094234	0.323483
0.094234	0.316700
0.094234	0.343740
0.094234	0.308405
0.059563	0.245327
0.059563	0.200148
0.059563	0.215552
0.059563	0.223078
0.059563	0.193410
0.130719	0.214332
0.130719	0.227648
0.130719	0.287987
0.130719	0.214509
0.130719	0.219630
0.130719	0.221628
0.123949	0.371382
0.123949	0.349323
0.123949	0.345369
0.123949	0.384580
0.123949	0.352187
0.123949	0.353135
0.123949	0.355860
0.123949	0.399452
0.091699	0.256764
0.091699	0.257175
0.091699	0.280252
0.091699	0.295685
0.091699	0.255134
0.091699	0.275235
0.091699	0.261370
0.091699	0.207557
0.169785	0.425395
0.169785	0.399860
0.169785	0.375140
0.169785	0.404944
0.169785	0.406849
0.169785	0.379567
0.169785	0.432078
0.169785	0.409703
0.169785	0.254468
0.121223	0.307591
0.121223	0.320322
0.121223	0.300339
0.121223	0.314921
0.121223	0.309704
0.121223	0.293854
0.121223	0.343685
0.121223	0.416622
0.140551	0.368189
0.140551	0.363153
0.140551	0.344855
0.140551	0.370577
0.140551	0.389877
0.140551	0.369532
0.140551	0.311345
0.140551	0.319920
0.140551	0.190795
0.198674	0.308846
0.198674	0.251852
0.198674	0.291410
0.198674	0.276658
0.198674	0.287932
0.198674	0.229009
0.198674	0.206619
0.198674	0.252408
0.198674	0.215421
0.105290	0.243745
0.105290	0.243619
0.105290	0.254363
0.105290	0.246945
0.105290	0.265684
0.114318	0.384180
0.114318	0.430878
0.114318	0.432399
0.114318	0.418841
0.114318	0.386837
0.114318	0.363201
0.114318	0.341893
0.114318	0.388690
0.114318	0.359646
0.219591	0.446465
0.219591	0.460462
0.219591	0.469462
0.219591	0.460601
0.219591	0.424542
0.219591	0.420530
0.219591	0.428036
0.219591	0.439274
0.219591	0.411913
0.219591	0.437718
0.219591	0.458529
0.127304	0.370946
0.127304	0.263660
0.127304	0.295682
0.127304	0.358561
0.127304	0.362064
0.127304	0.349353
0.119398	0.327762
0.119398	0.291383
0.119398	0.312644
0.119398	0.284131
0.119398	0.311669
0.119398	0.268863
0.119398	0.333947
0.119398	0.264491
0.119398	0.303393
0.119398	0.285354
0.119398	0.297051
0.119398	0.273259
0.080400	0.224243
0.080400	0.220283
0.080400	0.213941
0.080400	0.190871
0.080400	0.214873
0.080400	0.249800
0.080400	0.240494
0.080400	0.252310
0.088717	0.213253
0.088717	0.174299
0.088717	0.228775
0.088717	0.208627
0.088717	0.193259
0.088717	0.174255
0.088717	0.171972
0.088717	0.118102
0.080227	0.243073
0.080227	0.246190
0.080227	0.268219
0.080227	0.241207
0.080227	0.193455
0.080227	0.241029
0.080227	0.151968
0.219882	0.417804
0.219882	0.401936
0.219882	0.415781
0.219882	0.411592
0.219882	0.401417
0.219882	0.360023
0.219882	0.346532
0.219882	0.396172
0.219882	0.360229
0.106907	0.253612
0.106907	0.216518
0.106907	0.235171
0.106907	0.289658
0.124241	0.212155
0.124241	0.230769
0.124241	0.236311
0.124241	0.235577
0.124241	0.226735
0.124241	0.205081
0.124241	0.219821
0.138094	0.263333
0.138094	0.276157
0.138094	0.268076
0.138094	0.256225
0.138094	0.262997
0.138094	0.276879
0.138094	0.277379
0.138094	0.290634
0.107592	0.266475
0.107592	0.230284
0.107592	0.211784
0.107592	0.277278
0.107592	0.226639
0.107592	0.254984
0.107592	0.283903
0.029962	0.303016
0.029962	0.221113
0.029962	0.308494
0.029962	0.339999
0.029962	0.323628
0.029962	0.224481
0.029962	0.312900
0.029962	0.232619
0.086103	0.190330
0.086103	0.177467
0.086103	0.187832
0.086103	0.187149
0.086103	0.199941
0.086103	0.203582
0.086103	0.208305
0.079330	0.186858
0.079330	0.153359
0.079330	0.176836
0.079330	0.173200
0.079330	0.183491
0.079330	0.214223
0.048583	0.177273
0.048583	0.158411
0.048583	0.142821
0.048583	0.137688
0.075599	0.263442
0.075599	0.256647
0.075599	0.223171
0.075599	0.234415
0.075599	0.228164
0.075599	0.243615
0.075599	0.264774
0.075599	0.275958
0.075599	0.316603
0.075599	0.317604
0.071053	0.141683
0.071053	0.144202
0.071053	0.129319
0.071053	0.124425
0.071053	0.152501
0.071053	0.142234
0.071053	0.154866
0.071053	0.152378
0.071053	0.131867
0.071053	0.135667
0.071053	0.128906
0.061585	0.149570
0.061585	0.131878
0.061585	0.151281
0.061585	0.141031
0.061585	0.145145
0.061585	0.138312
0.061585	0.153455
0.061585	0.153153
0.061585	0.139658
0.061585	0.153289
0.061585	0.151700
0.061585	0.142343
0.061585	0.154929
0.061585	0.169252
0.237310	0.224631
0.237310	0.219527
0.237310	0.267057
0.237310	0.292097
0.237310	0.201733
0.237310	0.306566
0.237310	0.247727
0.237310	0.251955
0.237310	0.327863
0.126102	0.168679
0.126102	0.177318
0.126102	0.189374
0.126102	0.181701
0.126102	0.182025
0.126102	0.198475
0.126102	0.182800
0.126102	0.219469
0.154968	0.111674
0.154968	0.137219
0.154968	0.145057
0.154968	0.137552
0.154968	0.120600
0.154968	0.139385
0.154968	0.117748
0.271181	0.220194
0.271181	0.227065
0.271181	0.243196
0.271181	0.265337
0.271181	0.215457
0.271181	0.201504
0.271181	0.313053
0.271181	0.196309
0.271181	0.267712
0.271181	0.209305
0.271181	0.186180
0.271181	0.196510
0.271181	0.195655
0.271181	0.192240
0.279698	0.328888
0.279698	0.323376
0.279698	0.342731
0.279698	0.369057
0.279698	0.343103
0.279698	0.311763
0.279698	0.343693
0.279698	0.331871
0.279698	0.352604
0.122520	0.326401
0.122520	0.317592
0.122520	0.347289
0.122520	0.327339
0.122520	0.363788
0.122520	0.349332
0.122520	0.351735
0.122520	0.382975
0.122520	0.361870
0.462028	0.319883
0.462028	0.301230
0.462028	0.345171
0.462028	0.350638
0.462028	0.309550
0.462028	0.298853
0.462028	0.321707
0.462028	0.321977
0.462028	0.171029
0.252426	0.201869
0.252426	0.208594
0.252426	0.206383
0.252426	0.202381
0.252426	0.205584
0.252426	0.181868
0.272041	0.393707
0.272041	0.398741
0.272041	0.384257
0.272041	0.382292
0.272041	0.383804
0.272041	0.389241
0.272041	0.347001
0.272041	0.354887
0.272041	0.304405
0.272041	0.350298
0.272041	0.325404
0.144778	0.192314
0.144778	0.116347
0.144778	0.129831
0.144778	0.103450
0.050585	0.094761
0.050585	0.065668
0.050585	0.094201
0.050585	0.084636
0.050585	0.082001
0.050585	0.070296
0.050585	0.088594
0.118556	0.074216
0.118556	0.093454
0.118556	0.114092
0.118556	0.084793
0.118556	0.077007
0.118556	0.092973
0.118556	0.108085
0.170703	0.214936
0.170703	0.210455
0.170703	0.263096
0.170703	0.247127
0.170703	0.222121
0.170703	0.220727
0.170703	0.229208
0.170703	0.239683
0.243359	0.225614
0.243359	0.260899
0.243359	0.286005
0.243359	0.309948
0.243359	0.252276
0.243359	0.215065
0.243359	0.225941
0.243359	0.199097
0.227062	0.379551
0.227062	0.413079
0.227062	0.400872
0.227062	0.350983
0.227062	0.429865
0.227062	0.371803
0.227062	0.368181
0.227062	0.390077
0.297108	0.444926
0.297108	0.425397
0.297108	0.443600
0.297108	0.448552
0.297108	0.426961
0.297108	0.442115
0.297108	0.397799
0.297108	0.413306
0.297108	0.403646
0.297108	0.406011
0.297108	0.416456
0.163978	0.288133
0.163978	0.257560
0.163978	0.262624
0.163978	0.247457
0.163978	0.290173
0.163978	0.248850
0.163978	0.287121
0.075972	0.388098
0.075972	0.362823
0.075972	0.389446
0.075972	0.396573
0.075972	0.345660
0.075972	0.334315
0.075972	0.332105
0.075972	0.356842
0.267376	0.450121
0.267376	0.452155
0.267376	0.454803
0.267376	0.447590
0.267376	0.454250
0.267376	0.440682
0.267376	0.486560
0.267376	0.514538
0.267376	0.501247
0.320984	0.527702
0.320984	0.508637
0.320984	0.505785
0.320984	0.489307
0.320984	0.502133
0.320984	0.500431
0.320984	0.495246
0.320984	0.536691
0.320984	0.502810
0.108739	0.455795
0.108739	0.417297
0.108739	0.443267
0.108739	0.432423
0.205741	0.403898
0.205741	0.359840
0.205741	0.405191
0.205741	0.391113
0.205741	0.393692
0.205741	0.405687
0.135221	0.348329
0.135221	0.349035
0.135221	0.365097
0.135221	0.372650
0.135221	0.335567
0.135221	0.352403
0.135221	0.335962
0.135221	0.447262
0.205968	0.372639
0.205968	0.364143
0.205968	0.404843
0.205968	0.406525
0.205968	0.365877
0.205968	0.362020
0.205968	0.401493
0.205968	0.405399
0.205968	0.431786
0.195034	0.279816
0.195034	0.287212
0.195034	0.265859
0.195034	0.245919
0.195034	0.261063
0.195034	0.297867
0.189296	0.262256
0.189296	0.256468
0.189296	0.242757
0.189296	0.251339
0.189296	0.252291
0.078179	0.293088
0.078179	0.258976
0.078179	0.281370
0.078179	0.284461
0.078179	0.264678
0.078179	0.281493
0.078179	0.242836
0.078179	0.293278
0.078179	0.257746
0.181316	0.187253
0.181316	0.196980
0.181316	0.183497
0.181316	0.167598
0.181316	0.191037
0.181316	0.192172
0.181316	0.176197
0.181316	0.212091
0.181316	0.203332
0.181316	0.232770
0.181316	0.199903
0.181316	0.183392
0.291196	0.207215
0.291196	0.196187
0.291196	0.201004
0.291196	0.203589
0.291196	0.176697
0.291196	0.204746
0.291196	0.219410
0.291196	0.194798
0.291196	0.248324
0.291196	0.202760
0.291196	0.199820
0.291196	0.243672
0.291196	0.194846
0.291196	0.209711
0.154509	0.189572
0.154509	0.203102
0.154509	0.171971
0.154509	0.184428
0.154509	0.178672
0.154509	0.156089
0.154509	0.167278
0.205461	0.319992
0.205461	0.281648
0.205461	0.287140
0.205461	0.302317
0.205461	0.318194
0.205461	0.301804
0.205461	0.290157
0.205461	0.233402
0.205461	0.313655
0.139217	0.324915
0.139217	0.307904
0.139217	0.311412
0.139217	0.313885
0.139217	0.308848
0.139217	0.282410
0.139217	0.248820
0.139217	0.241884
0.139217	0.225218
0.212306	0.324481
0.212306	0.313921
0.212306	0.316533
0.212306	0.320916
0.212306	0.327145
0.212306	0.313730
0.212306	0.315573
0.212306	0.281919
0.212306	0.327900
0.127534	0.305931
0.127534	0.292563
0.127534	0.297087
0.127534	0.296360
0.127534	0.266066
0.127534	0.307888
0.127534	0.234724
0.127534	0.221570
0.127534	0.180796
0.229239	0.280371
0.229239	0.301483
0.229239	0.309699
0.229239	0.323249
0.229239	0.303633
0.229239	0.237861
0.229239	0.273122
0.229239	0.209673
0.229239	0.187639
0.148855	0.291211
0.148855	0.294302
0.148855	0.298218
0.148855	0.321624
0.148855	0.291106
0.148855	0.270395
0.148855	0.235258
0.148855	0.274292
0.148855	0.256231
0.069734	0.162899
0.069734	0.188114
0.069734	0.165531
0.069734	0.161805
0.069734	0.193244
0.069734	0.215316
0.069734	0.195236
0.069734	0.247845
0.175124	0.193465
0.175124	0.156179
0.175124	0.180051
0.175124	0.213830
0.175124	0.172579
0.175124	0.159717
0.175124	0.193676
0.175124	0.295778
0.079073	0.179006
0.079073	0.198772
0.079073	0.182697
0.079073	0.179793
0.079073	0.195515
0.079073	0.210190
0.079073	0.212539
0.079073	0.269398
0.079073	0.202821
0.079073	0.245727
0.079073	0.209870
0.144000	0.241075
0.144000	0.246050
0.144000	0.233718
0.144000	0.279062
0.144000	0.246104
0.144000	0.233496
0.144000	0.199289
0.144000	0.225035
0.144000	0.216796
0.066727	0.228592
0.066727	0.227361
0.066727	0.239446
0.066727	0.319971
0.066727	0.318613
0.066727	0.225018
0.066727	0.225683
0.066727	0.322635
0.085625	0.180559
0.085625	0.203172
0.085625	0.186084
0.085625	0.232735
0.085625	0.188893
0.085625	0.181956
0.085625	0.209570
0.132536	0.229094
0.132536	0.219597
0.132536	0.225394
0.132536	0.215611
0.132536	0.209437
0.132536	0.204626
0.132536	0.256141
0.132536	0.257916
0.088498	0.163632
0.088498	0.162790
0.088498	0.169427
0.088498	0.164751
0.088498	0.159504
0.088498	0.174462
0.088498	0.183777
0.088498	0.186165
0.181489	0.196961
0.181489	0.186804
0.181489	0.211028
0.181489	0.186778
0.181489	0.180818
0.181489	0.177880
0.181489	0.202049
0.181489	0.173697
0.181489	0.212389
0.068571	0.127114
0.068571	0.140785
0.068571	0.152116
0.068571	0.137470
0.068571	0.140059
0.068571	0.138743
0.068571	0.139562
0.068571	0.144844
0.174286	0.151183
0.174286	0.153615
0.174286	0.172339
0.174286	0.167990
0.174286	0.163873
0.174286	0.199448
0.174286	0.202007
0.163101	0.207601
0.163101	0.182709
0.163101	0.202970
0.163101	0.206316
0.163101	0.199060
0.163101	0.206287
0.163101	0.202635
0.163101	0.214508
0.297463	0.203014
0.297463	0.235169
0.297463	0.231340
0.297463	0.299165
0.297463	0.202685
0.297463	0.237901
0.297463	0.281219
0.297463	0.290139
0.111215	0.262509
0.111215	0.270526
0.111215	0.286987
0.111215	0.272830
0.111215	0.279191
0.111215	0.243333
0.186027	0.339682
0.186027	0.307550
0.186027	0.324956
0.186027	0.416813
0.186027	0.312931
0.186027	0.301681
0.186027	0.306318
0.186027	0.321165
0.186027	0.322042
0.152368	0.329458
0.152368	0.301068
0.152368	0.336173
0.152368	0.343632
0.152368	0.378568
0.152368	0.292781
0.152368	0.296374
0.152368	0.294531
0.171065	0.311270
0.171065	0.278111
0.171065	0.305769
0.171065	0.324290
0.171065	0.302582
0.171065	0.300483
0.171065	0.342576
0.171065	0.347712
0.189172	0.359769
0.189172	0.366480
0.189172	0.368125
0.189172	0.389767
0.189172	0.337043
0.189172	0.340599
0.189172	0.317450
0.189172	0.345891
0.189172	0.339893
0.171735	0.334350
0.171735	0.318567
0.171735	0.348588
0.171735	0.372047
0.171735	0.287299
0.171735	0.306267
0.437781	0.364391
0.437781	0.355493
0.437781	0.379852
0.437781	0.375661
0.437781	0.372182
0.437781	0.368884
0.437781	0.386418
0.437781	0.358039
0.437781	0.383297
0.437781	0.412527
0.437781	0.362866
0.437781	0.330983
0.171168	0.315778
0.171168	0.302514
0.171168	0.322023
0.171168	0.290965
0.171168	0.250425
0.171168	0.301781
0.171168	0.297259
0.171168	0.312111
0.171168	0.276986
0.171168	0.355016
0.171168	0.269123
0.171168	0.275421
0.123925	0.251723
0.123925	0.241825
0.123925	0.230826
0.123925	0.238521
0.123925	0.232402
0.123925	0.271943
0.123925	0.202153
0.231311	0.218312
0.231311	0.171983
0.231311	0.190214
0.231311	0.214707
0.231311	0.236255
0.231311	0.295440
0.231311	0.206820
0.206325	0.334220
0.206325	0.320832
0.206325	0.332859
0.206325	0.338272
0.206325	0.286079
0.206325	0.300487
0.206325	0.310462
0.206325	0.327694
0.206325	0.318449
0.206325	0.345387
0.206325	0.366457
0.296319	0.287221
0.296319	0.267639
0.296319	0.277572
0.296319	0.263190
0.296319	0.252528
0.296319	0.277830
0.296319	0.238723
0.296319	0.241768
0.296319	0.244471
0.105712	0.170083
0.105712	0.160204
0.105712	0.157229
0.105712	0.154488
0.105712	0.142063
0.105712	0.158190
0.105712	0.164740
0.105712	0.140357
0.085240	0.204859
0.085240	0.196134
0.085240	0.192304
0.085240	0.206343
0.085240	0.183677
0.085240	0.192333
0.085240	0.199320
0.085240	0.214592
0.085240	0.202576
0.134622	0.145706
0.134622	0.123425
0.134622	0.148772
0.134622	0.137232
0.134622	0.130906
0.134622	0.145872
0.134622	0.140799
0.134622	0.139615
0.141280	0.211805
0.141280	0.192439
0.141280	0.187974
0.141280	0.200939
0.141280	0.201240
0.141280	0.177450
0.141280	0.177748
0.141280	0.227259
0.141280	0.194146
0.131537	0.182043
0.131537	0.168189
0.131537	0.172634
0.131537	0.175233
0.131537	0.179019
0.131537	0.195966
0.131537	0.215410
0.131537	0.229712
0.272560	0.190102
0.272560	0.188521
0.272560	0.185720
0.272560	0.195941
0.272560	0.202702
0.272560	0.163057
0.272560	0.265886
0.272560	0.235841
0.237304	0.209018
0.237304	0.207887
0.237304	0.207820
0.237304	0.294673
0.237304	0.200765
0.237304	0.212971
0.237304	0.224671
0.117388	0.214825
0.117388	0.221918
0.117388	0.224530
0.117388	0.218571
0.117388	0.213874
0.117388	0.215273
0.117388	0.231610
0.210664	0.293167
0.210664	0.293608
0.210664	0.264195
0.210664	0.296933
0.210664	0.255658
0.210664	0.269386
0.210664	0.245024
0.210664	0.246805
0.210664	0.284564
0.231394	0.271586
0.231394	0.249778
0.231394	0.290764
0.231394	0.289084
0.231394	0.238737
0.231394	0.251820
0.231394	0.248490
0.231394	0.301879
0.231394	0.322075
0.044852	0.187151
0.044852	0.171062
0.044852	0.206840
0.044852	0.216664
0.044852	0.178183
0.044852	0.200126
0.044852	0.196047
0.319104	0.289756
0.319104	0.314966
0.319104	0.321359
0.319104	0.305405
0.319104	0.332194
0.319104	0.287314
0.319104	0.320795
0.319104	0.343176
0.319104	0.359180
0.319104	0.353399
0.319104	0.378936
0.348403	0.294051
0.348403	0.268869
0.348403	0.304096
0.348403	0.358077
0.348403	0.289060
0.348403	0.260945
0.348403	0.244777
0.348403	0.234729
0.348403	0.290619
0.166262	0.154309
0.166262	0.181877
0.166262	0.196101
0.166262	0.178647
0.166262	0.164685
0.166262	0.190196
0.166262	0.176181
0.166262	0.158740
0.199776	0.191866
0.199776	0.197071
0.199776	0.189422
0.199776	0.183041
0.199776	0.190722
0.199776	0.227688
0.199776	0.258334
0.199776	0.281861
0.083109	0.248076
0.083109	0.232703
0.083109	0.273407
0.083109	0.250684
0.083109	0.234209
0.083109	0.248775
0.083109	0.244327
0.083109	0.260291
0.083109	0.259426
0.083109	0.247053
0.126335	0.182265
0.126335	0.256435
0.126335	0.238418
0.126335	0.182968
0.126335	0.201301
0.126335	0.265204
0.126335	0.262356
0.126335	0.242452
0.126335	0.229243
0.126335	0.232056
0.126335	0.232252
0.119889	0.308208
0.119889	0.275631
0.119889	0.356762
0.119889	0.314945
0.119889	0.326115
0.119889	0.329012
0.119889	0.347971
0.119889	0.327079
0.119889	0.436407
0.119889	0.348175
0.268423	0.240633
0.268423	0.236972
0.268423	0.295201
0.268423	0.312805
0.268423	0.232408
0.268423	0.266795
0.268423	0.244572
0.268423	0.268278
0.268423	0.253544
0.268423	0.262064
0.268423	0.235728
0.268423	0.285181
0.154752	0.271695
0.154752	0.296770
0.154752	0.325043
0.154752	0.292617
0.154752	0.288804
0.154752	0.313311
0.154752	0.288020
0.235357	0.318807
0.235357	0.297327
0.235357	0.332756
0.235357	0.344400
0.235357	0.287258
0.235357	0.307153
0.235357	0.276374
0.549436	0.392714
0.549436	0.385855
0.549436	0.387147
0.549436	0.398688
0.549436	0.415431
0.549436	0.394412
0.549436	0.365366
0.549436	0.401870
0.549436	0.437035
0.549436	0.403774
0.549436	0.414416
0.549436	0.445009
0.549436	0.475440
0.549436	0.496295
0.538290	0.355012
0.538290	0.343958
0.538290	0.353635
0.538290	0.352901
0.538290	0.336876
0.538290	0.372984
0.538290	0.334709
0.506230	0.472764
0.506230	0.445181
0.506230	0.451353
0.506230	0.459813
0.506230	0.426716
0.506230	0.424333
0.506230	0.448840
0.506230	0.431193
0.481117	0.431817
0.481117	0.432973
0.481117	0.434857
0.481117	0.464645
0.481117	0.446576
0.481117	0.402711
0.481117	0.405843
0.481117	0.425443
0.481117	0.398791
0.481117	0.393613
0.481117	0.384219
0.496606	0.357031
0.496606	0.401770
0.496606	0.316588
0.496606	0.345430
0.282803	0.225019
0.282803	0.236401
0.282803	0.231856
0.282803	0.257564
0.282803	0.205370
0.282803	0.272659
0.282803	0.315064
0.415977	0.238136
0.415977	0.212663
0.415977	0.218005
0.415977	0.226286
0.415977	0.246216
0.415977	0.237914
0.415977	0.201569
0.413500	0.328249
0.413500	0.287928
0.413500	0.289729
0.413500	0.306148
0.413500	0.266718
0.413500	0.319899
0.413500	0.228517
0.413500	0.221859
0.413500	0.217040
0.321961	0.234745
0.321961	0.189195
0.321961	0.216895
0.321961	0.244440
0.321961	0.218208
0.321961	0.177153
0.200523	0.180182
0.200523	0.179572
0.200523	0.194277
0.200523	0.183501
0.200523	0.175935
0.200523	0.165493
0.200523	0.185819
0.210765	0.235307
0.210765	0.259273
0.210765	0.238712
0.210765	0.234334
0.210765	0.366510
0.342042	0.261934
0.342042	0.262344
0.342042	0.249202
0.342042	0.259379
0.342042	0.252091
0.342042	0.296165
0.378692	0.229163
0.378692	0.184996
0.378692	0.188586
0.378692	0.190596
0.378692	0.240813
0.378692	0.208726
0.378692	0.195037
0.378692	0.246229
0.378692	0.259437
0.378692	0.280073
0.378692	0.263442
0.217029	0.167839
0.217029	0.168095
0.217029	0.162178
0.217029	0.172434
0.217029	0.218764
0.217029	0.159421
0.217029	0.194624
0.217029	0.180259
0.318651	0.311961
0.318651	0.329534
0.318651	0.350542
0.318651	0.373523
0.318651	0.352493
0.318651	0.303037
0.318651	0.374763
0.318651	0.347151
0.098969	0.233800
0.098969	0.246279
0.098969	0.244698
0.098969	0.234767
0.098969	0.214180
0.098969	0.233251
0.098969	0.250386
0.098969	0.235139
0.098969	0.222582
0.098969	0.208081
0.098969	0.203498
0.149796	0.175480
0.149796	0.181875
0.149796	0.241688
0.149796	0.213446
0.149796	0.234869
0.149796	0.240212
0.149796	0.172716
0.149796	0.254756
0.242859	0.297904
0.242859	0.332394
0.242859	0.340647
0.242859	0.307638
0.242859	0.388579
0.242859	0.309870
0.242859	0.336875
0.242859	0.380287
0.242859	0.340831
0.242859	0.343128
0.242859	0.320419
0.222629	0.330141
0.222629	0.330673
0.222629	0.332583
0.222629	0.325088
0.222629	0.322780
0.222629	0.286091
0.222629	0.303186
0.222629	0.340458
0.222629	0.299418
0.145612	0.200606
0.145612	0.210892
0.145612	0.225585
0.145612	0.219219
0.145612	0.159280
0.145612	0.158472
0.145612	0.165054
0.214640	0.407405
0.214640	0.420696
0.214640	0.428206
0.214640	0.438656
0.214640	0.444383
0.214640	0.451029
0.214640	0.446527
0.214640	0.452604
0.214640	0.450573
0.214640	0.431075
0.214640	0.420763
0.156471	0.385060
0.156471	0.385365
0.156471	0.381054
0.156471	0.399273
0.156471	0.376234
0.156471	0.375941
0.156471	0.354462
0.156471	0.352098
0.156471	0.343591
0.145714	0.253080
0.145714	0.299280
0.145714	0.269611
0.145714	0.267267
0.145714	0.253864
0.145714	0.236062
0.195190	0.276311
0.195190	0.260479
0.195190	0.292498
0.195190	0.307038
0.140340	0.249516
0.140340	0.245203
0.140340	0.262078
0.140340	0.303842
0.140340	0.235653
0.140340	0.266430
0.151414	0.323135
0.151414	0.303127
0.151414	0.336177
0.151414	0.371126
0.151414	0.417562
0.151414	0.307039
0.151414	0.356419
0.151414	0.284594
0.247990	0.366299
0.247990	0.334783
0.247990	0.345569
0.247990	0.397738
0.247990	0.320903
0.247990	0.342653
0.164954	0.393389
0.164954	0.379906
0.164954	0.366411
0.164954	0.290147
0.164954	0.335442
0.164954	0.343599
0.164954	0.328795
0.216390	0.418960
0.216390	0.407823
0.216390	0.427249
0.216390	0.396068
0.216390	0.415344
0.216390	0.363448
0.216390	0.356036
0.216390	0.394487
0.216390	0.289737
0.126376	0.395851
0.126376	0.419452
0.126376	0.462048
0.126376	0.416197
0.126376	0.382471
0.126376	0.403311
0.126376	0.439074
0.126376	0.397880
0.126376	0.387171
0.126376	0.362401
0.113675	0.304801
0.113675	0.282477
0.113675	0.345954
0.113675	0.381765
0.074322	0.323445
0.074322	0.385542
0.074322	0.306646
0.074322	0.290783
0.074322	0.295701
0.074322	0.321432
0.074322	0.324279
0.143927	0.220979
0.143927	0.204934
0.143927	0.136519
0.143927	0.148383
0.143927	0.125389
0.143927	0.086137
0.143927	0.099164
0.067145	0.087190
0.067145	0.080937
0.067145	0.094086
0.067145	0.074319
0.067145	0.081899
0.067145	0.086059
0.067145	0.112906
0.094787	0.107857
0.094787	0.099837
0.094787	0.169769
0.094787	0.144150
0.094787	0.086030
0.094787	0.104742
0.094787	0.084141
0.085745	0.329444
0.085745	0.336012
0.085745	0.359047
0.085745	0.350681
0.085745	0.273089
0.085745	0.299810
0.085745	0.300513
0.085745	0.343029
0.085745	0.262794
0.085745	0.289289
0.158406	0.330579
0.158406	0.332158
0.158406	0.338330
0.158406	0.328515
0.158406	0.368688
0.158406	0.388986
0.281341	0.393213
0.281341	0.316402
0.281341	0.370204
0.281341	0.325660
0.281341	0.398829
0.281341	0.315176
0.194691	0.411678
0.194691	0.381504
0.194691	0.393103
0.194691	0.366379
0.194691	0.429094
0.065399	0.275433
0.065399	0.226834
0.065399	0.264141
0.065399	0.227504
0.096604	0.317534
0.096604	0.299956
0.096604	0.324234
0.096604	0.285882
0.096604	0.319583
0.096604	0.327857
0.096604	0.298970
0.096604	0.364001
0.121390	0.296075
0.121390	0.253258
0.121390	0.300931
0.121390	0.247596
0.416422	0.461694
0.416422	0.453097
0.416422	0.427581
0.416422	0.384520
0.416422	0.460208
0.416422	0.412047
0.416422	0.418459
0.416422	0.416780
0.416422	0.363945
0.416422	0.382128
0.416422	0.346015
0.068941	0.211006
0.068941	0.125688
0.068941	0.140628
0.068941	0.130471
0.068941	0.151878
0.068941	0.175595
0.153418	0.129836
0.153418	0.131918
0.153418	0.118000
0.153418	0.119087
0.269951	0.112692
0.269951	0.116968
0.269951	0.130671
0.269951	0.123701
0.269951	0.141685
0.269951	0.174952
0.269951	0.135057
0.117061	0.163657
0.117061	0.191820
0.117061	0.153609
0.117061	0.182090
0.117061	0.152530
0.117061	0.189993
0.117061	0.189470
0.117061	0.162937
0.117061	0.166911
0.117061	0.218774
0.117061	0.170142
0.073771	0.106614
0.073771	0.117240
0.073771	0.112904
0.073771	0.107985
0.073771	0.115561
0.073771	0.090474
0.128194	0.105648
0.128194	0.108312
0.128194	0.121884
0.128194	0.119593
0.128194	0.119937
0.128194	0.132519
0.128194	0.100806
0.128194	0.104096
0.181165	0.119370
0.181165	0.110727
0.181165	0.136719
0.181165	0.119363
0.181165	0.153287
0.125289	0.217841
0.125289	0.201085
0.125289	0.216172
0.125289	0.185767
0.125289	0.208210
0.125289	0.238261
0.125289	0.233835
0.125289	0.243078
0.148464	0.164713
0.148464	0.164266
0.148464	0.156432
0.148464	0.137800
0.148464	0.159937
0.148464	0.155636
0.148464	0.170871
0.099334	0.119841
0.099334	0.144314
0.099334	0.123452
0.099334	0.113982
0.099334	0.116514
0.099334	0.126343
0.192491	0.161090
0.192491	0.159113
0.192491	0.183891
0.192491	0.168009
0.192491	0.186181
0.192491	0.160276
0.192491	0.201192
0.192491	0.153084
0.177118	0.229796
0.177118	0.243823
0.177118	0.225063
0.177118	0.201570
0.177118	0.236179
0.177118	0.246682
0.177118	0.254241
0.177118	0.293005
0.129933	0.204770
0.129933	0.220858
0.129933	0.206506
0.129933	0.185906
0.129933	0.205489
0.129933	0.225422
0.129933	0.279624
0.129933	0.215609
0.376531	0.203520
0.376531	0.213423
0.376531	0.218451
0.376531	0.223761
0.376531	0.230016
0.376531	0.204357
0.376531	0.207794
0.376531	0.219965
0.413478	0.321922
0.413478	0.362670
0.413478	0.339895
0.413478	0.351568
0.413478	0.355668
0.413478	0.323685
0.413478	0.380889
0.413478	0.364729
0.223829	0.317174
0.223829	0.292861
0.223829	0.308365
0.223829	0.304154
0.223829	0.302426
0.223829	0.313097
0.223829	0.315802
0.223829	0.333020
0.223829	0.342449
0.359403	0.312833
0.359403	0.317167
0.359403	0.309010
0.359403	0.315593
0.359403	0.285382
0.359403	0.295427
0.359403	0.263390
0.359403	0.275340
0.359403	0.285526
0.359403	0.290616
0.359403	0.362651
0.358672	0.364857
0.358672	0.335497
0.358672	0.342447
0.358672	0.316945
0.358672	0.329408
0.358672	0.367028
0.358672	0.311751
0.358672	0.349034
0.358672	0.242968
0.271909	0.308831
0.271909	0.298776
0.271909	0.296674
0.271909	0.281960
0.271909	0.282982
0.271909	0.262707
0.271909	0.268948
0.271909	0.249617
0.349402	0.244617
0.349402	0.227972
0.349402	0.232885
0.349402	0.227438
0.349402	0.222117
0.349402	0.237923
0.349402	0.231065
0.190963	0.216400
0.190963	0.261617
0.190963	0.212840
0.190963	0.235749
0.190963	0.249970
0.190963	0.206828
0.051544	0.218525
0.051544	0.218019
0.051544	0.223244
0.051544	0.231857
0.051544	0.207895
0.051544	0.207581
0.227292	0.167545
0.227292	0.138102
0.227292	0.170574
0.227292	0.182570
0.227292	0.130338
0.227292	0.150309
0.227292	0.125040
0.142503	0.213315
0.142503	0.219654
0.142503	0.219099
0.142503	0.221877
0.142503	0.200991
0.142503	0.190956
0.142503	0.226590
0.142503	0.192067
0.116338	0.148760
0.116338	0.139579
0.116338	0.127831
0.116338	0.106924
0.116338	0.111003
0.116338	0.104745
0.116338	0.121290
0.116338	0.119020
0.250462	0.182716
0.250462	0.183085
0.250462	0.204784
0.250462	0.200209
0.250462	0.204818
0.250462	0.172808
0.250462	0.204207
0.250462	0.173735
0.250462	0.194681
0.184051	0.226541
0.184051	0.228029
0.184051	0.253392
0.184051	0.248395
0.184051	0.248073
0.184051	0.237769
0.184051	0.236196
0.184051	0.205524
0.184051	0.178027
0.120933	0.146690
0.120933	0.175956
0.120933	0.169026
0.120933	0.168741
0.120933	0.127070
0.120933	0.136271
0.120933	0.189989
0.169624	0.149181
0.169624	0.161128
0.169624	0.162088
0.169624	0.162033
0.169624	0.159602
0.169624	0.168626
0.169624	0.152852
0.169624	0.155210
0.094403	0.242374
0.094403	0.244592
0.094403	0.262959
0.094403	0.270632
0.094403	0.254400
0.094403	0.181235
0.094403	0.223652
0.094403	0.206742
0.149954	0.296216
0.149954	0.303521
0.149954	0.314779
0.149954	0.327431
0.149954	0.286664
0.149954	0.291557
0.149954	0.242578
0.149954	0.253395
0.149954	0.304603
0.156902	0.215331
0.156902	0.215398
0.156902	0.218634
0.156902	0.221847
0.156902	0.215033
0.156902	0.201792
0.156902	0.219086
0.156902	0.244220
0.248531	0.374556
0.248531	0.365841
0.248531	0.391283
0.248531	0.413105
0.248531	0.412546
0.248531	0.347553
0.248531	0.338312
0.248531	0.361081
0.248531	0.394951
0.248531	0.389653
0.248531	0.416391
0.101987	0.329647
0.101987	0.312714
0.101987	0.382666
0.101987	0.368299
0.101987	0.337408
0.101987	0.313197
0.101987	0.338650
0.101987	0.377449
0.101987	0.259252
0.137086	0.349166
0.137086	0.334215
0.137086	0.362505
0.137086	0.353554
0.137086	0.276820
0.137086	0.337150
0.137086	0.354336
0.137086	0.368757
0.137086	0.364539
0.137086	0.424714
0.137086	0.398152
0.123389	0.396579
0.123389	0.413521
0.123389	0.421210
0.123389	0.403896
0.123389	0.336053
0.123389	0.452094
0.123389	0.354886
0.123389	0.439598
0.123389	0.446409
0.123389	0.428380
0.123389	0.418013
0.322214	0.360027
0.322214	0.387426
0.322214	0.392312
0.322214	0.406684
0.322214	0.384767
0.322214	0.375317
0.322214	0.401224
0.322214	0.359606
0.211293	0.223130
0.211293	0.256581
0.211293	0.227521
0.211293	0.244953
0.110769	0.221561
0.110769	0.197014
0.110769	0.194468
0.110769	0.184497
0.110769	0.198722
0.110769	0.213392
0.110769	0.178539
0.110769	0.194752
0.165612	0.241950
0.165612	0.207158
0.165612	0.221040
0.165612	0.210383
0.165612	0.176122
0.165612	0.157285
0.165612	0.151559
0.165612	0.169889
0.281533	0.334850
0.281533	0.357062
0.281533	0.365341
0.281533	0.362812
0.281533	0.367534
0.281533	0.331569
0.281533	0.316599
0.281533	0.442854
0.281533	0.431476
0.254255	0.255826
0.254255	0.201112
0.254255	0.232788
0.254255	0.202444
0.254255	0.218370
0.254255	0.259294
0.254255	0.300258
0.070526	0.197774
0.070526	0.191521
0.070526	0.218194
0.070526	0.207198
0.070526	0.211406
0.272759	0.256659
0.272759	0.254547
0.272759	0.275543
0.272759	0.271279
0.272759	0.262513
0.272759	0.225636
0.272759	0.231089
0.272759	0.225237
0.309318	0.234383
0.309318	0.255509
0.309318	0.259139
0.309318	0.258405
0.309318	0.254791
0.309318	0.286350
0.309318	0.319754
0.309318	0.322035
0.309318	0.380333
0.098854	0.142202
0.098854	0.139095
0.098854	0.133115
0.098854	0.123379
0.098854	0.149397
0.098854	0.120600
0.098854	0.138443
0.098854	0.128951
0.271854	0.254594
0.271854	0.234101
0.271854	0.259063
0.271854	0.238763
0.271854	0.247222
0.271854	0.223375
0.271854	0.229074
0.271854	0.218341
0.271854	0.218504
0.271854	0.272133
0.271854	0.222576
0.206415	0.201139
0.206415	0.226612
0.206415	0.191652
0.206415	0.182498
0.206415	0.209973
0.206415	0.188580
0.206415	0.224933
0.206415	0.234802
0.206415	0.205274
0.206415	0.208201
0.206415	0.223505
0.099326	0.111265
0.099326	0.103468
0.099326	0.115988
0.099326	0.107649
0.099326	0.106415
0.099326	0.106037
0.123106	0.102147
0.123106	0.111691
0.123106	0.118248
0.123106	0.104055
0.123106	0.106607
0.123106	0.114243
0.123106	0.091715
0.123106	0.168335
0.123106	0.100034
0.123106	0.175422
0.123106	0.130764
0.123106	0.169789
0.316236	0.143536
0.316236	0.165006
0.316236	0.147516
0.316236	0.148354
0.316236	0.158775
0.316236	0.149374
0.316236	0.182231
0.316236	0.178341
0.152834	0.131148
0.152834	0.145576
0.152834	0.154588
0.152834	0.143531
0.152834	0.144848
0.093770	0.077762
0.093770	0.081100
0.093770	0.080711
0.093770	0.081402
0.093770	0.074655
0.093770	0.083376
0.093770	0.080441
0.279520	0.113337
0.279520	0.164470
0.279520	0.147842
0.279520	0.128618
0.279520	0.127583
0.279520	0.156528
0.279520	0.182069
0.279520	0.148395
0.367255	0.205067
0.367255	0.201006
0.367255	0.219519
0.367255	0.220979
0.367255	0.225179
0.367255	0.210293
0.367255	0.200047
0.367255	0.211933
0.367255	0.205510
0.189530	0.132514
0.189530	0.135533
0.189530	0.132903
0.189530	0.128212
0.279526	0.155966
0.279526	0.183038
0.279526	0.174025
0.279526	0.169099
0.279526	0.170726
0.395704	0.248164
0.395704	0.227750
0.395704	0.235471
0.395704	0.235885
0.395704	0.230356
0.395704	0.234428
0.395704	0.228490
0.395704	0.230617
0.395704	0.245854
0.499444	0.260290
0.499444	0.234277
0.499444	0.264799
0.499444	0.254669
0.499444	0.288666
0.499444	0.282133
0.499444	0.268039
0.499444	0.293182
0.499444	0.236407
0.499444	0.316321
0.499444	0.262311
0.277003	0.308737
0.277003	0.307642
0.277003	0.315127
0.277003	0.290541
0.277003	0.311438
0.277003	0.334970
0.277003	0.314517
0.277003	0.324573
0.304818	0.327770
0.304818	0.314056
0.304818	0.402683
0.304818	0.328232
0.304818	0.351164
0.304818	0.341917
0.304818	0.370413
0.304818	0.361942
