Ground Truth	Predictions
0.082802	0.216300
0.082802	0.186876
0.082802	0.180337
0.082802	0.210411
0.055017	0.163955
0.055017	0.145609
0.055017	0.157132
0.055017	0.149838
0.055017	0.190476
0.055017	0.213318
0.090563	0.122650
0.090563	0.117147
0.090563	0.113980
0.090563	0.106680
0.090563	0.175296
0.196236	0.136472
0.196236	0.134010
0.196236	0.130848
0.196236	0.127762
0.196236	0.199947
0.196236	0.193495
0.196236	0.169936
0.124425	0.205191
0.124425	0.225497
0.124425	0.219505
0.124425	0.208367
0.124425	0.233086
0.124425	0.249135
0.124425	0.221284
0.124425	0.220678
0.124425	0.211992
0.091979	0.133995
0.091979	0.162345
0.091979	0.140319
0.091979	0.133744
0.091979	0.147054
0.091979	0.146371
0.091979	0.151405
0.091979	0.155110
0.091979	0.132606
0.091979	0.127263
0.091979	0.142034
0.091979	0.149026
0.078650	0.101301
0.078650	0.097312
0.078650	0.101589
0.078650	0.105718
0.078650	0.106792
0.078650	0.113137
0.078650	0.128725
0.078650	0.151713
0.254359	0.199838
0.254359	0.202653
0.254359	0.208621
0.254359	0.227304
0.254359	0.225068
0.254359	0.213761
0.254359	0.200150
0.254359	0.202020
0.254359	0.211686
0.126660	0.208217
0.126660	0.218456
0.126660	0.218335
0.126660	0.218057
0.126660	0.212109
0.126660	0.207892
0.126660	0.199635
0.126660	0.213949
0.126660	0.206336
0.126660	0.219084
0.063622	0.121212
0.063622	0.135513
0.063622	0.122805
0.063622	0.148040
0.063622	0.122951
0.063622	0.139262
0.063622	0.114090
0.063622	0.137169
0.063622	0.153424
0.063622	0.143829
0.063622	0.171403
0.065069	0.138819
0.065069	0.130348
0.065069	0.154557
0.065069	0.220963
0.065069	0.144717
0.065069	0.176320
0.192926	0.242015
0.192926	0.242609
0.192926	0.263224
0.192926	0.283053
0.192926	0.245174
0.192926	0.226155
0.192926	0.222252
0.192926	0.237863
0.192926	0.206848
0.070940	0.201852
0.070940	0.191267
0.070940	0.231656
0.070940	0.267263
0.070940	0.198399
0.070940	0.215927
0.070940	0.217921
0.070940	0.287274
0.070940	0.268516
0.070940	0.196666
0.070940	0.217077
0.223839	0.173763
0.223839	0.166162
0.223839	0.176345
0.223839	0.226836
0.223839	0.190075
0.223839	0.237381
0.110208	0.167540
0.110208	0.157184
0.110208	0.163704
0.110208	0.182786
0.110208	0.139944
0.110208	0.182487
0.110208	0.151857
0.110538	0.133391
0.110538	0.120683
0.110538	0.136184
0.110538	0.142023
0.110538	0.145244
0.110538	0.150509
0.066253	0.169574
0.066253	0.136006
0.066253	0.165657
0.066253	0.185181
0.066253	0.163078
0.066253	0.206746
0.066253	0.160347
0.328076	0.152242
0.328076	0.141753
0.328076	0.157868
0.328076	0.162088
0.328076	0.133922
0.328076	0.132578
0.328076	0.119304
0.328076	0.170973
0.158927	0.151479
0.158927	0.146695
0.158927	0.137824
0.158927	0.123932
0.158927	0.167723
0.158927	0.147081
0.150457	0.155669
0.150457	0.132151
0.150457	0.154860
0.150457	0.137480
0.150457	0.147853
0.150457	0.151668
0.150457	0.134151
0.150457	0.181739
0.232974	0.317992
0.232974	0.283653
0.232974	0.290054
0.232974	0.266803
0.232974	0.282472
0.232974	0.280878
0.232974	0.285926
0.232974	0.289391
0.232974	0.205407
0.350890	0.210282
0.350890	0.229255
0.350890	0.218931
0.350890	0.195179
0.350890	0.174154
0.350890	0.215153
0.350890	0.185615
0.350890	0.201316
0.350890	0.195539
0.279466	0.121307
0.279466	0.124003
0.279466	0.129314
0.279466	0.168606
0.279466	0.121764
0.279466	0.162230
0.279466	0.159034
0.279466	0.140497
0.279466	0.171628
0.279466	0.152993
0.279466	0.158944
0.309046	0.143626
0.309046	0.167426
0.309046	0.168541
0.309046	0.229881
0.309046	0.176138
0.309046	0.142202
0.309046	0.226244
0.309046	0.156068
0.631190	0.217246
0.631190	0.220913
0.631190	0.241135
0.631190	0.229717
0.631190	0.274652
0.631190	0.184091
0.631190	0.265254
0.631190	0.243221
0.636599	0.179951
0.636599	0.206560
0.636599	0.266713
0.636599	0.259551
0.636599	0.316236
0.636599	0.192290
0.636599	0.252810
0.636599	0.215387
0.636599	0.295698
0.636599	0.196506
0.636599	0.206896
0.611801	0.386927
0.611801	0.249937
0.611801	0.263183
0.611801	0.256350
0.611801	0.279758
0.611801	0.208385
0.728249	0.309750
0.728249	0.279970
0.728249	0.334240
0.728249	0.293815
0.728249	0.356072
0.728249	0.298437
0.728249	0.263925
0.728249	0.376946
0.656459	0.201004
0.656459	0.199328
0.656459	0.206649
0.656459	0.214775
0.656459	0.317035
0.367267	0.224855
0.367267	0.212955
0.367267	0.184399
0.367267	0.198085
0.367267	0.191376
0.367267	0.215062
0.355981	0.279406
0.355981	0.247966
0.355981	0.259947
0.355981	0.244528
0.355981	0.272187
0.355981	0.226981
0.355981	0.264966
0.355981	0.380199
0.355981	0.223172
0.211112	0.289590
0.211112	0.265434
0.211112	0.281614
0.211112	0.257795
0.211112	0.279655
0.211112	0.257487
0.211112	0.282422
0.211112	0.310328
0.211112	0.260741
0.372852	0.187183
0.372852	0.180745
0.372852	0.184376
0.372852	0.188021
0.372852	0.181341
0.372852	0.198475
0.372852	0.315062
0.166332	0.114479
0.166332	0.117688
0.166332	0.110964
0.166332	0.100827
0.166332	0.125712
0.166332	0.129635
0.149145	0.123569
0.149145	0.126635
0.149145	0.126642
0.149145	0.120568
0.149145	0.128914
0.149145	0.112802
0.149145	0.115114
0.149145	0.135299
0.149145	0.111876
0.149145	0.148952
0.149145	0.113195
0.047154	0.123894
0.047154	0.142648
0.047154	0.146019
0.047154	0.186263
0.047154	0.169667
0.047154	0.168272
0.047154	0.178332
0.222478	0.140701
0.222478	0.161643
0.222478	0.151110
0.222478	0.155319
0.222478	0.166391
0.222478	0.176745
0.222478	0.190587
0.222478	0.266457
0.222478	0.220038
0.222478	0.190923
0.222478	0.184925
0.075883	0.069910
0.075883	0.064068
0.075883	0.064019
0.075883	0.059799
0.075883	0.058786
0.075883	0.078671
0.075883	0.067742
0.075883	0.073845
0.067376	0.206300
0.067376	0.176725
0.067376	0.214370
0.067376	0.193280
0.067376	0.199463
0.067376	0.180082
0.067376	0.158395
0.067376	0.211980
0.067376	0.194275
0.067376	0.202807
0.067376	0.253863
0.064899	0.153389
0.064899	0.135281
0.064899	0.163388
0.064899	0.149756
0.064899	0.222442
0.064899	0.178639
0.064899	0.152020
0.064899	0.192649
0.064899	0.164961
0.066154	0.151354
0.066154	0.162091
0.066154	0.140012
0.066154	0.130772
0.066154	0.140679
0.066154	0.128986
0.066154	0.140850
0.066154	0.185606
0.066154	0.138180
0.088403	0.059272
0.088403	0.054870
0.088403	0.053653
0.088403	0.049517
0.088403	0.047061
0.088403	0.057355
0.088403	0.053299
0.088403	0.059367
0.147451	0.071785
0.147451	0.064081
0.147451	0.067209
0.147451	0.061949
0.147451	0.053861
0.147451	0.071078
0.147451	0.052589
0.041782	0.087394
0.041782	0.094524
0.041782	0.090487
0.041782	0.094323
0.041782	0.105458
0.041782	0.099731
0.041782	0.156466
0.189333	0.145567
0.189333	0.164200
0.189333	0.140638
0.189333	0.148770
0.189333	0.163680
0.189333	0.156848
0.189333	0.147275
0.189333	0.140474
0.189333	0.183943
0.189333	0.222890
0.189333	0.173026
0.134735	0.061321
0.134735	0.060758
0.134735	0.070715
0.134735	0.067172
0.134735	0.065937
0.134735	0.060844
0.134735	0.071556
0.134735	0.082211
0.046143	0.079357
0.046143	0.080275
0.046143	0.085698
0.046143	0.079733
0.046143	0.074872
0.105882	0.124248
0.105882	0.141201
0.105882	0.148235
0.105882	0.151064
0.105882	0.176477
0.105882	0.146747
0.105882	0.175233
0.105882	0.142856
0.228841	0.075247
0.228841	0.087763
0.228841	0.079184
0.228841	0.072582
0.228841	0.080999
0.228841	0.072418
0.228841	0.086968
0.228841	0.091533
0.124114	0.083373
0.124114	0.089210
0.124114	0.104714
0.124114	0.100189
0.124114	0.091451
0.124114	0.099503
0.124114	0.095174
0.124114	0.093414
0.061603	0.167771
0.061603	0.186042
0.061603	0.193989
0.061603	0.181329
0.061603	0.183375
0.061603	0.171828
0.061603	0.192115
0.061603	0.204797
0.061603	0.237524
0.071067	0.135333
0.071067	0.134032
0.071067	0.133734
0.071067	0.147702
0.071067	0.130938
0.071067	0.138942
0.071067	0.140469
0.071067	0.171713
0.071067	0.148990
0.053751	0.084448
0.053751	0.081014
0.053751	0.090256
0.053751	0.083512
0.053751	0.090195
0.053751	0.074810
0.053751	0.091924
0.053751	0.099252
0.096646	0.136209
0.096646	0.148929
0.096646	0.159962
0.096646	0.187939
0.096646	0.175174
0.096646	0.153982
0.096646	0.159428
0.096646	0.200910
0.030837	0.143247
0.030837	0.170757
0.030837	0.165752
0.030837	0.230764
0.030837	0.172917
0.030837	0.146076
0.030837	0.156150
0.030837	0.204433
0.048507	0.074764
0.048507	0.071412
0.048507	0.078971
0.048507	0.108101
0.048507	0.062974
0.048507	0.058081
0.048507	0.062941
0.048507	0.127026
0.037265	0.135790
0.037265	0.134698
0.037265	0.144188
0.037265	0.119747
0.037265	0.115949
0.037265	0.239083
0.037265	0.177040
0.031556	0.233395
0.031556	0.196428
0.031556	0.219791
0.031556	0.205954
0.031556	0.230764
0.031556	0.199825
0.031556	0.228963
0.031556	0.138130
0.046755	0.252494
0.046755	0.268177
0.046755	0.274127
0.046755	0.335162
0.046755	0.229408
0.046755	0.212017
0.046755	0.220603
0.046755	0.245516
0.046755	0.210086
0.046755	0.252291
0.046755	0.372860
0.111471	0.043954
0.111471	0.050535
0.111471	0.050794
0.111471	0.043201
0.111471	0.044229
0.111471	0.160994
0.111471	0.096312
0.095601	0.064783
0.095601	0.065739
0.095601	0.075904
0.095601	0.080881
0.095601	0.078651
0.095601	0.107423
0.095601	0.107741
0.095601	0.140627
0.093887	0.135927
0.093887	0.136971
0.093887	0.149427
0.093887	0.143662
0.093887	0.155504
0.093887	0.142421
0.239619	0.115055
0.239619	0.105841
0.239619	0.128257
0.239619	0.113771
0.239619	0.101694
0.239619	0.093871
0.239619	0.218363
0.124096	0.156530
0.124096	0.137712
0.124096	0.169898
0.124096	0.171674
0.124096	0.182219
0.124096	0.140412
0.124096	0.150573
0.201911	0.085373
0.201911	0.123188
0.201911	0.082614
0.201911	0.073931
0.201911	0.067334
0.201911	0.131173
0.095428	0.035124
0.095428	0.029393
0.095428	0.031738
0.095428	0.027458
0.095428	0.027218
0.095428	0.030076
0.095428	0.035022
0.087050	0.159767
0.087050	0.181375
0.087050	0.194975
0.087050	0.194214
0.087050	0.182575
0.087050	0.158379
0.087050	0.135760
0.087050	0.156891
0.087050	0.147668
0.058943	0.099755
0.058943	0.146085
0.058943	0.097347
0.058943	0.115141
0.058943	0.152403
0.058943	0.114556
0.058943	0.156405
0.058943	0.188937
0.077209	0.035583
0.077209	0.032246
0.077209	0.033774
0.077209	0.028260
0.077209	0.028789
0.077209	0.030093
0.077209	0.033421
0.082626	0.123682
0.082626	0.124116
0.082626	0.140622
0.082626	0.127012
0.082626	0.126720
0.082626	0.130513
0.082626	0.152500
0.082626	0.133491
0.082626	0.169360
0.093998	0.052741
0.093998	0.068932
0.093998	0.083196
0.093998	0.070785
0.093998	0.096515
0.093998	0.077630
0.049874	0.185491
0.049874	0.201122
0.049874	0.175089
0.049874	0.160625
0.049874	0.179009
0.049874	0.230927
0.049874	0.199170
0.049874	0.229004
0.049874	0.226106
0.049874	0.233089
0.049874	0.237397
0.049874	0.244015
0.049874	0.270263
0.049874	0.248022
0.150765	0.097811
0.150765	0.095443
0.150765	0.098447
0.150765	0.093409
0.150765	0.094680
0.150765	0.104654
0.150765	0.096644
0.150765	0.104440
0.150765	0.098858
0.150765	0.147214
0.150765	0.111121
0.150765	0.142415
0.100971	0.085117
0.100971	0.087334
0.100971	0.110701
0.100971	0.098966
0.100971	0.109564
0.100971	0.142985
0.100971	0.150813
0.045907	0.194862
0.045907	0.200435
0.045907	0.208759
0.045907	0.194764
0.045907	0.216767
0.045907	0.184153
0.045907	0.186670
0.045907	0.215216
0.045907	0.201359
0.140284	0.091136
0.140284	0.082877
0.140284	0.092540
0.140284	0.087212
0.140284	0.065469
0.140284	0.091101
0.119387	0.068078
0.119387	0.068690
0.119387	0.066673
0.119387	0.071415
0.119387	0.078977
0.119387	0.065598
0.119387	0.089076
0.119387	0.059393
0.085687	0.103649
0.085687	0.112554
0.085687	0.126203
0.085687	0.148031
0.085687	0.147938
0.085687	0.115209
0.085687	0.197325
0.085687	0.163345
0.068375	0.145152
0.068375	0.160412
0.068375	0.154489
0.068375	0.178846
0.068375	0.175785
0.068375	0.171754
0.068375	0.191785
0.068375	0.205354
0.176138	0.083551
0.176138	0.090138
0.176138	0.087689
0.176138	0.083547
0.176138	0.078876
0.176138	0.093219
0.176138	0.075436
0.176138	0.083712
0.107329	0.116473
0.107329	0.115376
0.107329	0.125899
0.107329	0.147391
0.107329	0.140228
0.107329	0.101616
0.107329	0.099506
0.107329	0.184210
0.094553	0.217170
0.094553	0.213972
0.094553	0.216746
0.094553	0.212038
0.094553	0.210237
0.094553	0.180635
0.094553	0.195259
0.094553	0.283793
0.094553	0.205209
0.104736	0.157190
0.104736	0.152833
0.104736	0.159988
0.104736	0.155838
0.104736	0.150760
0.104736	0.167339
0.104736	0.162587
0.104736	0.151011
0.104736	0.181258
0.104736	0.154565
0.104736	0.167751
0.079142	0.130951
0.079142	0.125021
0.079142	0.133108
0.079142	0.181161
0.079142	0.175744
0.079142	0.126322
0.079142	0.185011
0.079142	0.127411
0.049513	0.244470
0.049513	0.231424
0.049513	0.258127
0.049513	0.242552
0.049513	0.240649
0.049513	0.218936
0.049513	0.224832
0.049513	0.227854
0.137092	0.272519
0.137092	0.234411
0.137092	0.284260
0.137092	0.280853
0.137092	0.252665
0.137092	0.235477
0.137092	0.207277
0.137092	0.221159
0.137092	0.279543
0.263597	0.255704
0.263597	0.276209
0.263597	0.288023
0.263597	0.281938
0.263597	0.287807
0.263597	0.249622
0.263597	0.271128
0.263597	0.270388
0.292564	0.243279
0.292564	0.231998
0.292564	0.245307
0.292564	0.242870
0.292564	0.209414
0.292564	0.268237
0.292564	0.252943
0.108257	0.364443
0.108257	0.350176
0.108257	0.390258
0.108257	0.384803
0.108257	0.352362
0.108257	0.426343
0.108257	0.351664
0.108257	0.304214
0.108257	0.320722
0.135208	0.325051
0.135208	0.285480
0.135208	0.331583
0.135208	0.330323
0.135208	0.278967
0.135208	0.255508
0.135208	0.280925
0.135208	0.292827
0.097222	0.358478
0.097222	0.481968
0.097222	0.369645
0.097222	0.482722
0.097222	0.427187
0.097222	0.306115
0.097222	0.329413
0.097222	0.378635
0.097222	0.315341
0.097222	0.321687
0.023800	0.352649
0.023800	0.344947
0.023800	0.369405
0.023800	0.365482
0.023800	0.386727
0.023800	0.405528
0.023800	0.441500
0.023800	0.374410
0.023800	0.344230
0.023800	0.276024
0.023800	0.281941
0.152328	0.203253
0.152328	0.230099
0.152328	0.186341
0.152328	0.179814
0.152328	0.180579
0.152328	0.217735
0.152328	0.179144
0.221432	0.171521
0.221432	0.142277
0.221432	0.180499
0.221432	0.173467
0.221432	0.181489
0.221432	0.170338
0.221432	0.206327
0.221432	0.134475
0.115400	0.215046
0.115400	0.238787
0.115400	0.224882
0.115400	0.248786
0.115400	0.337032
0.115400	0.210979
0.155374	0.256873
0.155374	0.251326
0.155374	0.281790
0.155374	0.308876
0.155374	0.273399
0.155374	0.239484
0.155374	0.203243
0.155374	0.277976
0.155374	0.281251
0.091262	0.126976
0.091262	0.138556
0.091262	0.148084
0.091262	0.132683
0.091262	0.116060
0.091262	0.129879
0.091262	0.138344
0.091262	0.129668
0.091262	0.162113
0.091262	0.123088
0.091262	0.125147
0.197752	0.145752
0.197752	0.144723
0.197752	0.179107
0.197752	0.172969
0.197752	0.180505
0.197752	0.189845
0.197752	0.345235
0.061531	0.276795
0.061531	0.285879
0.061531	0.296079
0.061531	0.290919
0.061531	0.293701
0.061531	0.240093
0.061531	0.342665
0.061531	0.249674
0.088305	0.131069
0.088305	0.160968
0.088305	0.137653
0.088305	0.134047
0.088305	0.185156
0.079085	0.109965
0.079085	0.101530
0.079085	0.116001
0.079085	0.107199
0.079085	0.097130
0.079085	0.110967
0.079085	0.094782
0.079085	0.113601
0.098305	0.139994
0.098305	0.186629
0.098305	0.180244
0.098305	0.190839
0.098305	0.182688
0.098305	0.211358
0.098305	0.229036
0.137754	0.216675
0.137754	0.234725
0.137754	0.244243
0.137754	0.240755
0.137754	0.215742
0.137754	0.194242
0.137754	0.208919
0.068514	0.129677
0.068514	0.151443
0.068514	0.172221
0.068514	0.159988
0.068514	0.109507
0.068514	0.127157
0.068514	0.129829
0.068514	0.112132
0.120400	0.295978
0.120400	0.363175
0.120400	0.373479
0.120400	0.368391
0.120400	0.358314
0.120400	0.379527
0.120400	0.406427
0.120400	0.424071
0.120400	0.424479
0.120400	0.468877
0.120400	0.392287
0.045831	0.356283
0.045831	0.327586
0.045831	0.356683
0.045831	0.297951
0.045831	0.282927
0.045831	0.289873
0.045831	0.415804
0.045831	0.297111
0.088265	0.391271
0.088265	0.354155
0.088265	0.387894
0.088265	0.354394
0.088265	0.268579
0.088265	0.287110
0.088265	0.365437
0.088265	0.256378
0.088265	0.298727
0.088265	0.288577
0.088265	0.279705
0.175541	0.236105
0.175541	0.227709
0.175541	0.293025
0.175541	0.314256
0.175541	0.268489
0.175541	0.231302
0.175541	0.211937
0.175541	0.277235
0.175541	0.158171
0.175541	0.192600
0.146928	0.467672
0.146928	0.514097
0.146928	0.505501
0.146928	0.571391
0.146928	0.405243
0.146928	0.359139
0.146928	0.468684
0.146928	0.324330
0.065973	0.507974
0.065973	0.501750
0.065973	0.483026
0.065973	0.436692
0.065973	0.376404
0.065973	0.276039
0.065973	0.320056
0.065973	0.303305
0.086162	0.133407
0.086162	0.077847
0.086162	0.117614
0.086162	0.068172
0.086162	0.116148
0.086162	0.064450
0.086162	0.053378
0.217923	0.178135
0.217923	0.147187
0.217923	0.150211
0.217923	0.111142
0.217923	0.203103
0.217923	0.240928
0.217923	0.330943
0.339678	0.268381
0.339678	0.269506
0.339678	0.196957
0.339678	0.239243
0.339678	0.295043
0.339678	0.284453
0.339678	0.227987
0.167050	0.182423
0.167050	0.186281
0.167050	0.148821
0.167050	0.120885
0.167050	0.088090
0.167050	0.238280
0.167050	0.154213
0.089986	0.069795
0.089986	0.072552
0.089986	0.056030
0.089986	0.055878
0.089986	0.052111
0.089986	0.046799
0.089986	0.065136
0.089986	0.138000
0.217494	0.107290
0.217494	0.068187
0.217494	0.095501
0.217494	0.083281
0.217494	0.144414
0.402087	0.292679
0.402087	0.264088
0.402087	0.232082
0.402087	0.191472
0.402087	0.207780
0.402087	0.193164
0.402087	0.163244
0.402087	0.231855
0.402087	0.207543
0.133457	0.046862
0.133457	0.051929
0.133457	0.044184
0.133457	0.053986
0.140640	0.039591
0.140640	0.042627
0.140640	0.041647
0.140640	0.036482
0.140640	0.037304
0.140640	0.040081
0.140640	0.064672
0.223177	0.106172
0.223177	0.110690
0.223177	0.145398
0.223177	0.117233
0.223177	0.170917
0.223177	0.143006
0.223177	0.237842
0.223177	0.170834
0.267007	0.226796
0.267007	0.274139
0.267007	0.233183
0.267007	0.208151
0.267007	0.243081
0.267007	0.218891
0.267007	0.211576
0.267007	0.265643
0.267007	0.268571
0.095499	0.157893
0.095499	0.155060
0.095499	0.137921
0.095499	0.136603
0.095499	0.182657
0.095499	0.141676
0.095499	0.161260
0.095499	0.124188
0.095499	0.144608
0.095499	0.138743
0.095499	0.155366
0.095499	0.184507
0.064411	0.290820
0.064411	0.318878
0.064411	0.331619
0.064411	0.314671
0.064411	0.365199
0.064411	0.312013
0.064411	0.319955
0.064411	0.381097
0.064411	0.338979
0.069614	0.264356
0.069614	0.242942
0.069614	0.298651
0.069614	0.276170
0.069614	0.276579
0.069614	0.245417
0.069614	0.259693
0.069614	0.312263
0.121458	0.174754
0.121458	0.157133
0.121458	0.176664
0.121458	0.216150
0.121458	0.156310
0.121458	0.174685
0.121458	0.246912
0.039098	0.224772
0.039098	0.219587
0.039098	0.199228
0.039098	0.339777
0.039098	0.255988
0.039098	0.234456
0.039098	0.212120
0.039098	0.211593
0.039098	0.285832
0.039098	0.235591
0.039098	0.179230
0.039098	0.234957
0.050907	0.258397
0.050907	0.250532
0.050907	0.273047
0.050907	0.281505
0.052738	0.307017
0.052738	0.291991
0.052738	0.330682
0.052738	0.339759
0.052738	0.340363
0.052738	0.325854
0.052738	0.346512
0.052738	0.305320
0.054816	0.351642
0.054816	0.327258
0.054816	0.371089
0.054816	0.318451
0.054816	0.339454
0.054816	0.301753
0.054816	0.316773
0.054816	0.309546
0.041272	0.300601
0.041272	0.309036
0.041272	0.305669
0.041272	0.296414
0.041272	0.349870
0.041272	0.267088
0.041272	0.284196
0.053880	0.252007
0.053880	0.251820
0.053880	0.263090
0.053880	0.253626
0.053880	0.237299
0.053880	0.336017
0.053880	0.265418
0.058895	0.207012
0.058895	0.203418
0.058895	0.178075
0.058895	0.167716
0.058895	0.221000
0.058895	0.194779
0.087811	0.222935
0.087811	0.218058
0.087811	0.232406
0.087811	0.221841
0.087811	0.235571
0.087811	0.241806
0.087811	0.238319
0.087811	0.405291
0.062294	0.305301
0.062294	0.341181
0.062294	0.340602
0.062294	0.400573
0.062294	0.413019
0.062294	0.427963
0.062294	0.304079
0.062294	0.333101
0.062294	0.277191
0.080076	0.155162
0.080076	0.159347
0.080076	0.163140
0.080076	0.171037
0.080076	0.208442
0.080076	0.150201
0.080076	0.227236
0.080076	0.264071
0.130427	0.042423
0.130427	0.049237
0.130427	0.048405
0.130427	0.041141
0.130427	0.043868
0.130427	0.099260
0.130427	0.048410
0.130427	0.048103
0.077571	0.201610
0.077571	0.207857
0.077571	0.223630
0.077571	0.212608
0.077571	0.222610
0.077571	0.281415
0.077571	0.230414
0.077571	0.220755
0.077571	0.211258
0.020703	0.199521
0.020703	0.242100
0.020703	0.180603
0.020703	0.222007
0.020703	0.232007
0.020703	0.208216
0.020703	0.274401
0.020703	0.186449
0.020703	0.278836
0.020703	0.165151
0.020703	0.170691
0.020703	0.254749
0.092214	0.112907
0.092214	0.116373
0.092214	0.109185
0.092214	0.105984
0.092214	0.104039
0.092214	0.106715
0.092214	0.096276
0.092214	0.134608
0.092214	0.105550
0.092214	0.115321
0.092214	0.100118
0.064584	0.071749
0.064584	0.076026
0.064584	0.086473
0.064584	0.082748
0.064584	0.072155
0.064584	0.071042
0.064584	0.065625
0.064584	0.089957
0.093150	0.145245
0.093150	0.149369
0.093150	0.233956
0.093150	0.231689
0.093150	0.251690
0.093150	0.170044
0.093150	0.176719
0.093150	0.187326
0.079074	0.307986
0.079074	0.331688
0.079074	0.301519
0.079074	0.285774
0.079074	0.259994
0.079074	0.356908
0.079074	0.255608
0.079074	0.251057
0.079074	0.237626
0.079074	0.183937
0.079074	0.224478
0.122405	0.101121
0.122405	0.096384
0.122405	0.125811
0.122405	0.127919
0.122405	0.091886
0.122405	0.092596
0.122405	0.082755
0.122405	0.101933
0.122405	0.099164
0.122405	0.101722
0.122405	0.093138
0.089759	0.128858
0.089759	0.166305
0.089759	0.167485
0.089759	0.183106
0.089759	0.167883
0.089759	0.184020
0.089759	0.157408
0.089759	0.150232
0.089759	0.148450
0.089759	0.140128
0.089759	0.139175
0.089759	0.135235
0.051010	0.188780
0.051010	0.204923
0.051010	0.213137
0.051010	0.197137
0.051010	0.182047
0.051010	0.190080
0.051010	0.206515
0.051010	0.334549
0.174960	0.107322
0.174960	0.115427
0.174960	0.118366
0.174960	0.113847
0.174960	0.099491
0.174960	0.104758
0.110611	0.220657
0.110611	0.257473
0.110611	0.274581
0.110611	0.247868
0.110611	0.235579
0.110611	0.291815
0.110611	0.262364
0.110611	0.291928
0.110611	0.302283
0.110611	0.509818
0.110611	0.481437
0.036803	0.201409
0.036803	0.315971
0.036803	0.200608
0.036803	0.230907
0.036803	0.210845
0.036803	0.324099
0.036803	0.386027
0.036803	0.244299
0.115657	0.134887
0.115657	0.116271
0.115657	0.127115
0.115657	0.121952
0.115657	0.087502
0.115657	0.124337
0.094021	0.120601
0.094021	0.095527
0.094021	0.124058
0.094021	0.104820
0.094021	0.085528
0.094021	0.078490
0.094021	0.126454
0.094021	0.092069
0.168474	0.287686
0.168474	0.341842
0.168474	0.345387
0.168474	0.322831
0.168474	0.405958
0.168474	0.384253
0.168474	0.368924
0.168474	0.569790
0.168474	0.367748
0.168474	0.369102
0.168474	0.506097
0.150717	0.192839
0.150717	0.210563
0.150717	0.153925
0.150717	0.139183
0.150717	0.190167
0.150717	0.150899
0.150717	0.204119
0.150717	0.135320
0.152809	0.106955
0.152809	0.099091
0.152809	0.083371
0.152809	0.097516
0.152809	0.067416
0.152809	0.090080
0.152809	0.074954
0.152809	0.104339
0.062655	0.127371
0.062655	0.130150
0.062655	0.139584
0.062655	0.117281
0.062655	0.158438
0.062655	0.109168
0.062655	0.150487
0.062655	0.163453
0.140671	0.219101
0.140671	0.278593
0.140671	0.272207
0.140671	0.230030
0.140671	0.312469
0.140671	0.350334
0.140671	0.357917
0.140671	0.565847
0.187236	0.214251
0.187236	0.251700
0.187236	0.186359
0.187236	0.191187
0.187236	0.263931
0.187236	0.278757
0.187236	0.199834
0.187236	0.247744
0.187236	0.190880
0.188924	0.192396
0.188924	0.177170
0.188924	0.176136
0.188924	0.190058
0.188924	0.149148
0.188924	0.140051
0.188924	0.132721
0.188924	0.168685
0.188924	0.144722
0.188924	0.150417
0.133533	0.185335
0.133533	0.248374
0.133533	0.208065
0.133533	0.259501
0.133533	0.236384
0.133533	0.268481
0.133533	0.380548
0.079494	0.308526
0.079494	0.335255
0.079494	0.307277
0.079494	0.370872
0.079494	0.325556
0.079494	0.353001
0.079494	0.462635
0.079494	0.453996
0.378245	0.277872
0.378245	0.322709
0.378245	0.243863
0.378245	0.262362
0.378245	0.194511
0.378245	0.294809
0.378245	0.314580
0.378245	0.385333
0.198635	0.331631
0.198635	0.266992
0.198635	0.263626
0.198635	0.331124
0.198635	0.265637
0.198635	0.321128
0.198635	0.297734
0.198635	0.283882
0.198635	0.348621
0.198635	0.285990
0.198635	0.306489
0.173030	0.348899
0.173030	0.389944
0.173030	0.350915
0.173030	0.372354
0.173030	0.389451
0.173030	0.419642
0.173030	0.400002
0.173030	0.293650
0.279470	0.321861
0.279470	0.336878
0.279470	0.322993
0.279470	0.373943
0.279470	0.400108
0.279470	0.406230
0.279470	0.368040
0.210868	0.360436
0.210868	0.332872
0.210868	0.359635
0.210868	0.379677
0.210868	0.334495
0.210868	0.327109
0.210868	0.328831
0.210868	0.337404
0.210868	0.379529
0.080196	0.355462
0.080196	0.351858
0.080196	0.366935
0.080196	0.400249
0.080196	0.382731
0.080196	0.371159
0.080196	0.350967
0.080196	0.420120
0.080196	0.362616
0.080196	0.392155
0.302734	0.243104
0.302734	0.281139
0.302734	0.287930
0.302734	0.300573
0.302734	0.207768
0.302734	0.229053
0.302734	0.335173
0.302734	0.243092
0.108998	0.242646
0.108998	0.203597
0.108998	0.212427
0.108998	0.312135
0.082478	0.178957
0.082478	0.253010
0.082478	0.189227
0.082478	0.202477
0.082478	0.298049
0.082478	0.179545
0.136716	0.199606
0.136716	0.147782
0.136716	0.175135
0.136716	0.154056
0.136716	0.143596
0.136716	0.151425
0.136716	0.134326
0.136716	0.179944
0.112414	0.252167
0.112414	0.232411
0.112414	0.219229
0.112414	0.208515
0.112414	0.208885
0.112414	0.219588
0.112414	0.223022
0.112414	0.337583
0.332940	0.248695
0.332940	0.244994
0.332940	0.270891
0.332940	0.260136
0.332940	0.257705
0.332940	0.233252
0.332940	0.250935
0.255192	0.296451
0.255192	0.293158
0.255192	0.294154
0.255192	0.315167
0.255192	0.295346
0.255192	0.231031
0.255192	0.258840
0.255192	0.265795
0.028411	0.168975
0.028411	0.168904
0.028411	0.168866
0.028411	0.150439
0.028411	0.159213
0.028411	0.193715
0.097536	0.248124
0.097536	0.186589
0.097536	0.187336
0.097536	0.203764
0.097536	0.202399
0.097536	0.183584
0.097536	0.196495
0.097536	0.234629
0.029733	0.092725
0.029733	0.102688
0.029733	0.091759
0.029733	0.083799
0.029733	0.085891
0.029733	0.072941
0.029733	0.096095
0.048170	0.124600
0.048170	0.119176
0.048170	0.127598
0.048170	0.117367
0.048170	0.169619
0.048170	0.124195
0.128441	0.246267
0.128441	0.263059
0.128441	0.278007
0.128441	0.263438
0.128441	0.280236
0.128441	0.274211
0.128441	0.220428
0.128441	0.371387
0.128441	0.237519
0.033510	0.133287
0.033510	0.148905
0.033510	0.138126
0.033510	0.132439
0.033510	0.114103
0.033510	0.133754
0.033510	0.299064
0.045544	0.082160
0.045544	0.080249
0.045544	0.099275
0.045544	0.090920
0.045544	0.085935
0.045544	0.082241
0.045544	0.082149
0.042039	0.202455
0.042039	0.204956
0.042039	0.219438
0.042039	0.200557
0.042039	0.235452
0.042039	0.197619
0.042039	0.225402
0.042039	0.217852
0.042039	0.201075
0.040602	0.254438
0.040602	0.286056
0.040602	0.284195
0.040602	0.299642
0.040602	0.345305
0.040602	0.298030
0.040602	0.289727
0.040602	0.393657
0.057828	0.140565
0.057828	0.138571
0.057828	0.128166
0.057828	0.121439
0.057828	0.121580
0.045454	0.170264
0.045454	0.159929
0.045454	0.172379
0.045454	0.156226
0.045454	0.155931
0.045454	0.173915
0.045454	0.162332
0.045454	0.194729
0.045454	0.173533
0.045454	0.212244
0.045454	0.175209
0.045454	0.171988
0.019569	0.255367
0.019569	0.269042
0.019569	0.288303
0.019569	0.293664
0.019569	0.302334
0.019569	0.229335
0.019569	0.269792
0.019569	0.279633
0.033586	0.266152
0.033586	0.297282
0.033586	0.274712
0.033586	0.266502
0.033586	0.286595
0.033586	0.452519
0.033586	0.448024
0.033586	0.427565
0.049807	0.140362
0.049807	0.160495
0.049807	0.134662
0.049807	0.131201
0.049807	0.119357
0.073394	0.258840
0.073394	0.244977
0.073394	0.273244
0.073394	0.252077
0.073394	0.242082
0.073394	0.251897
0.073394	0.288480
0.073394	0.271956
0.073394	0.266838
0.064985	0.284555
0.064985	0.324437
0.064985	0.270185
0.064985	0.273354
0.064985	0.293847
0.064985	0.290116
0.064985	0.313121
0.064985	0.410937
0.137458	0.269154
0.137458	0.275149
0.137458	0.268263
0.137458	0.244689
0.137458	0.243552
0.137458	0.313753
0.137458	0.462641
0.137458	0.460149
0.049122	0.163980
0.049122	0.176068
0.049122	0.161699
0.049122	0.169007
0.049122	0.146983
0.049122	0.145533
0.046906	0.297803
0.046906	0.315848
0.046906	0.354222
0.046906	0.316964
0.046906	0.352887
0.046906	0.266704
0.046906	0.276117
0.046906	0.340069
0.062333	0.424393
0.062333	0.430214
0.062333	0.433779
0.062333	0.453726
0.062333	0.437559
0.062333	0.425851
0.062333	0.432799
0.062333	0.422423
0.062333	0.477486
0.045787	0.388143
0.045787	0.330631
0.045787	0.392658
0.045787	0.396612
0.045787	0.414331
0.045787	0.401678
0.045787	0.394433
0.045787	0.413703
0.045787	0.419306
0.045787	0.421214
0.045787	0.439369
0.045787	0.464691
0.097852	0.326606
0.097852	0.296832
0.097852	0.295751
0.097852	0.320377
0.097852	0.317700
0.097852	0.344731
0.097852	0.345849
0.097852	0.348188
0.097852	0.369005
0.097852	0.389662
0.097852	0.353575
0.097852	0.422162
0.013478	0.336244
0.013478	0.316222
0.013478	0.336731
0.013478	0.300084
0.013478	0.298167
0.013478	0.307552
0.013478	0.317178
0.013478	0.336313
0.052276	0.241526
0.052276	0.239227
0.052276	0.237377
0.052276	0.230453
0.052276	0.283444
0.168992	0.210856
0.168992	0.164175
0.168992	0.175850
0.168992	0.225154
0.168992	0.155370
0.168992	0.172418
0.112362	0.174657
0.112362	0.180300
0.112362	0.174151
0.112362	0.178183
0.112362	0.162547
0.112362	0.146333
0.112362	0.161108
0.200460	0.235954
0.200460	0.209683
0.200460	0.194303
0.200460	0.190720
0.200460	0.257342
0.200460	0.222054
0.200460	0.196979
0.200460	0.234521
0.048795	0.173952
0.048795	0.131677
0.048795	0.157357
0.048795	0.187510
0.048795	0.153772
0.048795	0.142963
0.048795	0.120232
0.048795	0.158953
0.090966	0.207211
0.090966	0.233811
0.090966	0.219612
0.090966	0.204324
0.090966	0.246955
0.090966	0.237666
0.090966	0.225916
0.090966	0.250409
0.090966	0.232212
0.040881	0.185683
0.040881	0.128664
0.040881	0.159122
0.040881	0.188483
0.040881	0.172190
0.040881	0.139789
0.040881	0.193683
0.040881	0.169469
0.033159	0.218780
0.033159	0.221927
0.033159	0.228366
0.033159	0.220606
0.033159	0.235442
0.033159	0.243198
0.033159	0.220829
0.033159	0.230487
0.033159	0.225321
0.073886	0.252092
0.073886	0.228007
0.073886	0.264036
0.073886	0.311094
0.073886	0.262777
0.073886	0.240633
0.073886	0.240775
0.073886	0.274567
0.073886	0.268023
0.036812	0.222775
0.036812	0.239615
0.036812	0.210216
0.036812	0.219332
0.036812	0.209181
0.036812	0.215533
0.036812	0.260800
0.036812	0.283175
0.049754	0.362556
0.049754	0.292456
0.049754	0.326962
0.049754	0.323089
0.049754	0.313795
0.049754	0.300640
0.049754	0.330594
0.049754	0.441972
0.046153	0.300618
0.046153	0.274892
0.046153	0.261638
0.046153	0.285672
0.046153	0.379528
0.056536	0.345756
0.056536	0.289778
0.056536	0.323274
0.056536	0.300299
0.056536	0.479546
0.021490	0.408525
0.021490	0.330075
0.021490	0.350815
0.021490	0.399186
0.021490	0.322763
0.021490	0.389964
0.021490	0.370219
0.021490	0.501684
0.030724	0.307209
0.030724	0.337189
0.030724	0.332916
0.030724	0.487149
0.030724	0.327729
0.030724	0.309571
0.032266	0.414345
0.032266	0.469527
0.032266	0.432261
0.032266	0.471628
0.032266	0.454204
0.032266	0.468066
0.032266	0.385416
0.032266	0.392762
0.032266	0.284753
0.056811	0.381999
0.056811	0.370943
0.056811	0.404735
0.056811	0.411308
0.056811	0.486860
0.056811	0.427035
0.056811	0.339491
0.056811	0.394886
0.056811	0.347699
0.060771	0.253238
0.060771	0.239750
0.060771	0.248498
0.060771	0.334358
0.060771	0.266548
0.060771	0.241835
0.060771	0.255554
0.075072	0.188330
0.075072	0.192636
0.075072	0.186183
0.075072	0.196628
0.075072	0.187750
0.075072	0.183870
0.075072	0.170056
0.075072	0.159321
0.117545	0.279530
0.117545	0.219349
0.117545	0.258710
0.117545	0.317005
0.117545	0.286826
0.117545	0.241119
0.117545	0.246753
0.117545	0.273069
0.117545	0.263971
0.117545	0.239872
0.058116	0.203129
0.058116	0.232270
0.058116	0.228069
0.058116	0.203161
0.058116	0.212587
0.058116	0.193299
0.058116	0.168634
0.058116	0.245587
0.106694	0.198589
0.106694	0.175348
0.106694	0.168547
0.106694	0.253331
0.106694	0.185891
0.106694	0.157779
0.106694	0.207780
0.053789	0.157765
0.053789	0.157905
0.053789	0.186345
0.053789	0.156383
0.053789	0.150687
0.053789	0.181310
0.053789	0.213231
0.053789	0.180095
0.053789	0.175627
0.053789	0.170419
0.053789	0.171071
0.053789	0.231925
0.078782	0.060876
0.078782	0.081017
0.078782	0.084988
0.078782	0.080993
0.078782	0.084700
0.078782	0.101959
0.078782	0.072037
0.077951	0.190409
0.077951	0.200722
0.077951	0.222810
0.077951	0.207656
0.077951	0.314790
0.077951	0.188264
0.077951	0.166783
0.084869	0.254420
0.084869	0.289326
0.084869	0.248184
0.084869	0.445057
0.084869	0.439402
0.084869	0.506930
0.052597	0.294421
0.052597	0.315883
0.052597	0.293515
0.052597	0.286794
0.052597	0.257700
0.052597	0.302707
0.052597	0.315176
0.052597	0.621686
0.052597	0.330240
0.052597	0.656191
0.044952	0.133404
0.044952	0.128244
0.044952	0.129582
0.044952	0.111453
0.044952	0.129155
0.044952	0.101053
0.044952	0.093989
0.044952	0.127415
0.039057	0.289927
0.039057	0.276967
0.039057	0.266339
0.039057	0.245181
0.039057	0.333463
0.039057	0.339977
0.039057	0.347286
0.039057	0.512463
0.039057	0.307258
0.039057	0.468137
0.039057	0.320399
0.039057	0.321550
0.050610	0.301836
0.050610	0.342036
0.050610	0.268614
0.050610	0.278903
0.050610	0.556563
0.050610	0.324150
0.050610	0.518676
0.050610	0.315817
0.050610	0.533528
0.050610	0.343909
0.048641	0.164082
0.048641	0.140448
0.048641	0.131870
0.048641	0.121676
0.048641	0.133863
0.048641	0.154698
0.048641	0.101632
0.048641	0.147654
0.182501	0.096940
0.182501	0.083304
0.182501	0.094717
0.182501	0.075455
0.182501	0.083999
0.182501	0.075052
0.182501	0.078313
0.182501	0.095258
0.062759	0.177806
0.062759	0.182672
0.062759	0.182179
0.062759	0.167485
0.062759	0.229643
0.062759	0.243443
0.062759	0.212724
0.062759	0.411507
0.062759	0.198099
0.062759	0.384805
0.062759	0.324319
0.135359	0.197399
0.135359	0.195953
0.135359	0.186186
0.135359	0.197165
0.135359	0.197849
0.135359	0.218968
0.135359	0.237900
0.135359	0.370593
0.135359	0.394610
0.103071	0.090956
0.103071	0.093036
0.103071	0.086531
0.103071	0.087018
0.103071	0.078112
0.103071	0.085016
0.103071	0.093966
0.103071	0.114155
0.185737	0.095265
0.185737	0.093824
0.185737	0.110454
0.185737	0.102259
0.185737	0.094329
0.185737	0.102283
0.185737	0.101281
0.185737	0.101455
0.185737	0.102277
0.185737	0.111335
0.185737	0.112250
0.143705	0.175481
0.143705	0.181666
0.143705	0.208121
0.143705	0.197859
0.143705	0.217992
0.143705	0.200028
0.143705	0.195774
0.143705	0.218807
0.143705	0.377895
0.193436	0.137907
0.193436	0.150975
0.193436	0.157938
0.193436	0.153713
0.193436	0.263923
0.193436	0.179248
0.193436	0.323970
0.193436	0.211430
0.184791	0.088754
0.184791	0.097620
0.184791	0.098530
0.184791	0.093246
0.184791	0.079227
0.076648	0.122472
0.076648	0.127911
0.076648	0.132646
0.076648	0.122328
0.076648	0.125301
0.076648	0.114777
0.076648	0.117142
0.076648	0.122744
0.200600	0.248837
0.200600	0.269510
0.200600	0.265405
0.200600	0.257417
0.200600	0.243964
0.200600	0.251438
0.200600	0.320217
0.200600	0.299222
0.200600	0.305842
0.200600	0.292365
0.200600	0.428682
0.116561	0.129094
0.116561	0.178434
0.116561	0.132943
0.116561	0.128030
0.116561	0.225363
0.076444	0.158384
0.076444	0.146037
0.076444	0.152995
0.076444	0.155152
0.076444	0.137767
0.076444	0.168630
0.076444	0.145189
0.104853	0.157160
0.104853	0.156340
0.104853	0.166391
0.104853	0.182011
0.104853	0.171037
0.104853	0.245971
0.104853	0.170075
0.118382	0.278978
0.118382	0.280200
0.118382	0.297940
0.118382	0.303632
0.118382	0.286825
0.118382	0.305815
0.118382	0.257128
0.118382	0.277262
0.118382	0.303156
0.118225	0.217194
0.118225	0.241156
0.118225	0.230940
0.118225	0.265860
0.118225	0.261251
0.118225	0.207273
0.069460	0.328547
0.069460	0.330680
0.069460	0.338244
0.069460	0.427592
0.069460	0.314071
0.069460	0.324112
0.069460	0.365683
0.069460	0.320864
0.069460	0.439331
0.069460	0.332898
0.184367	0.408848
0.184367	0.428045
0.184367	0.390893
0.184367	0.417223
0.184367	0.415196
0.184367	0.409367
0.184367	0.370487
0.184367	0.332668
0.184367	0.451946
0.122808	0.358885
0.122808	0.318195
0.122808	0.311969
0.122808	0.326137
0.122808	0.314639
0.122808	0.360803
0.078971	0.315691
0.078971	0.289090
0.078971	0.324181
0.078971	0.434547
0.078971	0.278829
0.078971	0.345446
0.067098	0.294543
0.067098	0.351450
0.067098	0.308746
0.067098	0.414049
0.067098	0.366165
0.067098	0.310764
0.067098	0.295837
0.067098	0.354546
0.121278	0.269679
0.121278	0.285808
0.121278	0.270958
0.121278	0.273362
0.121278	0.298349
0.121278	0.241453
0.121278	0.273863
0.121278	0.340749
0.104015	0.246271
0.104015	0.195813
0.104015	0.221737
0.104015	0.257556
0.104015	0.251007
0.104015	0.194886
0.104015	0.213849
0.104015	0.248328
0.069781	0.224901
0.069781	0.243283
0.069781	0.225131
0.069781	0.219823
0.069781	0.224185
0.069781	0.256239
0.069781	0.210257
0.136143	0.195366
0.136143	0.177066
0.136143	0.189657
0.136143	0.235195
0.136143	0.169767
0.136143	0.231648
0.136143	0.233273
0.193853	0.118669
0.193853	0.118794
0.193853	0.133314
0.193853	0.122914
0.193853	0.113800
0.193853	0.124302
0.193853	0.107897
0.193853	0.110080
0.038891	0.193039
0.038891	0.184501
0.038891	0.180077
0.038891	0.188081
0.038891	0.249693
0.038891	0.188244
0.038891	0.245883
0.038891	0.199630
0.038891	0.207026
0.085917	0.084650
0.085917	0.087439
0.085917	0.098267
0.085917	0.094926
0.085917	0.092761
0.085917	0.092290
0.085917	0.075597
0.091155	0.141334
0.091155	0.139398
0.091155	0.154520
0.091155	0.150976
0.091155	0.176072
0.091155	0.145657
0.091155	0.200148
0.091155	0.210779
0.035111	0.114416
0.035111	0.097206
0.035111	0.123369
0.035111	0.109300
0.035111	0.109503
0.035111	0.105207
0.035111	0.110276
0.098092	0.120241
0.098092	0.125234
0.098092	0.127545
0.098092	0.130973
0.098092	0.223495
0.054673	0.203953
0.054673	0.170618
0.054673	0.208894
0.054673	0.205877
0.054673	0.174727
0.054673	0.224588
0.054673	0.220700
0.054673	0.385272
0.066968	0.247600
0.066968	0.290429
0.066968	0.250712
0.066968	0.322411
0.141415	0.419479
0.141415	0.416814
0.141415	0.406174
0.141415	0.422665
0.141415	0.446118
0.141415	0.457689
0.141415	0.311466
0.141415	0.318157
0.141415	0.298797
0.205760	0.376081
0.205760	0.386985
0.205760	0.390352
0.205760	0.386347
0.205760	0.423866
0.205760	0.394248
0.205760	0.391100
0.205760	0.327516
0.205760	0.423252
0.042833	0.301164
0.042833	0.259937
0.042833	0.295540
0.042833	0.285575
0.042833	0.308510
0.042833	0.304761
0.042833	0.363915
0.042833	0.311775
0.064133	0.155284
0.064133	0.131957
0.064133	0.152746
0.064133	0.156152
0.064133	0.137546
0.064133	0.133111
0.064133	0.145135
0.064133	0.127879
0.137269	0.123015
0.137269	0.106400
0.137269	0.126578
0.137269	0.122415
0.137269	0.169757
0.137269	0.145768
0.099026	0.100150
0.099026	0.085770
0.099026	0.106775
0.099026	0.088751
0.099026	0.085326
0.099026	0.086811
0.099026	0.088756
0.099026	0.089871
0.268523	0.182818
0.268523	0.170836
0.268523	0.173767
0.268523	0.174676
0.268523	0.235464
0.268523	0.169790
0.268523	0.222598
0.268523	0.183522
0.268523	0.209537
0.261136	0.099416
0.261136	0.096068
0.261136	0.108599
0.261136	0.108383
0.261136	0.111760
0.261136	0.098864
0.261136	0.096655
0.261136	0.086373
0.159220	0.107874
0.159220	0.103293
0.159220	0.113182
0.159220	0.124450
0.159220	0.161068
0.159220	0.197791
0.062335	0.155070
0.062335	0.157346
0.062335	0.165316
0.062335	0.171245
0.062335	0.135354
0.062335	0.148558
0.062335	0.151858
0.062335	0.175975
0.069334	0.286836
0.069334	0.262787
0.069334	0.277806
0.069334	0.301696
0.069334	0.300762
0.069334	0.323818
0.069334	0.366836
0.069334	0.293271
0.069334	0.270288
0.069334	0.288377
0.069334	0.317306
0.030147	0.113424
0.030147	0.108779
0.030147	0.126843
0.030147	0.181823
0.051964	0.173910
0.051964	0.229783
0.051964	0.174284
0.051964	0.201045
0.055829	0.153705
0.055829	0.130519
0.055829	0.150751
0.055829	0.211874
0.101091	0.167167
0.101091	0.167313
0.101091	0.167941
0.101091	0.172114
0.101091	0.149594
0.101091	0.228939
0.101091	0.368807
0.140424	0.269407
0.140424	0.259971
0.140424	0.249315
0.140424	0.249684
0.140424	0.262909
0.140424	0.274433
0.140424	0.278502
0.079206	0.257793
0.079206	0.243823
0.079206	0.251971
0.079206	0.238780
0.079206	0.252429
0.079206	0.256236
0.079206	0.427460
0.079206	0.234657
0.168461	0.404257
0.168461	0.388571
0.168461	0.389966
0.168461	0.439881
0.168461	0.355677
0.168461	0.382207
0.168461	0.298855
0.168461	0.320876
0.168461	0.308199
0.168461	0.397506
0.168461	0.330101
0.101002	0.287290
0.101002	0.285312
0.101002	0.287673
0.101002	0.288699
0.101002	0.290005
0.101002	0.292774
0.101002	0.390134
0.101002	0.297076
0.101002	0.255667
0.074183	0.175424
0.074183	0.173751
0.074183	0.185497
0.074183	0.185001
0.074183	0.172765
0.074183	0.174972
0.074183	0.310848
0.074183	0.182427
0.094217	0.270443
0.094217	0.392063
0.094217	0.291020
0.094217	0.421532
0.094217	0.336113
0.094217	0.273487
0.094217	0.241330
0.094217	0.256368
0.094217	0.302316
0.149228	0.339000
0.149228	0.349432
0.149228	0.350892
0.149228	0.348980
0.149228	0.365689
0.149228	0.383915
0.149228	0.350903
0.149228	0.316090
0.149228	0.368052
0.149228	0.339899
0.149228	0.364535
0.081156	0.168496
0.081156	0.182807
0.081156	0.192710
0.081156	0.214562
0.081156	0.162931
0.081156	0.163059
0.081156	0.211333
0.081156	0.401145
0.062111	0.191591
0.062111	0.191621
0.062111	0.215084
0.062111	0.213205
0.062111	0.254874
0.062111	0.215246
0.062111	0.270668
0.062111	0.220341
0.062111	0.260113
0.062111	0.246815
0.062111	0.234446
0.086933	0.186048
0.086933	0.173947
0.086933	0.164350
0.086933	0.180311
0.086933	0.177969
0.086933	0.151388
0.141389	0.173313
0.141389	0.194067
0.141389	0.171356
0.141389	0.180737
0.141389	0.172218
0.141389	0.190698
0.141389	0.178365
0.141389	0.183270
0.141389	0.195198
0.141389	0.211137
0.141389	0.188341
0.141389	0.214233
0.074945	0.193508
0.074945	0.169734
0.074945	0.208544
0.074945	0.192180
0.074945	0.168311
0.074945	0.179811
0.074945	0.167196
0.074945	0.166598
0.042108	0.287362
0.042108	0.295444
0.042108	0.311498
0.042108	0.389284
0.042108	0.276372
0.042108	0.272887
0.042108	0.269082
0.042108	0.249393
0.042108	0.366596
0.042108	0.268026
0.042108	0.268762
0.042108	0.294905
0.344889	0.176271
0.344889	0.230420
0.344889	0.218397
0.344889	0.228310
0.344889	0.224906
0.344889	0.260042
0.251860	0.238309
0.251860	0.247705
0.251860	0.300136
0.251860	0.246027
0.251860	0.225236
0.251860	0.209306
0.251860	0.234366
0.107257	0.361619
0.107257	0.352231
0.107257	0.318314
0.107257	0.370914
0.107257	0.247813
0.107257	0.228216
0.107257	0.222488
0.107257	0.221948
0.188987	0.239324
0.188987	0.258292
0.188987	0.283946
0.188987	0.246445
0.188987	0.372990
0.237885	0.443949
0.237885	0.280226
0.237885	0.228573
0.237885	0.267933
0.530307	0.470690
0.530307	0.339333
0.530307	0.343026
0.530307	0.435383
0.530307	0.487290
0.530307	0.324122
0.530307	0.506063
0.530307	0.293397
0.530307	0.398512
0.530307	0.311731
0.530307	0.339774
0.661113	0.137453
0.661113	0.215877
0.661113	0.154370
0.661113	0.160184
0.286627	0.272026
0.286627	0.248978
0.286627	0.300975
0.286627	0.293027
0.286627	0.414682
0.286627	0.266857
0.286627	0.373057
0.286627	0.233774
0.286627	0.244281
0.286627	0.239811
0.286627	0.209865
0.286627	0.174324
0.272098	0.269400
0.272098	0.216989
0.272098	0.131809
0.272098	0.135885
0.107026	0.186051
0.107026	0.146814
0.107026	0.156951
0.107026	0.154397
0.107026	0.129562
0.107026	0.167238
0.107026	0.243946
0.107026	0.174898
0.198540	0.159344
0.198540	0.182310
0.198540	0.153512
0.198540	0.203322
0.198540	0.158780
0.198540	0.151561
0.198540	0.150861
0.141862	0.194133
0.141862	0.203692
0.141862	0.212213
0.141862	0.193939
0.141862	0.211888
0.141862	0.228578
0.141862	0.291088
0.141862	0.421813
0.118565	0.142260
0.118565	0.130668
0.118565	0.142168
0.118565	0.131441
0.118565	0.115685
0.118565	0.134149
0.095472	0.304214
0.095472	0.292924
0.095472	0.327304
0.095472	0.303728
0.095472	0.269173
0.095472	0.272406
0.095472	0.267057
0.095472	0.298049
0.095472	0.240633
0.095472	0.258906
0.095472	0.262868
0.081887	0.215295
0.081887	0.228317
0.081887	0.235509
0.081887	0.218115
0.081887	0.217003
0.081887	0.256111
0.081887	0.200156
0.081887	0.247373
0.056941	0.326990
0.056941	0.340282
0.056941	0.193934
0.056941	0.247067
0.056941	0.262346
0.056941	0.423581
0.056941	0.322919
0.056941	0.427040
0.056941	0.315677
0.056941	0.533099
0.056941	0.428841
0.056941	0.610317
0.056214	0.131720
0.056214	0.158080
0.056214	0.160908
0.056214	0.157716
0.056214	0.119016
0.074405	0.420773
0.074405	0.435047
0.074405	0.491036
0.074405	0.433856
0.074405	0.444573
0.074405	0.322446
0.074405	0.460345
0.074405	0.356703
0.074405	0.440351
0.030181	0.266693
0.030181	0.382930
0.030181	0.361706
0.030181	0.254246
0.030181	0.245020
0.030181	0.401104
0.030181	0.385604
0.030181	0.260552
0.030181	0.285704
0.030181	0.244363
0.030181	0.271114
0.030181	0.220987
0.101879	0.201218
0.101879	0.192398
0.101879	0.191323
0.101879	0.211504
0.101879	0.239156
0.101879	0.190611
0.101879	0.188056
0.101879	0.229338
0.101879	0.196711
0.101879	0.234453
0.101879	0.233719
0.060558	0.452928
0.060558	0.284550
0.060558	0.406495
0.060558	0.306527
0.060558	0.262105
0.060558	0.395241
0.060558	0.230959
0.060558	0.228147
0.060558	0.282990
0.090327	0.180923
0.090327	0.182354
0.090327	0.188333
0.090327	0.197246
0.100436	0.213022
0.100436	0.199206
0.100436	0.216110
0.100436	0.201144
0.100436	0.218700
0.100436	0.202291
0.100436	0.209610
0.100436	0.208127
0.074851	0.141823
0.074851	0.135348
0.074851	0.130607
0.074851	0.140390
0.074851	0.123582
0.074851	0.143237
0.074851	0.111572
0.074851	0.140235
0.064965	0.186442
0.064965	0.175969
0.064965	0.190431
0.064965	0.183323
0.064965	0.169071
0.064965	0.207391
0.064965	0.182128
0.064965	0.239069
0.064965	0.235714
0.044705	0.159145
0.044705	0.134911
0.044705	0.146605
0.044705	0.169644
0.044705	0.150795
0.044705	0.147841
0.044705	0.148920
0.044705	0.200284
0.051672	0.182509
0.051672	0.214678
0.051672	0.215179
0.051672	0.213637
0.051672	0.255117
0.051672	0.201072
0.051672	0.240645
0.051672	0.222705
0.051672	0.242943
0.051672	0.239529
0.051672	0.243438
0.036214	0.191500
0.036214	0.165725
0.036214	0.187212
0.036214	0.246515
0.036214	0.154785
0.036214	0.168688
0.115464	0.231363
0.115464	0.240806
0.115464	0.249934
0.115464	0.232002
0.115464	0.226487
0.115464	0.259919
0.115464	0.247397
0.115464	0.288007
0.124755	0.314652
0.124755	0.301430
0.124755	0.316482
0.124755	0.300003
0.124755	0.290785
0.124755	0.309048
0.124755	0.254492
0.124755	0.272878
0.124755	0.260598
0.034930	0.242623
0.034930	0.246334
0.034930	0.230641
0.034930	0.251347
0.020249	0.247062
0.020249	0.265950
0.020249	0.254075
0.020249	0.270934
0.020249	0.243862
0.020249	0.234974
0.020249	0.262247
0.020249	0.254206
0.020249	0.242070
0.020249	0.304169
0.020249	0.257895
0.034910	0.132701
0.034910	0.120889
0.034910	0.135010
0.034910	0.131210
0.082565	0.133560
0.082565	0.129126
0.082565	0.127069
0.082565	0.128556
0.082565	0.109213
0.082565	0.153261
0.082565	0.145399
0.234982	0.168817
0.234982	0.155803
0.234982	0.178021
0.234982	0.171124
0.234982	0.191949
0.234982	0.173567
0.234982	0.185360
0.234982	0.231954
0.097326	0.097080
0.097326	0.088624
0.097326	0.096825
0.097326	0.093989
0.097326	0.110428
0.199186	0.092253
0.199186	0.085887
0.199186	0.104457
0.199186	0.098793
0.199186	0.100508
0.199186	0.100010
0.199186	0.166135
0.056707	0.088567
0.056707	0.092414
0.056707	0.109376
0.056707	0.100173
0.056707	0.082713
0.056707	0.095422
0.056707	0.096862
0.056707	0.084015
0.112858	0.185916
0.112858	0.209816
0.112858	0.224376
0.112858	0.194281
0.112858	0.254698
0.112858	0.219473
0.112858	0.217293
0.112858	0.236430
0.112858	0.218927
0.112858	0.222669
0.112858	0.191897
0.112858	0.218846
0.060470	0.146530
0.060470	0.137375
0.060470	0.151112
0.060470	0.132601
0.060470	0.138418
0.060470	0.133606
0.060470	0.143718
0.060470	0.180760
0.209876	0.308542
0.209876	0.288573
0.209876	0.285999
0.209876	0.357780
0.209876	0.317439
0.209876	0.291206
0.209876	0.302319
0.209876	0.309357
0.209876	0.382463
0.067607	0.200501
0.067607	0.192209
0.067607	0.229782
0.067607	0.343529
0.067607	0.220276
0.154181	0.282556
0.154181	0.268405
0.154181	0.285066
0.154181	0.280724
0.154181	0.265312
0.154181	0.247901
0.154181	0.274713
0.154181	0.312287
0.080383	0.233314
0.080383	0.162865
0.080383	0.181840
0.080383	0.195614
0.080383	0.183164
0.080383	0.214359
0.137001	0.266720
0.137001	0.254942
0.137001	0.271042
0.137001	0.307087
0.137001	0.199625
0.137001	0.248354
0.137001	0.246172
0.164846	0.297948
0.164846	0.354633
0.164846	0.359835
0.164846	0.376755
0.164846	0.354010
0.164846	0.274892
0.164846	0.270608
0.164846	0.249283
0.152098	0.149177
0.152098	0.152155
0.152098	0.158266
0.152098	0.156161
0.152098	0.143850
0.152098	0.149698
0.053703	0.162141
0.053703	0.137675
0.053703	0.191966
0.053703	0.191086
0.053703	0.163743
0.053703	0.170635
0.053703	0.162776
0.096067	0.243837
0.096067	0.236990
0.096067	0.275372
0.096067	0.229021
0.096067	0.241130
0.096067	0.185830
0.096067	0.220581
0.096067	0.233880
0.096067	0.246390
0.034871	0.523020
0.034871	0.409702
0.034871	0.527613
0.034871	0.537491
0.034871	0.476619
0.034871	0.535737
0.034871	0.452842
0.034871	0.367857
0.034871	0.343868
0.034871	0.395784
0.034871	0.362028
0.105546	0.213681
0.105546	0.212254
0.105546	0.230641
0.105546	0.234766
0.105546	0.239678
0.105546	0.219623
0.105546	0.174523
0.105546	0.202755
0.061320	0.230771
0.061320	0.236688
0.061320	0.187014
0.061320	0.254763
0.061320	0.247848
0.061320	0.199311
0.061320	0.207023
0.178949	0.203321
0.178949	0.142424
0.178949	0.139297
0.178949	0.197998
0.178949	0.166310
0.178949	0.190790
0.178949	0.256980
0.101585	0.253506
0.101585	0.221923
0.101585	0.224867
0.101585	0.342661
0.101585	0.258593
0.101585	0.197617
0.101585	0.241537
0.101585	0.243211
0.101585	0.227041
0.101585	0.269666
0.101585	0.207835
0.101585	0.210878
0.104403	0.269414
0.104403	0.272209
0.104403	0.256242
0.104403	0.249647
0.104403	0.274226
0.104403	0.246397
0.104403	0.269497
0.104403	0.297022
0.065161	0.282923
0.065161	0.276185
0.065161	0.276299
0.065161	0.287570
0.065161	0.311479
0.065161	0.362420
0.065161	0.253789
0.065161	0.256830
0.065161	0.183872
0.157095	0.204192
0.157095	0.182997
0.157095	0.196061
0.157095	0.187661
0.157095	0.261101
0.157095	0.262525
0.041807	0.152569
0.041807	0.143767
0.041807	0.152843
0.041807	0.144417
0.041807	0.227802
0.021871	0.271711
0.021871	0.257958
0.021871	0.242093
0.021871	0.277419
0.021871	0.267862
0.021871	0.261505
0.021871	0.307655
0.021871	0.244444
0.021871	0.308417
0.021871	0.238906
0.021871	0.259181
0.021871	0.225837
0.021871	0.230181
0.021871	0.217934
0.060185	0.337962
0.060185	0.330803
0.060185	0.362921
0.060185	0.392858
0.060185	0.320009
0.060185	0.318151
0.060185	0.277461
0.060185	0.299119
0.060185	0.271028
0.060185	0.311470
0.060185	0.334801
0.097061	0.265164
0.097061	0.287290
0.097061	0.303522
0.097061	0.420789
0.097061	0.319837
0.097061	0.283301
0.097061	0.339977
0.097061	0.274132
0.097061	0.361503
0.097061	0.409374
0.029082	0.227204
0.029082	0.233373
0.029082	0.239113
0.029082	0.306976
0.029082	0.307857
0.029082	0.246069
0.029082	0.266920
0.029082	0.303429
0.029082	0.272210
0.029082	0.254059
0.029082	0.221824
0.029082	0.259798
0.070379	0.366892
0.070379	0.310434
0.070379	0.348192
0.070379	0.441309
0.070379	0.312122
0.070379	0.261430
0.070379	0.333514
0.070379	0.289907
0.070379	0.440267
