Ground Truth	Predictions
1.000000	0.413036
1.000000	0.394542
1.000000	0.362496
1.000000	0.344312
1.000000	0.394379
1.000000	0.426815
0.352108	0.386512
0.352108	0.343272
0.352108	0.396378
0.352108	0.394694
0.352108	0.370635
0.352108	0.427655
0.352108	0.367113
0.352108	0.379702
0.085567	0.287417
0.085567	0.259559
0.085567	0.297066
0.085567	0.239821
0.085567	0.284446
0.085567	0.258862
0.263003	0.369056
0.263003	0.352538
0.263003	0.356600
0.263003	0.355589
0.263003	0.360141
0.263003	0.369429
0.263003	0.359406
0.263003	0.369782
0.263003	0.375838
0.263003	0.396069
0.263003	0.402586
0.263003	0.504695
0.243103	0.227446
0.243103	0.243929
0.243103	0.239224
0.243103	0.231127
0.243103	0.230992
0.243103	0.221979
0.243103	0.232180
0.099753	0.286436
0.099753	0.285851
0.099753	0.307200
0.099753	0.285838
0.099753	0.311225
0.099753	0.306369
0.099753	0.303565
0.099753	0.300358
0.099753	0.300782
0.099753	0.308107
0.099753	0.317514
0.099753	0.326751
0.099753	0.310883
0.099753	0.262572
0.162030	0.306357
0.162030	0.266559
0.162030	0.324221
0.162030	0.272850
0.162030	0.255985
0.162030	0.297404
0.162030	0.266729
0.053698	0.293963
0.053698	0.279474
0.053698	0.239126
0.053698	0.263571
0.120592	0.238079
0.120592	0.241013
0.120592	0.286964
0.120592	0.321735
0.120592	0.260268
0.134274	0.257017
0.134274	0.261559
0.134274	0.282165
0.134274	0.273073
0.134274	0.292712
0.134274	0.236904
0.134274	0.362618
0.134274	0.408917
0.046829	0.243587
0.046829	0.209899
0.046829	0.236997
0.046829	0.269101
0.046829	0.204877
0.046829	0.207668
0.046829	0.219633
0.046829	0.179120
0.115071	0.231939
0.115071	0.294592
0.115071	0.314213
0.115071	0.379518
0.115071	0.232676
0.115071	0.238963
0.115071	0.374027
0.119836	0.310874
0.119836	0.374085
0.119836	0.337094
0.119836	0.353937
0.119836	0.329035
0.119836	0.436974
0.119836	0.369391
0.130697	0.331361
0.130697	0.296410
0.130697	0.279484
0.130697	0.302975
0.130697	0.366793
0.130697	0.471090
0.077007	0.333605
0.077007	0.291005
0.077007	0.298057
0.077007	0.338254
0.077007	0.401234
0.073218	0.326430
0.073218	0.319143
0.073218	0.345180
0.073218	0.443589
0.073218	0.325478
0.086512	0.362772
0.086512	0.363923
0.086512	0.370356
0.086512	0.340803
0.086512	0.365414
0.086512	0.390653
0.086512	0.348573
0.086512	0.370536
0.086512	0.403408
0.199447	0.375950
0.199447	0.333983
0.199447	0.365168
0.199447	0.377010
0.199447	0.375053
0.199447	0.342061
0.199447	0.381598
0.199447	0.450641
0.199447	0.329206
0.117744	0.329592
0.117744	0.334148
0.117744	0.348904
0.117744	0.343855
0.117744	0.350942
0.117744	0.358669
0.367207	0.369148
0.367207	0.365043
0.367207	0.368833
0.367207	0.374032
0.367207	0.387782
0.367207	0.416889
0.367207	0.417477
0.367207	0.390896
0.367207	0.248622
0.382134	0.339774
0.382134	0.343325
0.382134	0.338179
0.382134	0.307510
0.382134	0.327199
0.382134	0.350820
0.382134	0.399374
0.382134	0.337357
0.469535	0.318129
0.469535	0.365229
0.469535	0.363496
0.469535	0.356652
0.469535	0.388145
0.469535	0.327652
0.469535	0.343242
0.469535	0.411261
0.299065	0.292815
0.299065	0.258240
0.299065	0.291473
0.299065	0.329945
0.299065	0.290003
0.299065	0.279458
0.299065	0.365994
0.416382	0.360235
0.416382	0.359676
0.416382	0.385888
0.416382	0.356351
0.416382	0.340728
0.416382	0.377490
0.416382	0.376385
0.416382	0.364821
0.416382	0.387225
0.416382	0.358304
0.416382	0.374484
0.416382	0.310381
0.103466	0.307125
0.103466	0.295790
0.103466	0.299702
0.103466	0.291631
0.103466	0.316078
0.124638	0.371868
0.124638	0.416087
0.124638	0.373804
0.124638	0.399230
0.124638	0.360315
0.124638	0.403388
0.124638	0.435001
0.110141	0.411054
0.110141	0.351733
0.110141	0.355848
0.110141	0.363610
0.110141	0.326804
0.110141	0.377364
0.110141	0.334504
0.035572	0.309461
0.035572	0.295864
0.035572	0.321940
0.035572	0.358072
0.035572	0.325124
0.035572	0.376824
0.160116	0.430955
0.160116	0.466618
0.160116	0.429417
0.160116	0.512594
0.160116	0.433532
0.160116	0.417227
0.160116	0.406582
0.160116	0.374787
0.160116	0.381699
0.160116	0.473458
0.160116	0.411435
0.089284	0.338000
0.089284	0.370190
0.089284	0.365346
0.089284	0.336215
0.089284	0.472261
0.089284	0.351629
0.065214	0.310268
0.065214	0.297508
0.065214	0.298629
0.065214	0.292506
0.065214	0.310668
0.082649	0.335839
0.082649	0.447259
0.082649	0.291870
0.082649	0.286286
0.137651	0.400231
0.137651	0.397906
0.137651	0.422928
0.137651	0.422808
0.137651	0.399337
0.137651	0.410455
0.137651	0.494796
0.137651	0.457596
0.084256	0.437700
0.084256	0.480265
0.084256	0.441027
0.084256	0.461208
0.084256	0.466514
0.084256	0.501845
0.084256	0.569855
0.084256	0.546435
0.084256	0.559816
0.084256	0.652524
0.084256	0.635300
0.082725	0.347627
0.082725	0.322997
0.082725	0.357320
0.082725	0.342290
0.082725	0.347430
0.082725	0.334118
0.082725	0.320981
0.082725	0.444869
0.082725	0.361016
0.056112	0.392941
0.056112	0.444936
0.056112	0.427936
0.056112	0.458876
0.056112	0.424772
0.056112	0.413673
0.056112	0.376091
0.056112	0.364486
0.056112	0.329034
0.243555	0.410471
0.243555	0.445068
0.243555	0.442740
0.243555	0.483810
0.243555	0.463467
0.243555	0.459553
0.243555	0.447581
0.243555	0.456611
0.243555	0.470517
0.094864	0.353507
0.094864	0.367547
0.094864	0.357945
0.094864	0.333856
0.094864	0.333958
0.094864	0.480234
0.094864	0.324301
0.094616	0.369271
0.094616	0.342322
0.094616	0.357503
0.094616	0.413372
0.094616	0.353129
0.094616	0.337668
0.094616	0.381678
0.220018	0.414116
0.220018	0.426943
0.220018	0.402411
0.220018	0.410036
0.220018	0.447410
0.220018	0.392998
0.220018	0.452219
0.220018	0.470731
0.220018	0.481099
0.220018	0.463886
0.220018	0.457154
0.397218	0.434897
0.397218	0.362070
0.397218	0.404118
0.397218	0.438118
0.397218	0.407824
0.397218	0.302755
0.397218	0.341125
0.397218	0.379614
0.355053	0.414425
0.355053	0.426072
0.355053	0.416326
0.355053	0.469388
0.355053	0.438056
0.355053	0.449218
0.355053	0.402768
0.355053	0.422726
0.355053	0.409020
0.355053	0.397594
0.355053	0.468391
0.242627	0.395353
0.242627	0.370567
0.242627	0.387209
0.242627	0.432803
0.242627	0.416586
0.242627	0.356887
0.242627	0.412658
0.242627	0.427404
0.143497	0.370311
0.143497	0.288300
0.143497	0.311120
0.143497	0.439401
0.143497	0.435483
0.143497	0.324002
0.143497	0.346867
0.143497	0.367254
0.143497	0.352743
0.217852	0.347705
0.217852	0.329751
0.217852	0.338191
0.217852	0.331783
0.217852	0.299611
0.217852	0.366690
0.217852	0.397867
0.118968	0.333043
0.118968	0.280413
0.118968	0.299565
0.118968	0.401231
0.118968	0.374583
0.118968	0.390987
0.118968	0.483803
0.118968	0.292345
0.321271	0.245735
0.321271	0.227267
0.321271	0.237343
0.321271	0.239278
0.321271	0.233528
0.321271	0.210265
0.321271	0.219120
0.321271	0.232159
0.100692	0.247824
0.100692	0.232177
0.100692	0.259271
0.100692	0.251690
0.100692	0.384545
0.100692	0.214504
0.100692	0.231319
0.100692	0.166127
0.104544	0.351908
0.104544	0.308994
0.104544	0.323549
0.104544	0.310675
0.104544	0.353621
0.104544	0.287506
0.104544	0.294214
0.104544	0.384522
0.104544	0.425614
0.104544	0.406711
0.077321	0.300589
0.077321	0.303586
0.077321	0.320512
0.077321	0.309813
0.077321	0.314974
0.077321	0.349915
0.077321	0.339616
0.077321	0.340858
0.077321	0.352253
0.077321	0.362104
0.077321	0.360471
0.077321	0.388697
0.111679	0.282673
0.111679	0.303337
0.111679	0.308343
0.111679	0.307273
0.111679	0.317687
0.111679	0.306712
0.111679	0.361972
0.111679	0.250524
0.111679	0.232565
0.111679	0.247641
0.111679	0.244341
0.067579	0.234738
0.067579	0.271014
0.067579	0.285890
0.067579	0.286028
0.067579	0.233494
0.067579	0.196170
0.067579	0.271255
0.067579	0.224353
0.033490	0.272823
0.033490	0.290934
0.033490	0.270922
0.033490	0.282563
0.033490	0.266126
0.033490	0.308210
0.033490	0.280423
0.060669	0.276857
0.060669	0.278301
0.060669	0.297606
0.060669	0.278424
0.060669	0.291709
0.060669	0.304585
0.060669	0.280418
0.060669	0.417899
0.039992	0.362229
0.039992	0.391848
0.039992	0.402069
0.039992	0.429836
0.039992	0.427130
0.039992	0.408120
0.039992	0.356418
0.039992	0.368369
0.039992	0.231022
0.047951	0.382518
0.047951	0.415216
0.047951	0.417865
0.047951	0.402634
0.047951	0.421813
0.047951	0.433664
0.047951	0.302327
0.047951	0.440188
0.047951	0.310741
0.042616	0.323074
0.042616	0.352094
0.042616	0.313126
0.042616	0.337001
0.042616	0.314143
0.042616	0.384810
0.042616	0.320565
0.042616	0.365779
0.070537	0.392169
0.070537	0.379105
0.070537	0.387376
0.070537	0.329871
0.070537	0.450014
0.070537	0.359222
0.070537	0.457606
0.070537	0.364008
0.070537	0.445132
0.086336	0.383011
0.086336	0.415166
0.086336	0.343740
0.086336	0.454868
0.086336	0.457321
0.046854	0.387372
0.046854	0.455154
0.046854	0.409002
0.046854	0.404627
0.046854	0.405124
0.046854	0.461034
0.046854	0.413372
0.046854	0.457945
0.046854	0.490052
0.059617	0.298609
0.059617	0.296773
0.059617	0.293255
0.059617	0.272529
0.059617	0.311307
0.110698	0.388050
0.110698	0.359939
0.110698	0.388204
0.110698	0.465812
0.110698	0.414800
0.110698	0.408949
0.119458	0.385831
0.119458	0.449507
0.119458	0.464255
0.119458	0.448633
0.119458	0.384656
0.119458	0.417576
0.119458	0.402975
0.095590	0.226566
0.095590	0.274800
0.095590	0.233226
0.095590	0.221742
0.095590	0.189493
0.095590	0.264542
0.095590	0.241321
0.050195	0.336679
0.050195	0.296445
0.050195	0.324813
0.050195	0.408254
0.050195	0.301548
0.050195	0.308422
0.050195	0.304692
0.050195	0.310794
0.050195	0.216850
0.064538	0.195232
0.064538	0.235314
0.064538	0.225943
0.064538	0.241229
0.064538	0.222539
0.086353	0.326124
0.086353	0.311346
0.086353	0.322746
0.086353	0.345592
0.086353	0.268618
0.086353	0.293189
0.086353	0.331208
0.086353	0.317733
0.086353	0.200509
0.126814	0.196495
0.126814	0.206913
0.126814	0.238530
0.126814	0.258863
0.126814	0.225205
0.126814	0.230670
0.126814	0.240562
0.126814	0.192692
0.098261	0.263608
0.098261	0.258610
0.098261	0.255895
0.098261	0.258745
0.098261	0.276385
0.098261	0.315440
0.098261	0.320503
0.098261	0.345002
0.098985	0.241609
0.098985	0.213041
0.098985	0.225946
0.098985	0.205619
0.098985	0.200382
0.098985	0.215032
0.144519	0.212669
0.144519	0.189241
0.144519	0.180473
0.144519	0.175061
0.144519	0.206145
0.144519	0.192430
0.144519	0.225624
0.303888	0.339147
0.303888	0.336152
0.303888	0.338825
0.303888	0.329725
0.303888	0.349742
0.303888	0.356224
0.303888	0.360333
0.303888	0.358590
0.303888	0.305743
0.093145	0.334593
0.093145	0.342784
0.093145	0.348588
0.093145	0.352697
0.093145	0.333479
0.093145	0.381858
0.093145	0.314627
0.093145	0.325745
0.093145	0.331985
0.096488	0.187259
0.096488	0.229972
0.096488	0.196296
0.096488	0.235324
0.096488	0.154064
0.096203	0.263419
0.096203	0.259963
0.096203	0.287892
0.096203	0.284906
0.096203	0.265625
0.096203	0.273142
0.239927	0.333360
0.239927	0.365198
0.239927	0.381055
0.239927	0.412628
0.239927	0.403993
0.239927	0.381504
0.239927	0.404449
0.239927	0.368596
0.239927	0.338008
0.164456	0.352876
0.164456	0.417538
0.164456	0.372016
0.164456	0.477621
0.164456	0.375244
0.164456	0.366488
0.164456	0.369511
0.164456	0.413964
0.104857	0.337727
0.104857	0.334011
0.104857	0.350163
0.104857	0.343646
0.104857	0.303876
0.104857	0.308011
0.104857	0.345317
0.426981	0.374060
0.426981	0.420950
0.426981	0.370582
0.426981	0.363547
0.426981	0.509193
0.426981	0.595060
0.426981	0.384432
0.231564	0.377935
0.231564	0.358548
0.231564	0.361555
0.231564	0.385054
0.231564	0.377947
0.231564	0.395711
0.231564	0.440085
0.338454	0.400039
0.338454	0.394425
0.338454	0.460580
0.338454	0.428093
0.338454	0.487169
0.338454	0.395657
0.338454	0.392307
0.338454	0.425712
0.338454	0.435680
0.338454	0.409815
0.197860	0.346531
0.197860	0.418619
0.197860	0.337492
0.197860	0.351611
0.197860	0.418470
0.197860	0.328793
0.157484	0.383531
0.157484	0.351248
0.157484	0.315297
0.157484	0.326913
0.157484	0.418798
0.127542	0.370135
0.127542	0.322114
0.127542	0.333427
0.127542	0.379150
0.127542	0.362850
0.127542	0.396380
0.127542	0.349415
0.127542	0.423107
0.127542	0.293641
0.088384	0.301357
0.088384	0.295432
0.088384	0.316269
0.088384	0.323487
0.088384	0.288205
0.088384	0.294521
0.048803	0.324162
0.048803	0.333187
0.048803	0.336297
0.048803	0.293602
0.048803	0.293253
0.048803	0.346869
0.048803	0.307127
0.048803	0.398866
0.048803	0.314126
0.125597	0.301055
0.125597	0.233301
0.125597	0.235058
0.125597	0.249169
0.125597	0.238247
0.125597	0.311140
0.125597	0.297702
0.125597	0.269549
0.125597	0.393064
0.125597	0.259318
0.125597	0.352285
0.100449	0.357083
0.100449	0.331309
0.100449	0.355070
0.100449	0.350022
0.068289	0.358179
0.068289	0.362610
0.068289	0.345479
0.068289	0.335307
0.068289	0.350675
0.068289	0.345103
0.068289	0.332828
0.068289	0.350277
0.068289	0.327657
0.068289	0.344630
0.068289	0.334715
0.068289	0.329612
0.043650	0.307826
0.043650	0.289270
0.043650	0.290358
0.043650	0.278972
0.099047	0.313420
0.099047	0.288129
0.099047	0.288076
0.099047	0.277365
0.099047	0.325659
0.170843	0.351977
0.170843	0.350632
0.170843	0.350579
0.170843	0.344919
0.170843	0.334475
0.170843	0.405280
0.170843	0.329433
0.170843	0.412326
0.170843	0.318112
0.094415	0.334265
0.094415	0.337432
0.094415	0.333394
0.094415	0.336581
0.094415	0.339534
0.094415	0.294370
0.094415	0.335863
0.094415	0.347022
0.069720	0.292808
0.069720	0.300990
0.069720	0.297308
0.069720	0.299850
0.069720	0.284599
0.069720	0.268033
0.069720	0.276421
0.070310	0.345336
0.070310	0.369198
0.070310	0.360305
0.070310	0.391609
0.070310	0.401861
0.070310	0.395014
0.070310	0.414473
0.070310	0.422266
0.070310	0.430076
0.070310	0.475008
0.070310	0.451059
0.083628	0.341411
0.083628	0.357650
0.083628	0.354963
0.083628	0.337303
0.083628	0.320941
0.083628	0.320412
0.083628	0.361229
0.083628	0.363497
0.213889	0.338089
0.213889	0.344007
0.213889	0.353875
0.213889	0.333103
0.213889	0.305267
0.213889	0.345752
0.213889	0.348840
0.213889	0.337280
0.128221	0.365539
0.128221	0.332006
0.128221	0.378485
0.128221	0.366484
0.128221	0.340839
0.128221	0.338768
0.056659	0.348728
0.056659	0.390999
0.056659	0.388221
0.056659	0.376996
0.056659	0.339465
0.056659	0.335328
0.169599	0.370964
0.169599	0.360024
0.169599	0.387712
0.169599	0.364929
0.169599	0.357581
0.169599	0.377362
0.169599	0.396665
0.169599	0.346277
0.169599	0.362933
0.055440	0.303478
0.055440	0.289033
0.055440	0.295157
0.055440	0.285874
0.055440	0.284943
0.345750	0.303771
0.345750	0.300134
0.345750	0.310465
0.345750	0.311538
0.345750	0.321884
0.345750	0.339365
0.345750	0.310178
0.124619	0.310313
0.124619	0.321211
0.124619	0.320365
0.124619	0.322243
0.124619	0.296026
0.124619	0.274437
0.124619	0.308388
0.124619	0.271312
0.077215	0.308796
0.077215	0.246199
0.077215	0.298371
0.077215	0.292593
0.077215	0.237044
0.077215	0.295564
0.077215	0.249539
0.077215	0.286036
0.077215	0.260651
0.077215	0.295524
0.099303	0.188167
0.099303	0.188802
0.099303	0.179186
0.099303	0.166048
0.099303	0.173776
0.099303	0.163435
0.099303	0.165550
0.099303	0.157821
0.291465	0.284014
0.291465	0.292138
0.291465	0.294443
0.291465	0.288912
0.291465	0.317961
0.291465	0.294083
0.291465	0.340384
0.291465	0.289760
0.291465	0.298452
0.291465	0.256066
0.067170	0.256089
0.067170	0.260114
0.067170	0.268658
0.067170	0.265955
0.067170	0.275789
0.067170	0.261106
0.039012	0.195999
0.039012	0.204011
0.039012	0.172900
0.039012	0.170492
0.039012	0.157383
0.039012	0.188806
0.039012	0.260507
0.166127	0.207860
0.166127	0.210640
0.166127	0.231005
0.166127	0.236938
0.166127	0.231920
0.166127	0.239846
0.166127	0.290641
0.166127	0.233029
0.166127	0.271353
0.166127	0.242427
0.166127	0.228402
0.166127	0.245209
0.166127	0.221358
0.166127	0.231860
0.176920	0.304385
0.176920	0.320065
0.176920	0.328171
0.176920	0.321508
0.176920	0.336286
0.176920	0.323428
0.176920	0.303346
0.176920	0.314347
0.176920	0.270864
0.043796	0.275730
0.043796	0.300662
0.043796	0.296600
0.043796	0.298084
0.043796	0.314457
0.043796	0.278802
0.043796	0.276926
0.043796	0.314214
0.056276	0.197141
0.056276	0.195952
0.056276	0.204400
0.056276	0.221660
0.056276	0.191487
0.056276	0.180967
0.056276	0.194709
0.056276	0.202054
0.107846	0.241073
0.107846	0.270339
0.107846	0.282393
0.107846	0.270411
0.107846	0.238653
0.107846	0.251324
0.107846	0.243371
0.107846	0.240775
0.052242	0.368435
0.052242	0.318372
0.052242	0.393865
0.052242	0.324237
0.052242	0.316262
0.052242	0.336998
0.052242	0.310688
0.052242	0.336432
0.052242	0.324152
0.039471	0.339982
0.039471	0.299929
0.039471	0.334817
0.039471	0.315901
0.039471	0.290599
0.039471	0.271976
0.039471	0.332488
0.039471	0.270814
0.086048	0.309593
0.086048	0.280821
0.086048	0.289290
0.086048	0.292370
0.086048	0.301422
0.086048	0.269739
0.086048	0.281802
0.056156	0.249667
0.056156	0.276325
0.056156	0.272075
0.056156	0.306422
0.056156	0.228883
0.056156	0.289785
0.056156	0.272856
0.028251	0.280350
0.028251	0.230734
0.028251	0.275788
0.028251	0.257374
0.028251	0.270300
0.028251	0.247045
0.028251	0.267724
0.189558	0.250555
0.189558	0.226300
0.189558	0.234027
0.189558	0.254301
0.189558	0.230211
0.189558	0.273796
0.189558	0.230003
0.046760	0.186526
0.046760	0.195658
0.046760	0.187442
0.046760	0.189935
0.046760	0.153957
0.046760	0.179768
0.046760	0.206937
0.046760	0.182105
0.066364	0.222766
0.066364	0.203828
0.066364	0.204136
0.066364	0.233250
0.066364	0.224404
0.066364	0.191545
0.066364	0.191871
0.066364	0.228567
0.158965	0.164033
0.158965	0.158297
0.158965	0.164266
0.158965	0.154803
0.158965	0.131503
0.158965	0.152728
0.158965	0.169150
0.097415	0.161647
0.097415	0.152439
0.097415	0.186896
0.097415	0.177883
0.097415	0.162490
0.097415	0.273091
0.097415	0.265889
0.073082	0.168769
0.073082	0.171205
0.073082	0.184976
0.073082	0.188547
0.073082	0.138693
0.073082	0.145500
0.073082	0.135144
0.073082	0.135502
0.154114	0.309086
0.154114	0.294995
0.154114	0.317035
0.154114	0.343966
0.154114	0.401225
0.154114	0.345924
0.154114	0.473687
0.154114	0.515768
0.102785	0.305715
0.102785	0.286239
0.102785	0.353667
0.102785	0.410201
0.102785	0.280070
0.256647	0.461917
0.256647	0.492634
0.256647	0.482780
0.256647	0.429488
0.256647	0.499358
0.256647	0.510900
0.256647	0.605357
0.256647	0.667628
0.256647	0.703800
0.268913	0.447023
0.268913	0.371512
0.268913	0.398597
0.268913	0.522748
0.268913	0.446077
0.268913	0.409437
0.268913	0.391071
0.268913	0.430928
0.362755	0.414636
0.362755	0.491133
0.362755	0.417723
0.362755	0.401419
0.362755	0.511900
0.362755	0.420200
0.362755	0.457931
0.362755	0.594796
0.362755	0.463309
0.207066	0.574378
0.207066	0.306961
0.207066	0.368798
0.207066	0.455281
0.207066	0.334055
0.207066	0.251703
0.207066	0.575384
0.397658	0.361697
0.397658	0.418820
0.397658	0.337064
0.397658	0.304578
0.397658	0.653142
0.397658	0.380416
0.397658	0.391750
0.397658	0.370563
0.397658	0.373519
0.397658	0.339487
0.397658	0.344448
0.326136	0.331223
0.326136	0.264833
0.326136	0.299841
0.326136	0.445083
0.326136	0.326566
0.326136	0.289299
0.627472	0.349134
0.627472	0.385202
0.627472	0.498061
0.627472	0.489741
0.627472	0.373565
0.627472	0.363389
0.627472	0.323803
1.000000	0.508737
1.000000	0.403659
1.000000	0.432857
1.000000	0.503653
0.452508	0.453634
0.452508	0.486640
0.452508	0.508707
0.452508	0.549626
0.452508	0.466659
0.452508	0.441741
0.452508	0.414119
0.452508	0.435400
0.452508	0.487004
0.452508	0.459502
0.452508	0.539532
0.333553	0.525379
0.333553	0.522861
0.333553	0.544916
0.333553	0.562710
0.333553	0.593890
0.333553	0.572817
0.333553	0.660010
0.333553	0.558432
0.333553	0.641493
0.090790	0.482527
0.090790	0.461900
0.090790	0.463602
0.090790	0.517025
0.090790	0.418245
0.090790	0.442365
0.090790	0.484135
0.040413	0.323444
0.040413	0.325512
0.040413	0.352723
0.040413	0.328461
0.040413	0.296503
0.284672	0.557527
0.284672	0.540635
0.284672	0.572181
0.284672	0.550508
0.284672	0.654282
0.284672	0.571350
0.284672	0.661059
0.284672	0.626354
0.284672	0.614609
0.284672	0.751515
0.284672	0.833263
0.166244	0.388887
0.166244	0.286073
0.166244	0.359284
0.166244	0.511023
0.166244	0.361957
0.166244	0.275756
0.166244	0.279223
0.166244	0.246930
0.233046	0.296940
0.233046	0.297262
0.233046	0.318585
0.233046	0.287353
0.233046	0.341140
0.233046	0.532006
0.233046	0.466888
0.233046	0.499237
0.204172	0.221561
0.204172	0.174206
0.204172	0.232567
0.204172	0.217494
0.204172	0.153058
0.204172	0.118050
0.204172	0.238327
0.128349	0.232139
0.128349	0.281523
0.128349	0.226567
0.128349	0.231709
0.128349	0.340343
0.128349	0.302148
0.128349	0.283307
0.128349	0.375649
0.128349	0.384558
0.128349	0.349790
0.128349	0.376739
0.098867	0.167007
0.098867	0.145952
0.098867	0.186563
0.098867	0.163446
0.098867	0.154213
0.098867	0.137437
0.098867	0.177392
0.081440	0.259005
0.081440	0.261379
0.081440	0.214975
0.081440	0.185898
0.081440	0.293637
0.081440	0.215518
0.081440	0.231464
0.081440	0.218720
0.140047	0.235414
0.140047	0.208508
0.140047	0.168661
0.140047	0.155751
0.140047	0.180357
0.140047	0.170823
0.140047	0.244629
0.140047	0.156637
0.044838	0.131157
0.044838	0.135891
0.044838	0.139355
0.044838	0.127507
0.034171	0.145064
0.034171	0.127920
0.034171	0.133953
0.034171	0.118190
0.034171	0.128808
0.034171	0.139996
0.034171	0.183773
0.248708	0.263329
0.248708	0.286929
0.248708	0.308571
0.248708	0.331354
0.248708	0.363279
0.248708	0.319513
0.248708	0.351921
0.248708	0.403668
0.248708	0.396763
0.248708	0.419930
0.248708	0.632648
0.067712	0.137802
0.067712	0.149005
0.067712	0.138532
0.067712	0.131125
0.067712	0.129179
0.067712	0.125975
0.067712	0.138237
0.068734	0.114541
0.068734	0.110642
0.068734	0.116471
0.068734	0.114476
0.068734	0.106661
0.068734	0.101498
0.055541	0.154492
0.055541	0.153685
0.055541	0.196104
0.055541	0.178682
0.055541	0.181628
0.055541	0.170657
0.055541	0.196335
0.055541	0.200422
0.055541	0.190361
0.174581	0.266324
0.174581	0.256864
0.174581	0.259971
0.174581	0.257255
0.174581	0.269029
0.174581	0.335523
0.174581	0.345633
0.174581	0.409442
0.174581	0.589703
0.172683	0.165780
0.172683	0.167025
0.172683	0.194807
0.172683	0.195335
0.172683	0.171992
0.172683	0.150257
0.172683	0.161320
0.172683	0.210316
0.095186	0.125981
0.095186	0.124310
0.095186	0.133409
0.095186	0.163238
0.095186	0.119647
0.041998	0.136141
0.041998	0.165696
0.041998	0.202654
0.041998	0.180846
0.041998	0.148677
0.041998	0.123639
0.041998	0.148624
0.041998	0.127102
0.093257	0.386972
0.093257	0.430675
0.093257	0.425924
0.093257	0.438456
0.093257	0.381598
0.093257	0.452637
0.093257	0.529911
0.093257	0.419865
0.093257	0.623816
0.093257	0.431555
0.093257	0.471204
0.093257	0.464072
0.103911	0.358140
0.103911	0.356281
0.103911	0.361138
0.103911	0.364453
0.103911	0.309769
0.103911	0.312348
0.103911	0.348562
0.103911	0.308192
0.056718	0.184453
0.056718	0.170863
0.056718	0.190649
0.056718	0.174099
0.056718	0.146573
0.056718	0.139282
0.056718	0.168802
0.159252	0.283079
0.159252	0.359452
0.159252	0.382446
0.159252	0.449243
0.159252	0.373959
0.159252	0.365588
0.159252	0.490407
0.108155	0.462748
0.108155	0.532376
0.108155	0.484331
0.108155	0.469737
0.108155	0.483224
0.108155	0.400825
0.105874	0.412196
0.105874	0.352813
0.105874	0.393677
0.105874	0.406676
0.105874	0.347833
0.105874	0.371255
0.105874	0.365289
0.066287	0.379283
0.066287	0.375303
0.066287	0.354639
0.066287	0.349352
0.066287	0.324025
0.066287	0.318859
0.066287	0.294091
0.066287	0.289795
0.154868	0.378702
0.154868	0.333722
0.154868	0.386664
0.154868	0.319464
0.154868	0.333686
0.154868	0.447152
0.154868	0.337116
0.040679	0.491834
0.040679	0.476970
0.040679	0.485340
0.040679	0.433170
0.040679	0.488296
0.040679	0.520638
0.040679	0.537587
0.040679	0.488107
0.040679	0.558524
0.083098	0.457491
0.083098	0.420071
0.083098	0.427809
0.083098	0.429000
0.083098	0.365964
0.083098	0.405073
0.083098	0.452703
0.039286	0.352561
0.039286	0.338285
0.039286	0.360838
0.039286	0.358109
0.039286	0.305031
0.039286	0.291952
0.039286	0.314160
0.108014	0.380611
0.108014	0.400316
0.108014	0.424702
0.108014	0.443102
0.108014	0.345709
0.108014	0.346303
0.108014	0.358750
0.108014	0.381048
0.046422	0.425382
0.046422	0.447230
0.046422	0.379455
0.046422	0.455834
0.058152	0.430202
0.058152	0.369740
0.058152	0.449552
0.058152	0.460983
0.058152	0.369430
0.058152	0.429233
0.085251	0.380773
0.085251	0.364808
0.085251	0.392933
0.085251	0.387157
0.085251	0.386814
0.085251	0.338463
0.176921	0.518941
0.176921	0.517378
0.176921	0.546231
0.176921	0.551261
0.176921	0.495578
0.176921	0.554027
0.176921	0.536437
0.176921	0.556576
0.176921	0.585815
0.176921	0.625900
0.176921	0.580036
0.176921	0.627077
0.096676	0.456234
0.096676	0.478050
0.096676	0.536909
0.096676	0.573250
0.301994	0.633207
0.301994	0.680393
0.301994	0.639040
0.301994	0.691971
0.301994	0.663436
0.301994	0.636611
0.301994	0.638391
0.301994	0.744585
0.301994	0.628683
0.301994	0.758506
0.301994	0.707923
0.052483	0.528680
0.052483	0.579027
0.052483	0.543601
0.052483	0.556614
0.052483	0.457646
0.052483	0.462355
0.052483	0.463607
0.052483	0.467396
0.052483	0.463848
0.147678	0.557125
0.147678	0.529453
0.147678	0.649957
0.147678	0.737869
0.147678	0.508179
0.147678	0.508627
0.147678	0.494078
0.147678	0.498072
0.147678	0.488771
0.147678	0.497167
0.147678	0.479519
0.147678	0.424155
0.111286	0.526082
0.111286	0.518457
0.111286	0.431616
0.111286	0.408654
0.111286	0.461791
0.111286	0.438534
0.285553	0.415033
0.285553	0.391572
0.285553	0.336971
0.285553	0.328186
0.285553	0.388571
0.285553	0.583083
0.285553	0.399170
0.130481	0.335767
0.130481	0.419796
0.130481	0.297405
0.130481	0.269596
0.081764	0.388529
0.081764	0.376534
0.081764	0.384804
0.081764	0.376705
0.081764	0.375542
0.081764	0.391062
0.081764	0.403870
0.081764	0.422061
0.081764	0.352959
0.123430	0.370866
0.123430	0.368803
0.123430	0.356360
0.123430	0.355058
0.123430	0.399893
0.123430	0.396346
0.123430	0.532989
0.123430	0.431739
0.123430	0.402195
0.123430	0.397390
0.123430	0.442046
0.068311	0.251207
0.068311	0.240328
0.068311	0.239752
0.068311	0.224921
0.068311	0.252635
0.068311	0.240590
0.068311	0.245886
0.086032	0.317212
0.086032	0.333387
0.086032	0.325908
0.086032	0.310082
0.086032	0.354466
0.086032	0.330230
0.086032	0.296577
0.086032	0.334359
0.086032	0.328471
0.071104	0.324448
0.071104	0.345797
0.071104	0.286048
0.071104	0.290185
0.071104	0.343627
0.071104	0.343346
0.071104	0.353329
0.071104	0.340217
0.071104	0.323810
0.071104	0.346558
0.071104	0.326106
0.066223	0.244762
0.066223	0.223878
0.066223	0.229484
0.066223	0.231586
0.066223	0.226829
0.066223	0.242587
0.066223	0.284482
0.066223	0.258952
0.086608	0.248444
0.086608	0.261331
0.086608	0.272525
0.086608	0.265488
0.086608	0.273541
0.086608	0.307036
0.086608	0.252225
0.062904	0.287460
0.062904	0.262652
0.062904	0.300543
0.062904	0.275098
0.062904	0.291318
0.062904	0.243913
0.062904	0.269211
0.062904	0.297735
0.064203	0.296224
0.064203	0.323401
0.064203	0.304953
0.064203	0.304148
0.064203	0.280002
0.064203	0.310894
0.064203	0.283703
0.044451	0.316090
0.044451	0.318106
0.044451	0.336214
0.044451	0.342304
0.044451	0.317711
0.044451	0.326859
0.044451	0.323057
0.044451	0.326919
0.044451	0.322387
0.044451	0.336913
0.044451	0.323163
0.044451	0.296599
0.044451	0.323913
0.044451	0.333356
0.144238	0.356255
0.144238	0.346634
0.144238	0.377507
0.144238	0.350603
0.144238	0.351860
0.144238	0.321896
0.144238	0.327846
0.144238	0.321292
0.144238	0.353203
0.085702	0.362861
0.085702	0.341919
0.085702	0.377532
0.085702	0.363231
0.085702	0.363684
0.085702	0.398802
0.053396	0.377715
0.053396	0.382639
0.053396	0.396391
0.053396	0.395656
0.053396	0.372328
0.053396	0.362105
0.053396	0.373394
0.053396	0.354967
0.053396	0.369320
0.100511	0.416126
0.100511	0.429426
0.100511	0.421185
0.100511	0.421880
0.100511	0.450030
0.100511	0.451997
0.100511	0.469439
0.100511	0.425801
0.100511	0.313346
0.098407	0.398884
0.098407	0.396842
0.098407	0.386148
0.098407	0.381267
0.098407	0.360928
0.098407	0.375847
0.098407	0.403406
0.098407	0.368559
0.064775	0.360286
0.064775	0.327651
0.064775	0.337159
0.064775	0.357186
0.064775	0.324721
0.064775	0.318483
0.064775	0.350339
0.043232	0.302433
0.043232	0.309090
0.043232	0.296135
0.043232	0.289191
0.043232	0.307256
0.043232	0.308807
0.043232	0.283020
0.043232	0.308180
0.043153	0.224257
0.043153	0.211900
0.043153	0.224054
0.043153	0.237468
0.041180	0.244005
0.041180	0.261093
0.041180	0.241861
0.041180	0.233453
0.041180	0.255391
0.041180	0.249464
0.041180	0.251600
0.041180	0.239735
0.041180	0.241171
0.041180	0.244666
0.041180	0.237033
0.138316	0.267002
0.138316	0.222761
0.138316	0.251955
0.138316	0.315163
0.138316	0.284927
0.138316	0.309232
0.143223	0.391529
0.143223	0.408036
0.143223	0.449554
0.143223	0.460235
0.143223	0.360340
0.143223	0.345041
0.143223	0.336222
0.143223	0.381443
0.143223	0.331548
0.143223	0.339266
0.143223	0.329649
0.143223	0.332677
0.414378	0.449451
0.414378	0.412643
0.414378	0.449942
0.414378	0.433135
0.414378	0.512077
0.414378	0.508693
0.414378	0.478846
0.414378	0.594353
0.141394	0.429587
0.141394	0.369698
0.141394	0.423788
0.141394	0.454442
0.141394	0.387252
0.141394	0.398770
0.141394	0.354881
0.270163	0.517549
0.270163	0.495814
0.270163	0.527716
0.270163	0.527184
0.270163	0.477903
0.270163	0.494779
0.270163	0.525704
0.270163	0.425122
0.270163	0.395292
0.270163	0.418936
0.270163	0.442869
0.121732	0.461476
0.121732	0.489136
0.121732	0.453936
0.121732	0.391817
0.121732	0.414129
0.121732	0.445768
0.096742	0.474431
0.096742	0.436761
0.096742	0.442132
0.096742	0.412232
0.096742	0.456875
0.096742	0.496447
0.096742	0.457218
0.096742	0.522966
0.096742	0.505363
0.096742	0.477786
0.096742	0.472364
0.178348	0.475047
0.178348	0.419958
0.178348	0.401036
0.178348	0.360291
0.178348	0.474057
0.178348	0.548950
0.178348	0.563337
0.178348	0.574996
0.111915	0.359599
0.111915	0.286326
0.111915	0.307072
0.111915	0.280354
0.111915	0.266056
0.111915	0.331958
0.113357	0.344484
0.113357	0.335130
0.113357	0.348563
0.113357	0.350029
0.113357	0.322013
0.113357	0.363549
0.113357	0.347321
0.086836	0.313284
0.086836	0.318942
0.086836	0.309987
0.086836	0.300473
0.086836	0.316213
0.086836	0.317476
0.086836	0.340186
0.241550	0.313345
0.241550	0.291922
0.241550	0.316706
0.241550	0.266854
0.241550	0.416146
0.241550	0.229179
0.241550	0.391608
0.361168	0.330267
0.361168	0.277107
0.361168	0.303460
0.361168	0.294759
0.361168	0.345002
0.361168	0.296070
0.361168	0.293648
0.361168	0.307247
0.361168	0.328973
0.199434	0.279658
0.199434	0.269104
0.199434	0.290460
0.199434	0.279059
0.199434	0.285041
0.199434	0.223149
0.199434	0.268725
0.199434	0.320126
0.068687	0.240647
0.068687	0.276339
0.068687	0.275686
0.068687	0.285383
0.068687	0.226930
0.068687	0.248620
0.068687	0.282620
0.068687	0.287875
0.138594	0.276452
0.138594	0.300586
0.138594	0.275770
0.138594	0.266268
0.138594	0.277091
0.138594	0.332887
0.138594	0.286224
0.138594	0.310848
0.180754	0.329550
0.180754	0.338474
0.180754	0.348233
0.180754	0.350831
0.180754	0.404757
0.180754	0.324431
0.180754	0.306249
0.180754	0.301533
0.180754	0.244686
0.180754	0.256992
0.180754	0.306502
0.058602	0.277826
0.058602	0.295703
0.058602	0.278020
0.058602	0.241478
0.058602	0.264383
0.058602	0.278431
0.058602	0.396150
0.129132	0.252906
0.129132	0.267604
0.129132	0.261907
0.129132	0.254440
0.129132	0.267985
0.129132	0.285503
0.129132	0.305798
0.129132	0.333663
0.129132	0.305126
0.048779	0.193484
0.048779	0.195381
0.048779	0.190072
0.048779	0.194243
0.048779	0.199231
0.048779	0.176041
0.048779	0.204770
0.048779	0.228470
0.048779	0.196257
0.031812	0.249727
0.031812	0.247535
0.031812	0.252006
0.031812	0.223425
0.031812	0.372188
0.031812	0.244267
0.085765	0.271763
0.085765	0.309431
0.085765	0.303376
0.085765	0.274083
0.085765	0.287394
0.085765	0.295989
0.085765	0.302776
0.085765	0.331065
0.129228	0.160850
0.129228	0.159765
0.129228	0.166191
0.129228	0.159259
0.129228	0.171354
0.129228	0.161144
0.129228	0.142605
0.129228	0.179226
0.129228	0.185829
0.129228	0.204012
0.129228	0.199435
0.129228	0.222170
0.048304	0.228715
0.048304	0.222593
0.048304	0.241847
0.048304	0.214404
0.048304	0.219511
0.048304	0.223066
0.048304	0.220229
0.048304	0.237505
0.048304	0.217691
0.069051	0.290070
0.069051	0.386634
0.069051	0.290936
0.069051	0.411143
0.069051	0.293451
0.069051	0.402228
0.046045	0.184586
0.046045	0.181104
0.046045	0.196303
0.046045	0.198472
0.046045	0.163341
0.046045	0.171361
0.053502	0.297768
0.053502	0.258357
0.053502	0.273246
0.053502	0.290269
0.053502	0.278681
0.053502	0.244173
0.053502	0.255697
0.053502	0.228595
0.057402	0.244731
0.057402	0.236493
0.057402	0.258432
0.057402	0.231114
0.057402	0.228317
0.057402	0.224553
0.057402	0.234938
0.057402	0.219278
0.157903	0.264221
0.157903	0.236190
0.157903	0.254189
0.157903	0.235051
0.157903	0.273257
0.096779	0.301026
0.096779	0.285128
0.096779	0.297657
0.096779	0.290651
0.096779	0.274201
0.096779	0.230887
0.096779	0.293398
0.145188	0.308177
0.145188	0.294010
0.145188	0.289997
0.145188	0.264311
0.145188	0.284999
0.145188	0.265287
0.145188	0.297391
0.145188	0.313585
0.145188	0.231093
0.155177	0.182342
0.155177	0.154820
0.155177	0.162467
0.155177	0.150436
0.155177	0.175606
0.059596	0.275775
0.059596	0.271753
0.059596	0.298325
0.059596	0.283310
0.059596	0.252978
0.059596	0.282403
0.059596	0.255381
0.059596	0.241888
0.059596	0.233559
0.059596	0.257392
0.059596	0.257987
0.078963	0.277047
0.078963	0.290896
0.078963	0.272127
0.078963	0.280163
0.078963	0.293334
0.078963	0.323642
0.078963	0.323744
0.078963	0.276021
0.078963	0.263160
0.061706	0.148083
0.061706	0.141360
0.061706	0.143216
0.061706	0.136053
0.061706	0.135228
0.065605	0.138067
0.065605	0.140251
0.065605	0.140675
0.065605	0.137745
0.065605	0.132602
0.065605	0.134176
0.065605	0.145113
0.065605	0.137489
0.056655	0.232431
0.056655	0.250448
0.056655	0.256739
0.056655	0.245955
0.056655	0.283104
0.056655	0.260233
0.056655	0.267099
0.056655	0.292278
0.056655	0.225498
0.056676	0.190323
0.056676	0.193667
0.056676	0.172777
0.056676	0.176342
0.056676	0.171655
0.056676	0.184338
0.041768	0.134480
0.041768	0.137958
0.041768	0.132735
0.041768	0.125267
0.041768	0.137183
0.041768	0.132100
0.041768	0.135060
0.041768	0.133146
0.081996	0.149169
0.081996	0.147219
0.081996	0.154957
0.081996	0.148962
0.081996	0.155773
0.081996	0.153894
0.081996	0.179068
0.152925	0.238637
0.152925	0.248882
0.152925	0.264080
0.152925	0.287005
0.152925	0.266971
0.152925	0.253189
0.152925	0.218002
0.152925	0.241954
0.152925	0.262322
0.042382	0.256317
0.042382	0.265780
0.042382	0.258829
0.042382	0.267290
0.042382	0.234825
0.042382	0.260825
0.042382	0.257395
0.042382	0.266961
0.042382	0.267248
0.042382	0.263938
0.042382	0.366651
0.166601	0.142234
0.166601	0.144929
0.166601	0.152273
0.166601	0.166938
0.166601	0.138542
0.166601	0.142384
0.166601	0.165658
0.166601	0.152171
0.156239	0.149180
0.156239	0.179414
0.156239	0.179124
0.156239	0.193665
0.156239	0.178462
0.156239	0.175521
0.156239	0.200770
0.156239	0.204118
0.156239	0.184847
0.156239	0.172088
0.156239	0.185656
0.156239	0.191626
0.149421	0.159054
0.149421	0.156307
0.149421	0.181274
0.149421	0.185704
0.149421	0.166979
0.149421	0.173604
0.149421	0.165901
0.149421	0.205897
0.251115	0.140129
0.251115	0.154359
0.251115	0.164745
0.251115	0.169039
0.268869	0.170126
0.268869	0.182224
0.268869	0.155247
0.268869	0.148607
0.167568	0.206430
0.167568	0.185761
0.167568	0.198059
0.167568	0.196055
0.167568	0.204449
0.167568	0.201870
0.167568	0.205921
0.091724	0.176034
0.091724	0.168864
0.091724	0.181098
0.091724	0.177046
0.091724	0.153137
0.091724	0.155871
0.091724	0.179857
0.091724	0.148261
0.060541	0.204323
0.060541	0.180925
0.060541	0.198132
0.060541	0.199613
0.060541	0.198526
0.060541	0.202083
0.060541	0.208486
0.076234	0.254651
0.076234	0.246573
0.076234	0.255190
0.076234	0.269140
0.076234	0.245089
0.076234	0.250457
0.076234	0.249199
0.076234	0.275995
0.128964	0.251603
0.128964	0.323307
0.128964	0.256287
0.128964	0.297379
0.128964	0.341540
0.128964	0.249419
0.135909	0.353026
0.135909	0.339636
0.135909	0.358452
0.135909	0.327363
0.135909	0.310417
0.135909	0.354450
0.135909	0.309565
0.135909	0.362263
0.135909	0.297517
0.151452	0.271425
0.151452	0.279331
0.151452	0.264093
0.151452	0.252600
0.114162	0.325973
0.114162	0.327014
0.114162	0.335046
0.114162	0.323342
0.114162	0.327510
0.114162	0.331231
0.114162	0.288312
0.114162	0.281445
0.114162	0.284887
0.316649	0.265727
0.316649	0.295030
0.316649	0.284938
0.316649	0.245259
0.316649	0.253993
0.316649	0.300706
0.316649	0.278786
0.316649	0.264367
0.051840	0.221755
0.051840	0.218992
0.051840	0.216667
0.051840	0.221397
0.051840	0.194485
0.051840	0.207246
0.169137	0.174829
0.169137	0.170637
0.169137	0.171870
0.169137	0.177191
0.326256	0.218868
0.326256	0.209527
0.326256	0.233449
0.326256	0.229560
0.326256	0.254303
0.326256	0.249533
0.326256	0.231634
0.326256	0.284066
0.326256	0.240323
0.326256	0.271257
0.326256	0.229369
0.326256	0.212464
0.440876	0.249713
0.440876	0.243882
0.440876	0.266421
0.440876	0.268712
0.440876	0.245119
0.440876	0.229414
0.440876	0.232254
0.440876	0.300012
0.440876	0.303420
0.440876	0.307368
0.440876	0.329012
0.319743	0.327064
0.319743	0.342113
0.319743	0.359911
0.319743	0.351176
0.319743	0.320777
0.319743	0.379418
0.319743	0.304585
0.319743	0.305801
0.319743	0.262564
0.319743	0.287006
0.319743	0.345100
0.089474	0.273279
0.089474	0.278972
0.089474	0.286595
0.089474	0.292102
0.089474	0.243373
0.089474	0.266041
0.203514	0.445986
0.203514	0.472689
0.203514	0.477382
0.203514	0.489860
0.203514	0.480884
0.203514	0.549744
0.203514	0.510545
0.203514	0.483735
0.203514	0.471124
0.203514	0.529433
0.203514	0.477115
0.146712	0.197120
0.146712	0.174366
0.146712	0.258932
0.146712	0.254601
0.146712	0.164784
0.169652	0.359498
0.169652	0.378616
0.169652	0.410172
0.169652	0.511813
0.169652	0.523583
0.169652	0.355145
0.176136	0.367826
0.176136	0.457275
0.176136	0.422757
0.176136	0.423347
0.100553	0.388847
0.100553	0.384952
0.100553	0.441930
0.100553	0.481415
0.100553	0.282943
0.100553	0.295216
0.100553	0.319887
0.129400	0.433243
0.129400	0.472522
0.129400	0.435365
0.129400	0.548172
0.129400	0.382350
0.129400	0.389919
0.129400	0.578040
0.129400	0.318690
0.105828	0.354519
0.105828	0.348336
0.105828	0.387828
0.105828	0.319393
0.105828	0.268814
0.105828	0.285504
0.105828	0.212277
0.095035	0.436102
0.095035	0.411800
0.095035	0.477051
0.095035	0.433816
0.095035	0.442486
0.095035	0.412017
0.095035	0.486435
0.263751	0.562679
0.263751	0.590181
0.263751	0.553042
0.263751	0.536334
0.263751	0.580417
0.263751	0.651627
0.327124	0.510142
0.327124	0.478315
0.327124	0.403454
0.327124	0.347921
0.327124	0.435176
0.327124	0.496910
0.123198	0.272064
0.123198	0.235921
0.123198	0.260397
0.123198	0.241460
0.177171	0.474841
0.177171	0.468219
0.177171	0.498006
0.177171	0.435131
0.177171	0.523877
0.177171	0.487829
0.177171	0.466215
0.177171	0.559400
0.103180	0.454235
0.103180	0.436700
0.103180	0.381769
0.103180	0.281922
0.103180	0.370318
0.103180	0.492698
0.103180	0.327616
0.192550	0.312116
0.192550	0.272856
0.192550	0.290656
0.192550	0.269589
0.192550	0.280376
0.192550	0.293881
0.192550	0.294753
0.192550	0.280571
0.083164	0.290036
0.083164	0.288730
0.083164	0.262042
0.083164	0.249731
0.083164	0.265304
0.083164	0.320026
0.083164	0.294932
0.117588	0.261423
0.117588	0.273400
0.117588	0.247011
0.117588	0.227180
0.117588	0.283130
0.117588	0.322175
0.070090	0.295604
0.070090	0.305110
0.070090	0.273381
0.070090	0.297032
0.070090	0.272954
0.070090	0.290284
0.070090	0.325521
0.070090	0.292049
0.070090	0.297350
0.070090	0.358124
0.070090	0.309061
0.070090	0.454056
0.048705	0.253371
0.048705	0.256751
0.048705	0.252234
0.048705	0.231537
0.048705	0.237660
0.048705	0.245685
0.048705	0.222767
0.048705	0.277815
0.102637	0.246183
0.102637	0.235353
0.102637	0.237132
0.102637	0.223547
0.102637	0.231873
0.102637	0.262854
0.102637	0.290042
0.102637	0.253665
0.102637	0.299770
0.050854	0.186827
0.050854	0.176608
0.050854	0.177777
0.050854	0.162422
0.050854	0.189192
0.046645	0.205050
0.046645	0.205794
0.046645	0.190635
0.046645	0.188457
0.046645	0.208028
0.046645	0.350969
0.038877	0.190077
0.038877	0.193343
0.038877	0.199575
0.038877	0.183398
0.038877	0.167134
0.045179	0.171830
0.045179	0.178922
0.045179	0.178149
0.045179	0.169027
0.045179	0.155317
0.109908	0.176319
0.109908	0.176613
0.109908	0.186054
0.109908	0.173524
0.109908	0.269756
0.109908	0.251400
0.050180	0.293608
0.050180	0.411338
0.050180	0.291906
0.050180	0.306382
0.050180	0.272906
0.050180	0.426665
0.050180	0.330701
0.050180	0.278597
0.050180	0.251372
0.050180	0.286520
0.050180	0.307527
0.107108	0.220914
0.107108	0.226500
0.107108	0.219153
0.107108	0.252856
0.107108	0.397407
0.059926	0.224343
0.059926	0.218714
0.059926	0.222819
0.059926	0.315797
0.059926	0.214251
0.067464	0.376014
0.067464	0.405088
0.067464	0.396701
0.067464	0.456793
0.067464	0.434436
0.067464	0.362848
0.067464	0.395412
0.067464	0.384890
0.067464	0.139627
0.123627	0.317133
0.123627	0.332144
0.123627	0.317060
0.123627	0.383421
0.123627	0.289420
0.123627	0.327541
0.123627	0.317078
0.123627	0.366181
0.036085	0.400001
0.036085	0.380305
0.036085	0.392275
0.036085	0.353704
0.036085	0.394585
0.036085	0.443156
0.036085	0.320881
0.036085	0.363187
0.036085	0.410537
0.051806	0.387708
0.051806	0.385617
0.051806	0.409090
0.051806	0.363589
0.051806	0.368385
0.051806	0.309986
0.051806	0.293851
0.051806	0.396810
0.144953	0.278423
0.144953	0.233522
0.144953	0.263518
0.144953	0.330830
0.144953	0.340463
0.144953	0.249195
0.071781	0.274074
0.071781	0.270983
0.071781	0.312255
0.071781	0.285908
0.071781	0.268290
0.071781	0.315616
0.071781	0.353788
0.150266	0.326050
0.150266	0.272352
0.150266	0.338399
0.150266	0.331664
0.150266	0.275955
0.150266	0.282679
0.150266	0.268131
0.150266	0.395861
0.071778	0.274661
0.071778	0.305215
0.071778	0.350881
0.071778	0.327821
0.071778	0.308622
0.071778	0.387385
0.071778	0.344097
0.071778	0.419670
0.103817	0.371916
0.103817	0.370939
0.103817	0.439794
0.103817	0.474619
0.103817	0.339709
0.103817	0.302144
0.103817	0.281265
0.134753	0.549639
0.134753	0.580796
0.134753	0.606866
0.134753	0.608336
0.134753	0.595177
0.134753	0.600271
0.134753	0.597662
0.134753	0.600110
0.163697	0.526782
0.163697	0.528158
0.163697	0.508537
0.163697	0.419556
0.298871	0.554426
0.298871	0.473982
0.298871	0.507789
0.298871	0.496432
0.298871	0.477932
0.298871	0.511397
0.298871	0.565922
0.298871	0.507549
0.313986	0.548725
0.313986	0.536495
0.313986	0.508143
0.313986	0.538872
0.313986	0.539643
0.313986	0.580496
0.313986	0.568038
0.313986	0.636655
0.129103	0.418814
0.129103	0.308529
0.129103	0.317243
0.129103	0.359890
0.129103	0.299292
0.129103	0.271660
0.129103	0.261390
0.129103	0.255563
0.145780	0.214491
0.145780	0.198378
0.145780	0.192393
0.145780	0.196880
0.145780	0.199228
0.145780	0.199763
0.145780	0.246984
0.093182	0.220103
0.093182	0.222438
0.093182	0.211897
0.093182	0.204047
0.093182	0.210829
0.093182	0.220200
0.093182	0.211163
0.056418	0.213329
0.056418	0.213443
0.056418	0.222028
0.056418	0.226718
0.056418	0.212441
0.056418	0.214718
0.056418	0.223865
0.056418	0.231027
0.067696	0.244717
0.067696	0.249851
0.067696	0.265168
0.067696	0.258213
0.067696	0.253526
0.067696	0.260601
0.091724	0.368619
0.091724	0.378464
0.091724	0.385144
0.091724	0.389001
0.091724	0.388445
0.091724	0.369019
0.091724	0.400388
0.091724	0.393023
0.091724	0.361922
0.081066	0.352963
0.081066	0.335153
0.081066	0.364652
0.081066	0.324148
0.081066	0.342030
0.081066	0.361669
0.147814	0.370879
0.147814	0.333586
0.147814	0.345328
0.147814	0.331775
0.147814	0.391405
0.204531	0.355197
0.204531	0.356445
0.204531	0.399692
0.204531	0.385589
0.110783	0.349228
0.110783	0.403829
0.110783	0.414592
0.110783	0.412591
0.110783	0.333172
0.110783	0.387714
0.110783	0.442271
0.323206	0.440903
0.323206	0.439412
0.323206	0.435907
0.323206	0.429348
0.323206	0.413277
0.323206	0.404373
0.323206	0.385123
0.323206	0.426681
0.323206	0.429742
0.226499	0.437334
0.226499	0.440745
0.226499	0.421382
0.226499	0.414174
0.226499	0.453518
0.226499	0.437053
0.226499	0.454999
0.226499	0.410105
0.226499	0.374230
0.061290	0.391602
0.061290	0.381147
0.061290	0.381165
0.061290	0.363482
0.061290	0.370489
0.061290	0.368362
0.061290	0.383857
0.061290	0.373217
0.231161	0.338722
0.231161	0.339177
0.231161	0.340884
0.231161	0.337351
0.231161	0.396374
0.263811	0.320642
0.263811	0.304049
0.263811	0.346477
0.263811	0.295789
0.263811	0.409186
0.049046	0.302538
0.049046	0.325642
0.049046	0.305018
0.049046	0.274119
0.049046	0.305086
0.049046	0.446015
0.088033	0.278570
0.088033	0.276643
0.088033	0.310978
0.088033	0.283609
0.088033	0.336520
0.088033	0.291300
0.088033	0.305104
0.088033	0.288477
0.456530	0.362528
0.456530	0.389660
0.456530	0.385350
0.456530	0.381312
0.456530	0.392939
0.456530	0.412664
0.456530	0.345693
0.456530	0.360713
0.456530	0.380339
0.456530	0.351130
0.456530	0.333101
0.287875	0.308301
0.287875	0.305289
0.287875	0.326906
0.287875	0.325584
0.287875	0.293709
0.287875	0.377316
0.287875	0.410158
0.070340	0.274522
0.070340	0.269645
0.070340	0.276521
0.070340	0.272672
0.070340	0.263427
0.070340	0.274692
0.070340	0.279085
0.070340	0.303304
0.070340	0.287094
0.070340	0.312168
0.070340	0.310996
0.167565	0.262885
0.167565	0.270164
0.167565	0.287524
0.167565	0.277031
0.167565	0.292637
0.167565	0.304545
0.167565	0.370239
0.358644	0.376644
0.358644	0.394967
0.358644	0.390375
0.358644	0.437425
0.358644	0.419357
0.358644	0.396567
0.358644	0.271783
0.358644	0.335454
0.358644	0.326734
0.136461	0.222024
0.136461	0.238820
0.136461	0.246001
0.136461	0.242547
0.136461	0.265853
0.081130	0.259815
0.081130	0.279855
0.081130	0.284051
0.081130	0.278345
0.081130	0.307254
0.081130	0.272378
0.081130	0.253550
0.081130	0.327697
0.164219	0.337234
0.164219	0.335655
0.164219	0.343064
0.164219	0.376673
0.164219	0.319407
0.164219	0.356034
0.164219	0.428589
0.314314	0.402283
0.314314	0.474325
0.314314	0.392677
0.314314	0.383252
0.314314	0.430378
0.314314	0.409272
0.314314	0.424910
0.314314	0.307960
0.314314	0.320142
0.314314	0.396195
0.314314	0.401562
0.194989	0.345640
0.194989	0.324486
0.194989	0.377790
0.194989	0.337417
0.194989	0.314010
0.194989	0.329164
0.194989	0.328568
0.194989	0.317821
0.194989	0.309980
0.194989	0.334374
0.194989	0.298601
0.194989	0.322772
0.109145	0.296428
0.109145	0.349179
0.109145	0.361100
0.109145	0.353682
0.109145	0.310791
0.109145	0.335789
0.089480	0.281079
0.089480	0.279770
0.089480	0.295840
0.089480	0.254496
0.089480	0.327861
0.160489	0.358698
0.160489	0.364422
0.160489	0.372221
0.160489	0.380987
0.160489	0.415204
0.160489	0.457235
0.160489	0.427020
0.260603	0.340983
0.260603	0.314833
0.260603	0.351491
0.260603	0.421629
0.260603	0.320048
0.260603	0.325017
0.260603	0.335741
0.418072	0.376084
0.418072	0.411643
0.418072	0.342407
0.418072	0.335030
0.393465	0.445605
0.393465	0.371175
0.393465	0.387853
0.393465	0.427522
0.393465	0.414585
0.393465	0.363149
0.393465	0.372039
0.393465	0.436004
0.186193	0.366421
0.186193	0.340717
0.186193	0.361193
0.186193	0.401214
0.186193	0.432497
0.186193	0.348030
0.186193	0.403987
0.097433	0.303585
0.097433	0.373765
0.097433	0.303530
0.097433	0.328124
0.097433	0.285528
0.097433	0.283692
0.097433	0.293476
0.106525	0.418544
0.106525	0.333916
0.106525	0.336969
0.106525	0.333141
0.106525	0.426373
0.106525	0.377586
0.106525	0.351626
0.106525	0.323593
0.106525	0.335882
0.054143	0.337422
0.054143	0.313461
0.054143	0.341725
0.054143	0.326611
0.054143	0.329528
0.054143	0.341180
0.054143	0.350905
0.050719	0.343666
0.050719	0.344183
0.050719	0.351209
0.050719	0.344472
0.050719	0.331703
0.050719	0.414706
0.050719	0.335465
0.050719	0.317872
0.050719	0.371626
0.088991	0.360761
0.088991	0.361858
0.088991	0.361539
0.088991	0.347967
0.088991	0.358780
0.088991	0.316121
0.088991	0.374157
0.088991	0.333270
0.088991	0.397747
0.088991	0.333378
0.088991	0.340047
0.088991	0.391925
0.060380	0.348643
0.060380	0.321233
0.060380	0.331320
0.060380	0.323521
0.060380	0.307690
0.060380	0.311090
0.060380	0.330683
0.060380	0.317956
0.051712	0.285976
0.051712	0.275337
0.051712	0.271441
0.051712	0.263886
0.051712	0.263985
0.051712	0.265135
0.051712	0.266772
0.051712	0.277130
0.158872	0.317541
0.158872	0.314296
0.158872	0.319748
0.158872	0.348948
0.158872	0.369280
0.158872	0.324699
0.158872	0.312125
0.158872	0.318020
0.158872	0.309474
0.069446	0.305290
0.069446	0.312017
0.069446	0.317663
0.069446	0.362426
0.069446	0.308790
0.069446	0.310834
0.069446	0.292834
0.069446	0.374687
0.089784	0.280514
0.089784	0.303596
0.089784	0.314633
0.089784	0.325737
0.089784	0.242505
0.089784	0.268160
0.089784	0.304559
0.089784	0.258249
0.119942	0.336776
0.119942	0.312218
0.119942	0.345495
0.119942	0.382732
0.119942	0.334492
0.119942	0.356454
0.119942	0.374405
0.165775	0.332529
0.165775	0.348256
0.165775	0.340600
0.165775	0.333527
0.165775	0.310015
0.165775	0.340194
0.090225	0.408554
0.090225	0.591534
0.090225	0.585100
0.090225	0.607139
0.090225	0.618759
0.090225	0.607673
0.202382	0.571431
0.202382	0.535970
0.202382	0.451775
0.202382	0.472277
0.202382	0.478637
0.202382	0.692197
0.062201	0.351612
0.062201	0.334237
0.062201	0.342437
0.062201	0.330503
0.062201	0.329177
0.062201	0.375535
0.097287	0.317020
0.097287	0.303277
0.097287	0.296671
0.097287	0.292819
0.097287	0.306286
0.097287	0.317127
0.097287	0.327090
0.097287	0.335032
0.093548	0.254725
0.093548	0.236927
0.093548	0.255938
0.093548	0.250614
0.093548	0.245386
0.093548	0.234108
0.093548	0.239022
0.167235	0.236866
0.167235	0.248957
0.167235	0.256410
0.167235	0.231584
0.167235	0.262582
0.167235	0.229333
0.105153	0.266011
0.105153	0.241656
0.105153	0.253619
0.105153	0.269233
0.105153	0.251424
0.105153	0.253337
0.105153	0.255984
0.067995	0.236384
0.067995	0.247084
0.067995	0.263333
0.067995	0.250282
0.067995	0.236831
0.100160	0.361031
0.100160	0.365209
0.100160	0.376179
0.100160	0.367615
0.100160	0.384649
0.100160	0.384531
0.100160	0.370190
0.100160	0.315391
0.100160	0.362124
0.100160	0.307433
0.102954	0.365410
0.102954	0.360058
0.102954	0.376963
0.102954	0.372243
0.102954	0.383567
0.102954	0.362887
0.102954	0.362284
0.102954	0.411086
0.094238	0.358112
0.094238	0.322436
0.094238	0.293930
0.094238	0.309118
0.094238	0.357952
0.050311	0.420712
0.050311	0.346318
0.050311	0.360299
0.050311	0.339129
0.050311	0.365328
0.050311	0.423589
0.073654	0.371767
0.073654	0.330140
0.073654	0.315146
0.073654	0.318752
0.098188	0.422539
0.098188	0.361124
0.098188	0.403950
0.098188	0.394573
0.098188	0.336733
0.098188	0.349962
0.098188	0.369590
0.098188	0.408169
0.098188	0.349225
0.133209	0.348307
0.133209	0.379606
0.133209	0.371699
0.133209	0.439423
0.133209	0.395738
0.133209	0.327167
0.133209	0.322265
0.133209	0.359643
0.133209	0.336117
0.133209	0.344759
0.133209	0.376356
0.081234	0.282366
0.081234	0.339579
0.081234	0.284204
0.081234	0.263084
0.081234	0.266413
0.081234	0.403334
0.081234	0.354652
0.102734	0.342316
0.102734	0.279603
0.102734	0.297985
0.102734	0.349083
0.102734	0.298280
0.102734	0.290115
0.102734	0.359124
0.102734	0.295246
0.102734	0.318988
0.102734	0.339703
0.102734	0.306448
0.102734	0.318840
0.127189	0.271935
0.127189	0.286463
0.127189	0.281713
0.127189	0.279784
0.127189	0.316707
0.127189	0.283906
0.127189	0.273062
0.127189	0.289271
0.127189	0.259223
0.127189	0.271381
0.127189	0.271366
0.127189	0.272278
0.136443	0.266446
0.136443	0.248789
0.136443	0.257155
0.136443	0.271760
0.136443	0.274100
0.136443	0.281971
0.136443	0.277636
0.136443	0.504584
0.145902	0.249040
0.145902	0.242735
0.145902	0.260441
0.145902	0.254478
0.145902	0.206449
0.145902	0.225154
0.145902	0.240806
0.101471	0.337838
0.101471	0.358295
0.101471	0.360723
0.101471	0.319039
0.101471	0.338628
0.101471	0.338656
0.101471	0.354393
0.101471	0.377609
0.101471	0.375612
0.101471	0.566065
0.101471	0.523311
0.184259	0.332668
0.184259	0.296892
0.184259	0.287074
0.184259	0.322729
0.184259	0.380362
0.184259	0.303922
0.184259	0.323981
0.184259	0.324530
0.055976	0.255891
0.055976	0.232806
0.055976	0.237941
0.055976	0.226189
0.055976	0.223251
0.055976	0.228182
0.055976	0.242431
0.243325	0.262496
0.243325	0.243303
0.243325	0.253216
0.243325	0.241923
0.243325	0.289879
0.243325	0.299144
0.243325	0.340844
0.226505	0.304612
0.226505	0.303111
0.226505	0.270315
0.226505	0.251106
0.226505	0.312358
0.226505	0.479932
0.226505	0.474940
0.044566	0.274668
0.044566	0.243655
0.044566	0.248052
0.044566	0.261523
0.044566	0.234324
0.044566	0.268027
0.044566	0.247551
0.093168	0.210379
0.093168	0.215098
0.093168	0.232078
0.093168	0.231436
0.093168	0.234757
0.093168	0.197438
0.093168	0.237559
0.093168	0.242851
0.193459	0.217530
0.193459	0.240296
0.193459	0.238509
0.193459	0.226417
0.193459	0.224055
0.170577	0.321600
0.170577	0.328071
0.170577	0.320901
0.170577	0.328832
0.170577	0.345165
0.170577	0.348870
0.170577	0.471189
0.170577	0.360831
0.170577	0.387477
0.170577	0.628244
0.170577	0.394559
0.168446	0.228231
0.168446	0.225122
0.168446	0.233922
0.168446	0.226466
0.168446	0.231914
0.318431	0.237946
0.318431	0.256481
0.318431	0.252630
0.318431	0.254610
0.318431	0.290913
0.212760	0.378382
0.212760	0.378345
0.212760	0.383005
0.212760	0.380612
0.212760	0.372417
0.212760	0.377955
0.212760	0.386280
0.212760	0.380499
0.212760	0.445888
0.212760	0.381015
0.212760	0.385123
0.212760	0.466935
0.212760	0.383522
0.212760	0.383588
0.296468	0.363223
0.296468	0.371960
0.296468	0.380212
0.296468	0.438307
0.296468	0.367099
0.296468	0.369714
0.296468	0.358237
0.296468	0.354410
0.296468	0.378707
0.162732	0.354685
0.162732	0.370541
0.162732	0.374377
0.162732	0.368082
0.162732	0.335247
0.162732	0.336514
0.162732	0.351814
0.198047	0.369808
0.198047	0.327133
0.198047	0.378245
0.198047	0.358883
0.198047	0.354982
0.294060	0.411643
0.294060	0.407960
0.294060	0.410587
0.294060	0.421940
0.294060	0.410025
0.294060	0.402691
0.294060	0.404445
0.294060	0.407198
0.294060	0.387130
0.294060	0.385321
0.294060	0.376750
0.419076	0.406668
0.419076	0.412699
0.419076	0.403709
0.419076	0.475207
0.419076	0.455793
0.419076	0.385931
0.419076	0.381839
0.419076	0.450890
0.419076	0.377559
0.419076	0.413667
0.332025	0.353445
0.332025	0.361454
0.332025	0.354182
0.332025	0.393397
0.332025	0.370404
0.332025	0.363809
0.332025	0.417485
0.258187	0.343286
0.258187	0.349786
0.258187	0.378187
0.258187	0.384255
0.258187	0.424864
0.258187	0.407244
0.258187	0.383499
0.259757	0.374520
0.259757	0.360885
0.259757	0.363752
0.259757	0.359006
0.259757	0.451047
0.259757	0.539109
0.259757	0.614572
0.181072	0.364504
0.181072	0.328378
0.181072	0.348427
0.181072	0.329895
0.181072	0.321623
0.181072	0.345654
0.181072	0.403807
0.181072	0.352467
0.081979	0.330959
0.081979	0.343400
0.081979	0.295667
0.081979	0.311134
0.081979	0.460560
0.081979	0.323937
0.260322	0.318888
0.260322	0.329545
0.260322	0.318997
0.260322	0.314928
0.260322	0.315979
0.260322	0.332585
0.260322	0.336927
0.260322	0.324963
0.260322	0.354952
0.260322	0.343987
0.260322	0.316224
0.260322	0.340111
0.260322	0.326339
0.260322	0.340429
0.165147	0.278683
0.165147	0.262425
0.165147	0.275861
0.165147	0.266204
0.165147	0.266625
0.165147	0.270628
0.165147	0.266974
0.165147	0.284324
0.291273	0.239780
0.291273	0.264724
0.291273	0.264195
0.291273	0.253437
0.142314	0.300149
0.142314	0.287721
0.142314	0.271162
0.142314	0.261902
0.142314	0.255400
0.142314	0.296093
0.142314	0.337111
0.142314	0.299198
0.171232	0.178293
0.171232	0.167531
0.171232	0.168179
0.171232	0.172171
0.171232	0.165909
0.171232	0.169197
0.171232	0.176485
0.171232	0.166173
0.218434	0.199433
0.218434	0.214202
0.218434	0.224096
0.218434	0.208220
0.218434	0.203509
0.218434	0.229414
0.218434	0.266749
0.218434	0.229528
0.302724	0.274012
0.302724	0.324908
0.302724	0.299450
0.302724	0.353858
0.302724	0.348602
0.302724	0.350638
0.302724	0.598919
0.302724	0.609197
0.086016	0.280510
0.086016	0.283422
0.086016	0.259054
0.086016	0.243652
0.086016	0.243293
0.086016	0.304909
0.086016	0.319271
0.086016	0.324998
0.086016	0.355125
0.086016	0.327908
0.086016	0.341976
0.086016	0.523826
0.083560	0.168974
0.083560	0.162984
0.083560	0.190134
0.083560	0.188197
0.083560	0.162637
0.077312	0.237844
0.077312	0.229698
0.077312	0.237784
0.077312	0.236495
0.077312	0.246776
0.077312	0.243925
0.077312	0.214314
0.067814	0.198371
0.067814	0.197511
0.067814	0.217734
0.067814	0.206274
0.067814	0.180757
0.067814	0.184498
0.067814	0.185753
0.278377	0.207548
0.278377	0.207607
0.278377	0.203192
0.278377	0.196003
0.278377	0.221486
0.278377	0.220685
0.278377	0.256383
0.278377	0.233670
0.101123	0.243046
0.101123	0.244793
0.101123	0.234604
0.101123	0.234170
0.101123	0.236041
0.101123	0.231674
0.101123	0.239426
0.101123	0.225479
0.101123	0.234080
0.101123	0.228240
0.101123	0.235227
0.101123	0.236246
0.101123	0.229833
0.101123	0.232613
0.106375	0.153871
0.106375	0.154780
0.106375	0.170550
0.106375	0.159985
0.106375	0.144351
0.130133	0.262946
0.130133	0.255197
0.130133	0.281739
0.130133	0.272696
0.130133	0.289047
0.130133	0.254901
0.130133	0.282069
0.130133	0.281703
0.130133	0.290589
0.130133	0.291053
0.130133	0.300093
0.339077	0.212809
0.339077	0.202045
0.339077	0.212135
0.339077	0.218080
0.339077	0.231119
0.339077	0.202411
0.339077	0.217544
0.339077	0.238666
0.171173	0.183489
0.171173	0.185394
0.171173	0.188947
0.171173	0.181463
0.171173	0.176840
0.171173	0.175993
0.171173	0.261251
0.171173	0.179217
0.093704	0.191446
0.093704	0.196179
0.093704	0.185283
0.093704	0.175620
0.093704	0.169135
0.093704	0.185830
0.093704	0.175170
0.093704	0.202558
0.068028	0.195377
0.068028	0.197669
0.068028	0.204288
0.068028	0.194438
0.068028	0.182572
0.068028	0.175539
0.068028	0.191934
0.068028	0.187633
0.073400	0.204141
0.073400	0.212641
0.073400	0.220182
0.073400	0.214859
0.073400	0.197550
0.073400	0.213632
0.073400	0.225420
0.153179	0.278212
0.153179	0.284434
0.153179	0.283696
0.153179	0.287235
0.153179	0.294517
0.153179	0.297162
0.153179	0.331200
0.153179	0.368227
0.153179	0.300945
0.153179	0.305418
0.188450	0.325376
0.188450	0.322785
0.188450	0.325719
0.188450	0.325918
0.188450	0.320222
0.188450	0.318213
0.188450	0.301867
0.188450	0.314316
0.188450	0.305210
0.188450	0.325944
0.188450	0.307674
0.102968	0.322906
0.102968	0.322813
0.102968	0.337757
0.102968	0.343889
0.102968	0.317575
0.102968	0.329222
0.102968	0.314514
0.102968	0.331457
0.102968	0.320875
0.102968	0.329914
0.102968	0.309505
0.109033	0.353563
0.109033	0.368630
0.109033	0.376854
0.109033	0.378454
0.109033	0.374243
0.109033	0.392197
0.239982	0.365951
0.239982	0.376901
0.239982	0.369177
0.239982	0.371076
0.239982	0.378422
0.239982	0.346195
0.239982	0.349066
0.239982	0.435923
0.159243	0.361982
0.159243	0.367626
0.159243	0.374468
0.159243	0.375941
0.159243	0.354326
0.159243	0.347674
0.159243	0.353844
0.159243	0.371615
0.065669	0.381870
0.065669	0.401235
0.065669	0.408142
0.065669	0.365414
0.065669	0.363265
0.065669	0.389054
0.065669	0.388138
0.065669	0.391719
0.174532	0.413256
0.174532	0.356661
0.174532	0.425668
0.174532	0.368753
0.174532	0.414119
0.218947	0.446528
0.218947	0.417478
0.218947	0.449508
0.218947	0.447950
0.218947	0.435345
0.218947	0.516249
0.218947	0.487860
0.218947	0.437402
0.218947	0.440493
0.160913	0.454800
0.160913	0.459033
0.160913	0.448862
0.160913	0.465113
0.160913	0.484295
0.160913	0.481557
0.160913	0.447873
0.160913	0.464563
0.160913	0.406490
0.164655	0.427718
0.164655	0.418284
0.164655	0.410568
0.164655	0.398165
0.164655	0.407710
0.164655	0.402673
0.164655	0.407013
0.164655	0.504227
0.164655	0.415315
0.182018	0.387515
0.182018	0.374572
0.182018	0.380476
0.182018	0.369173
0.182018	0.379990
0.182018	0.389464
0.182018	0.399492
0.182018	0.375286
0.239306	0.417277
0.239306	0.413267
0.239306	0.412670
0.239306	0.435673
0.239306	0.420629
0.239306	0.409917
0.239306	0.387711
0.239306	0.402814
0.239306	0.402837
0.127636	0.415658
0.127636	0.403345
0.127636	0.410165
0.127636	0.406108
0.127636	0.375071
0.127636	0.414573
0.127636	0.374261
0.127636	0.443026
0.127636	0.414897
0.101162	0.311237
0.101162	0.311552
0.101162	0.318835
0.101162	0.359489
0.101162	0.327169
0.203090	0.306642
0.203090	0.327167
0.203090	0.325465
0.203090	0.325036
0.203090	0.306112
0.203090	0.293979
0.203090	0.337010
0.203090	0.408991
0.355566	0.353038
0.355566	0.341823
0.355566	0.347610
0.355566	0.344851
0.355566	0.354415
0.355566	0.338776
0.355566	0.364434
0.355566	0.353910
0.240646	0.335025
0.240646	0.311444
0.240646	0.346349
0.240646	0.337518
0.240646	0.318081
0.240646	0.301645
0.251555	0.450769
0.251555	0.453048
0.251555	0.457472
0.251555	0.628219
0.251555	0.477053
0.251555	0.628179
0.251555	0.568977
0.251555	0.594385
0.251555	0.593105
0.319398	0.428311
0.319398	0.456919
0.319398	0.445601
0.319398	0.430848
0.319398	0.416953
0.319398	0.403517
0.319398	0.436522
0.319398	0.384279
0.387729	0.844017
0.387729	0.866142
0.387729	0.573668
0.387729	0.766822
0.387729	0.733545
0.387729	0.669771
0.387729	0.682757
0.387729	0.840292
0.387729	0.659677
0.387729	0.807778
0.387729	0.698076
0.387729	0.578493
0.361632	0.797062
0.361632	0.758176
0.361632	0.634724
0.361632	0.690462
0.173599	0.424111
0.173599	0.461658
0.173599	0.417786
0.173599	0.399779
0.173599	0.548815
0.408213	0.445942
0.408213	0.389117
0.408213	0.401817
0.408213	0.474827
0.408213	0.433510
0.408213	0.431432
0.292639	0.393212
0.292639	0.386685
0.292639	0.406069
0.292639	0.379658
0.292639	0.393849
0.292639	0.405735
0.292639	0.437068
0.292639	0.439769
0.292639	0.464494
0.292639	0.427510
0.292639	0.415294
0.292639	0.458172
0.277518	0.370257
0.277518	0.340827
0.277518	0.344218
0.277518	0.365731
0.277518	0.344012
0.277518	0.317966
0.206466	0.323216
0.206466	0.318405
0.206466	0.313133
0.206466	0.302032
0.206466	0.289767
0.206466	0.356379
0.206466	0.307162
0.206466	0.331636
0.143564	0.385135
0.143564	0.378264
0.143564	0.373004
0.143564	0.372441
0.143564	0.417127
0.143564	0.381113
0.143564	0.408968
0.143564	0.414286
0.143564	0.399079
0.109594	0.337080
0.109594	0.330162
0.109594	0.340082
0.109594	0.331233
0.109594	0.337548
0.109594	0.340868
0.109594	0.335110
0.166529	0.345127
0.166529	0.350763
0.166529	0.348059
0.166529	0.364752
0.166529	0.358484
0.166529	0.366222
0.166529	0.351908
0.166529	0.366822
0.279112	0.361265
0.279112	0.362266
0.279112	0.359784
0.279112	0.354546
0.279112	0.367483
0.279112	0.394361
0.279112	0.387937
0.279112	0.412355
0.102846	0.306320
0.102846	0.301191
0.102846	0.299406
0.102846	0.286909
0.102846	0.292419
0.102846	0.288935
0.102846	0.297729
0.102846	0.302785
0.147079	0.259838
0.147079	0.247273
0.147079	0.274545
0.147079	0.262884
0.147079	0.282142
0.147079	0.266074
0.147079	0.254469
0.502306	0.331676
0.502306	0.339211
0.502306	0.338575
0.502306	0.332556
0.502306	0.361507
0.502306	0.367368
0.502306	0.314429
0.502306	0.351191
0.502306	0.337338
0.249359	0.284795
0.249359	0.293338
0.249359	0.296490
0.249359	0.307217
0.249359	0.283460
0.249359	0.328354
0.249359	0.424169
0.249359	0.366794
0.064520	0.243605
0.064520	0.249273
0.064520	0.258733
0.064520	0.246913
0.064520	0.222611
0.064520	0.247957
0.064520	0.224706
0.064520	0.220572
0.125596	0.326793
0.125596	0.335325
0.125596	0.333652
0.125596	0.344158
0.125596	0.361312
0.125596	0.337638
0.125596	0.349057
0.125596	0.354560
0.125596	0.360921
0.373044	0.375643
0.373044	0.365942
0.373044	0.413626
0.373044	0.417070
0.373044	0.403362
0.373044	0.361421
0.373044	0.350223
0.373044	0.404682
0.373044	0.369253
0.373044	0.350728
0.373044	0.411828
0.314980	0.323495
0.314980	0.354018
0.314980	0.337637
0.314980	0.389472
0.314980	0.368023
0.314980	0.354331
0.314980	0.409036
0.314980	0.371766
0.115186	0.321627
0.115186	0.332545
0.115186	0.366411
0.115186	0.408704
0.115186	0.313025
0.115186	0.320474
0.115186	0.375237
0.115186	0.321118
0.115186	0.348928
0.115186	0.314224
0.028594	0.288963
0.028594	0.279069
0.028594	0.272833
0.028594	0.268837
0.088829	0.324046
0.088829	0.321149
0.088829	0.324731
0.088829	0.329129
0.088829	0.323543
0.088829	0.366853
0.088829	0.287767
0.088829	0.321335
0.113054	0.312143
0.113054	0.267238
0.113054	0.295939
0.113054	0.285226
0.113054	0.323351
0.113054	0.358295
0.089606	0.250278
0.089606	0.242921
0.089606	0.234325
0.089606	0.245660
0.089606	0.235644
0.078288	0.277809
0.078288	0.274481
0.078288	0.297924
0.078288	0.318751
0.078288	0.291461
0.078288	0.301305
0.078288	0.303044
0.078288	0.280190
0.078288	0.291801
0.078288	0.269013
0.078288	0.257707
0.151879	0.287250
0.151879	0.314696
0.151879	0.309635
0.151879	0.290519
0.151879	0.352501
0.151879	0.318070
0.120041	0.257548
0.120041	0.266696
0.120041	0.274959
0.120041	0.293858
0.120041	0.241824
0.120041	0.259995
0.120041	0.279553
0.120041	0.262209
0.056690	0.354073
0.056690	0.368522
0.056690	0.358652
0.056690	0.353371
0.056690	0.374284
0.056690	0.327447
0.056690	0.358266
0.056690	0.308063
0.056690	0.331425
0.056690	0.309581
0.055676	0.301246
0.055676	0.285697
0.055676	0.305814
0.055676	0.316544
0.055676	0.274687
0.055676	0.257597
0.117725	0.321184
0.117725	0.306639
0.117725	0.323220
0.117725	0.287014
0.117725	0.311996
0.117725	0.298062
0.117725	0.298668
0.117725	0.286159
0.117725	0.319299
0.117725	0.283548
0.117725	0.306888
0.117725	0.301582
0.121210	0.299639
0.121210	0.314683
0.121210	0.309632
0.121210	0.298600
0.121210	0.312192
0.121210	0.277224
0.096098	0.344974
0.096098	0.347453
0.096098	0.351286
0.096098	0.337354
0.096098	0.298696
0.096098	0.262559
0.096098	0.359105
0.128544	0.318401
0.128544	0.366613
0.128544	0.377596
0.128544	0.335732
0.219787	0.352622
0.219787	0.340141
0.219787	0.335068
0.219787	0.322598
0.219787	0.339531
0.219787	0.312811
0.219787	0.307254
0.219787	0.320447
0.219787	0.306707
0.307723	0.270411
0.307723	0.258929
0.307723	0.275368
0.307723	0.265822
0.307723	0.269773
0.307723	0.252670
0.307723	0.265526
0.307723	0.286723
0.162241	0.347109
0.162241	0.345648
0.162241	0.346074
0.162241	0.344977
0.162241	0.373103
0.162241	0.301883
0.162241	0.306168
0.162241	0.313387
0.192543	0.359683
0.192543	0.355386
0.192543	0.347321
0.192543	0.343050
0.192543	0.350100
0.192543	0.346219
0.192543	0.364356
0.192543	0.318031
0.192543	0.316135
0.192543	0.389879
0.192543	0.313962
0.347503	0.242265
0.347503	0.228063
0.347503	0.235362
0.347503	0.227045
0.347503	0.233181
0.347503	0.240267
0.347503	0.243718
0.431995	0.257745
0.431995	0.265060
0.431995	0.269727
0.431995	0.264653
0.431995	0.263471
0.308198	0.310265
0.308198	0.314356
0.308198	0.324123
0.308198	0.313650
0.308198	0.328835
0.308198	0.348761
0.095698	0.253298
0.095698	0.257026
0.095698	0.253372
0.095698	0.246946
0.095698	0.237610
0.095698	0.253816
0.318247	0.259476
0.318247	0.274651
0.318247	0.282298
0.318247	0.276809
0.318247	0.276085
0.318247	0.251577
0.318247	0.254585
0.318247	0.252652
0.229432	0.389863
0.229432	0.369879
0.229432	0.377790
0.229432	0.367940
0.229432	0.386282
0.229432	0.391778
0.229432	0.340717
0.229432	0.390832
0.229432	0.342878
0.229432	0.371659
0.229432	0.393888
0.349195	0.391982
0.349195	0.340382
0.349195	0.385871
0.349195	0.380414
0.349195	0.401044
0.349195	0.336598
0.349195	0.416322
0.349195	0.326772
0.349195	0.395900
0.314775	0.306873
0.314775	0.319724
0.314775	0.321279
0.314775	0.361054
0.314775	0.316355
0.314775	0.303270
0.314775	0.314440
0.314775	0.406500
0.225316	0.324486
0.225316	0.282412
0.225316	0.263791
0.225316	0.285362
0.209059	0.290160
0.209059	0.287903
0.209059	0.251806
0.209059	0.278564
0.209059	0.272408
0.209059	0.311778
0.209059	0.381241
0.194263	0.310140
0.194263	0.275383
0.194263	0.310610
0.194263	0.293096
0.194263	0.251451
0.194263	0.271488
0.194263	0.332271
0.422079	0.329786
0.422079	0.310159
0.422079	0.314767
0.422079	0.310836
0.422079	0.343497
0.422079	0.277245
0.422079	0.291763
0.508485	0.274707
0.508485	0.256031
0.508485	0.270381
0.508485	0.255760
0.508485	0.247490
0.508485	0.263112
0.508485	0.250569
0.508485	0.232536
0.443685	0.411874
0.443685	0.409400
0.443685	0.423232
0.443685	0.414332
0.443685	0.418272
0.443685	0.364706
0.443685	0.396994
0.443685	0.351460
0.443685	0.363653
0.443685	0.428228
0.443685	0.333785
0.289279	0.317344
0.289279	0.327044
0.289279	0.318536
0.289279	0.306538
0.289279	0.296956
0.289279	0.268476
0.289279	0.288580
0.174177	0.315815
0.174177	0.310654
0.174177	0.304629
0.174177	0.309189
0.174177	0.276895
0.174177	0.299852
0.174177	0.291682
0.174177	0.314014
0.174177	0.293959
0.174177	0.310178
0.174177	0.309245
0.174177	0.303737
0.174177	0.311234
0.174177	0.331286
0.514545	0.342482
0.514545	0.342133
0.514545	0.376892
0.514545	0.369322
0.514545	0.379304
0.514545	0.334614
0.514545	0.375196
0.514545	0.349719
0.514545	0.292551
0.514545	0.332380
0.514545	0.374586
0.263796	0.381817
0.263796	0.415780
0.263796	0.416142
0.263796	0.333366
0.263796	0.365208
0.263796	0.320272
0.263796	0.369999
0.263796	0.344234
0.263796	0.318558
0.263796	0.318878
0.093190	0.407456
0.093190	0.339336
0.093190	0.401892
0.093190	0.396233
0.093190	0.396942
0.093190	0.362737
0.093190	0.376703
0.093190	0.338612
0.093190	0.387360
0.093190	0.428213
0.093190	0.333573
0.102001	0.253637
0.102001	0.235157
0.102001	0.257714
0.102001	0.250093
0.102001	0.214940
0.379206	0.419834
0.379206	0.428438
0.379206	0.350540
0.379206	0.362660
0.379206	0.379790
0.379206	0.428654
0.379206	0.409599
0.379206	0.441751
0.379206	0.440334
0.379206	0.425261
0.379206	0.478759
0.131554	0.351930
0.131554	0.287317
0.131554	0.351183
0.131554	0.343776
0.131554	0.302889
0.131554	0.295017
0.113500	0.282479
0.113500	0.277374
0.113500	0.280624
0.113500	0.269278
0.113500	0.251346
0.113500	0.233424
0.113500	0.277405
0.307119	0.408354
0.307119	0.405542
0.307119	0.419431
0.307119	0.409483
0.307119	0.395737
0.307119	0.401276
0.307119	0.412107
0.307119	0.422391
0.307119	0.421830
0.307119	0.374047
0.307119	0.401604
0.288833	0.342246
0.288833	0.292052
0.288833	0.354012
0.288833	0.289511
0.288833	0.313626
0.107062	0.486474
0.107062	0.477824
0.107062	0.478733
0.107062	0.474013
0.107062	0.462533
0.107062	0.441937
0.107062	0.470425
0.107062	0.437220
0.107062	0.475165
0.107062	0.499924
0.107062	0.455825
0.091723	0.402557
0.091723	0.399193
0.091723	0.405635
0.091723	0.400903
0.091723	0.384450
0.091723	0.378342
0.091723	0.366829
0.091723	0.376096
0.209727	0.441139
0.209727	0.444310
0.209727	0.389250
0.209727	0.405355
0.209727	0.383715
0.209727	0.439281
0.209727	0.397280
0.209727	0.374499
0.136145	0.497715
0.136145	0.435032
0.136145	0.507537
0.136145	0.440219
0.136145	0.453439
0.136145	0.433902
0.165699	0.497131
0.165699	0.473411
0.165699	0.495471
0.165699	0.488881
0.165699	0.492464
0.165699	0.455213
0.165699	0.472761
0.165699	0.454298
0.165699	0.450009
0.107758	0.468750
0.107758	0.398200
0.107758	0.470904
0.107758	0.496994
0.130547	0.408159
0.130547	0.429114
0.130547	0.457775
0.130547	0.411581
0.189122	0.471813
0.189122	0.439679
0.189122	0.437462
0.189122	0.426161
0.189122	0.424570
0.189122	0.437078
0.189122	0.412321
0.189122	0.443311
0.189122	0.429284
0.189122	0.417319
0.189122	0.435456
0.097627	0.381967
0.097627	0.374478
0.097627	0.381256
0.097627	0.371400
0.097627	0.384310
0.274088	0.403242
0.274088	0.397879
0.274088	0.406571
0.274088	0.396310
0.274088	0.379573
0.285863	0.410873
0.285863	0.404926
0.285863	0.400238
0.285863	0.390639
0.285863	0.409960
0.285863	0.404700
0.285863	0.441230
0.097732	0.316955
0.097732	0.305677
0.097732	0.318137
0.097732	0.306899
0.097732	0.300213
0.097732	0.292147
0.184768	0.230027
0.184768	0.238199
0.184768	0.255661
0.184768	0.252457
0.385098	0.390908
0.385098	0.414918
0.385098	0.400528
0.385098	0.394721
0.385098	0.395798
0.385098	0.371122
0.385098	0.415581
0.385098	0.355132
0.385098	0.334780
0.241173	0.333189
0.241173	0.335552
0.241173	0.332493
0.241173	0.335649
0.241173	0.317272
0.241173	0.344947
0.241173	0.328466
0.241173	0.339788
0.241173	0.371374
0.241173	0.333700
0.241173	0.296138
0.241173	0.332209
0.059503	0.209371
0.059503	0.207134
0.059503	0.217771
0.059503	0.219983
0.059503	0.183664
0.059503	0.204260
0.059503	0.190167
0.059503	0.190390
0.109114	0.256815
0.109114	0.260258
0.109114	0.275278
0.109114	0.279233
0.109114	0.253763
0.109114	0.269478
0.109114	0.255361
0.109114	0.261954
0.109114	0.235117
0.109114	0.257658
0.109114	0.231240
0.177031	0.354485
0.177031	0.358540
0.177031	0.363370
0.177031	0.376576
0.177031	0.347776
0.177031	0.366502
0.177031	0.340682
0.177031	0.360959
0.154783	0.337777
0.154783	0.360999
0.154783	0.345178
0.154783	0.402968
0.154783	0.371199
0.154783	0.321044
0.154783	0.301343
0.154783	0.338058
0.154783	0.301495
0.154783	0.316991
0.154783	0.380213
0.154783	0.293030
0.154783	0.320408
0.154783	0.296650
0.187078	0.278989
0.187078	0.284129
0.187078	0.304465
0.187078	0.302107
0.187078	0.271858
0.165042	0.342086
0.165042	0.350365
0.165042	0.350017
0.165042	0.434735
0.165042	0.363000
0.165042	0.349917
0.165042	0.376459
0.202289	0.473928
0.202289	0.470775
0.202289	0.481286
0.202289	0.453505
0.202289	0.412133
0.202289	0.447600
0.202289	0.394199
0.202289	0.513419
0.202289	0.317652
