Ground Truth	Predictions
0.163748	0.736095
0.163748	0.369004
0.163748	0.344170
0.163748	0.426740
0.163748	0.380869
0.163748	0.364265
0.163748	0.409259
0.163748	0.430243
0.163748	0.424724
0.163748	0.396927
0.163748	0.426385
0.237625	0.363261
0.237625	0.336274
0.237625	0.408242
0.237625	0.410983
0.237625	0.322646
0.237625	0.310096
0.237625	0.294408
0.237625	0.399331
0.237625	0.349546
0.140253	0.299144
0.140253	0.305490
0.140253	0.330384
0.140253	0.324923
0.140253	0.267837
0.140253	0.305657
0.140253	0.297480
0.140253	0.291865
0.140253	0.314960
0.140253	0.290145
0.140253	0.256058
0.140253	0.296328
0.092407	0.300224
0.092407	0.250610
0.092407	0.296972
0.092407	0.335838
0.092407	0.241020
0.092407	0.263842
0.092407	0.241792
0.092407	0.238767
0.168424	0.282595
0.168424	0.340649
0.168424	0.312486
0.168424	0.327852
0.168424	0.280989
0.168424	0.294218
0.168424	0.306768
0.168424	0.294563
0.150644	0.007421
0.150644	0.004438
0.150644	0.004549
0.150644	0.006955
0.150644	0.004942
0.150644	0.008064
0.150644	0.005045
0.286100	0.006410
0.286100	0.009737
0.286100	0.006908
0.286100	0.007795
0.286100	0.009408
0.286100	0.008615
0.286100	0.006727
0.286100	0.009645
0.286100	0.008942
0.233390	0.293118
0.233390	0.296310
0.233390	0.333078
0.233390	0.307741
0.233390	0.288026
0.233390	0.298883
0.233390	0.298865
0.233390	0.318609
0.233390	0.304150
0.136273	0.295356
0.136273	0.276860
0.136273	0.328278
0.136273	0.313209
0.136273	0.281989
0.136273	0.277963
0.136273	0.291693
0.136273	0.306360
0.136273	0.271680
0.216184	0.251490
0.216184	0.245973
0.216184	0.241175
0.216184	0.243706
0.291626	0.322060
0.291626	0.318319
0.291626	0.344198
0.291626	0.343224
0.291626	0.308514
0.291626	0.293501
0.291626	0.341994
0.291626	0.300364
0.291626	0.340795
0.154618	0.309413
0.154618	0.312516
0.154618	0.306917
0.154618	0.337259
0.154618	0.381421
0.154618	0.337974
0.154618	0.277244
0.154618	0.387723
0.129800	0.282291
0.129800	0.263046
0.129800	0.283814
0.129800	0.301181
0.129800	0.267981
0.129800	0.259656
0.262990	0.244392
0.262990	0.230499
0.262990	0.235357
0.262990	0.240209
0.262990	0.302265
0.262990	0.252252
0.142029	0.202423
0.142029	0.172164
0.142029	0.191708
0.142029	0.198269
0.142029	0.189451
0.142029	0.175368
0.142029	0.178831
0.099746	0.148623
0.099746	0.149357
0.099746	0.144631
0.099746	0.145145
0.222463	0.174366
0.222463	0.143182
0.222463	0.149205
0.222463	0.164507
0.222463	0.163662
0.222463	0.168262
0.222463	0.151747
0.222463	0.208111
0.052775	0.153674
0.052775	0.168252
0.052775	0.164488
0.052775	0.152510
0.052775	0.152695
0.052775	0.150993
0.052775	0.156038
0.052775	0.146144
0.204254	0.255958
0.204254	0.229714
0.204254	0.256786
0.204254	0.270109
0.204254	0.278688
0.204254	0.259264
0.204254	0.311889
0.204254	0.329416
0.204254	0.389561
0.109450	0.156911
0.109450	0.155750
0.109450	0.166196
0.109450	0.212664
0.109450	0.166201
0.109450	0.144195
0.109450	0.153386
0.109450	0.159109
0.087894	0.278773
0.087894	0.277367
0.087894	0.272219
0.087894	0.321881
0.087894	0.281300
0.087894	0.262828
0.087894	0.302425
0.087894	0.304026
0.186106	0.354265
0.186106	0.371009
0.186106	0.342153
0.186106	0.323726
0.186106	0.361284
0.186106	0.364921
0.186106	0.314951
0.186106	0.343710
0.186106	0.333807
0.186106	0.339002
0.186106	0.439127
0.315626	0.253425
0.315626	0.250997
0.315626	0.235379
0.315626	0.246342
0.315626	0.281915
0.315626	0.287668
0.315626	0.269240
0.165264	0.274064
0.165264	0.266393
0.165264	0.254162
0.165264	0.261038
0.165264	0.296212
0.165264	0.297983
0.165264	0.300822
0.165264	0.275274
0.165264	0.170149
0.159315	0.192143
0.159315	0.243531
0.159315	0.228173
0.159315	0.227280
0.159315	0.266940
0.258706	0.163898
0.258706	0.175159
0.258706	0.180605
0.258706	0.175313
0.258706	0.157642
0.258706	0.188113
0.258706	0.233061
0.258706	0.214061
0.105542	0.161654
0.105542	0.149115
0.105542	0.139077
0.105542	0.139436
0.105542	0.119364
0.105542	0.141532
0.105542	0.173960
0.105542	0.166405
0.148862	0.129220
0.148862	0.124578
0.148862	0.114058
0.148862	0.120359
0.148862	0.197121
0.221056	0.153949
0.221056	0.121896
0.221056	0.138226
0.221056	0.208193
0.221056	0.141234
0.221056	0.132862
0.221056	0.168725
0.221056	0.105061
0.210257	0.129079
0.210257	0.122331
0.210257	0.150237
0.210257	0.138991
0.210257	0.132025
0.210257	0.146985
0.344691	0.297040
0.344691	0.284816
0.344691	0.291266
0.344691	0.284399
0.344691	0.315666
0.344691	0.341711
0.344691	0.445987
0.344691	0.324313
0.259932	0.263550
0.259932	0.306169
0.259932	0.271053
0.259932	0.276209
0.072526	0.201422
0.072526	0.210126
0.072526	0.198538
0.072526	0.195579
0.072526	0.208649
0.072526	0.192938
0.072526	0.195560
0.072526	0.184841
0.100903	0.194409
0.100903	0.201217
0.100903	0.239827
0.100903	0.207955
0.100903	0.244889
0.100903	0.254968
0.100903	0.293292
0.100903	0.359205
0.275616	0.379550
0.275616	0.479244
0.275616	0.424726
0.275616	0.468576
0.275616	0.466656
0.275616	0.458537
0.275616	0.434383
0.275616	0.392954
0.275616	0.425455
0.147994	0.420018
0.147994	0.428125
0.147994	0.431542
0.147994	0.424664
0.147994	0.368686
0.147994	0.421903
0.147994	0.409845
0.147994	0.389282
0.147994	0.419045
0.052622	0.186284
0.052622	0.185102
0.052622	0.184421
0.052622	0.175710
0.052622	0.195384
0.052622	0.178855
0.052622	0.184945
0.052622	0.261655
0.133307	0.333470
0.133307	0.310461
0.133307	0.394688
0.133307	0.344387
0.133307	0.452559
0.133307	0.289738
0.133307	0.356806
0.133307	0.444141
0.125235	0.521291
0.125235	0.567915
0.125235	0.562453
0.125235	0.557953
0.125235	0.469984
0.125235	0.543587
0.125235	0.477596
0.125235	0.450416
0.125235	0.547783
0.072998	0.287113
0.072998	0.321602
0.072998	0.251093
0.072998	0.255903
0.072998	0.226873
0.060171	0.256622
0.060171	0.265552
0.060171	0.334505
0.060171	0.317679
0.060171	0.301216
0.060171	0.210563
0.060171	0.230297
0.060171	0.243843
0.244750	0.606633
0.244750	0.627319
0.244750	0.640417
0.244750	0.647009
0.244750	0.589107
0.244750	0.627542
0.244750	0.595703
0.244750	0.609845
0.244750	0.592502
0.166416	0.288523
0.166416	0.312042
0.166416	0.294767
0.166416	0.303201
0.166416	0.266901
0.166416	0.284243
0.166416	0.313446
0.086561	0.254448
0.086561	0.264909
0.086561	0.281452
0.086561	0.270335
0.086561	0.239481
0.086561	0.256851
0.086561	0.271357
0.086561	0.232082
0.086561	0.311325
0.086561	0.222783
0.086561	0.252201
0.267093	0.332236
0.267093	0.347719
0.267093	0.376014
0.267093	0.433249
0.267093	0.335272
0.267093	0.423253
0.267093	0.359195
0.267093	0.361419
0.267093	0.394934
0.131067	0.375418
0.131067	0.429787
0.131067	0.400766
0.131067	0.371206
0.131067	0.348973
0.131067	0.415380
0.131067	0.371750
0.131067	0.336532
0.131067	0.394997
0.107020	0.339970
0.107020	0.310473
0.107020	0.345300
0.107020	0.337090
0.107020	0.308959
0.107020	0.317724
0.107020	0.304456
0.107020	0.329267
0.182628	0.327679
0.182628	0.396705
0.182628	0.329834
0.182628	0.328008
0.182628	0.338083
0.182628	0.294291
0.182628	0.290328
0.118048	0.283185
0.118048	0.271088
0.118048	0.296366
0.118048	0.332042
0.118048	0.287434
0.072478	0.226910
0.072478	0.229349
0.072478	0.249507
0.072478	0.239480
0.072478	0.221025
0.072478	0.205790
0.072478	0.227472
0.081605	0.228241
0.081605	0.223918
0.081605	0.215005
0.081605	0.259923
0.103309	0.200773
0.103309	0.185899
0.103309	0.189112
0.103309	0.179731
0.103309	0.191692
0.073787	0.147676
0.073787	0.141181
0.073787	0.149446
0.073787	0.146345
0.073787	0.111045
0.073787	0.147388
0.073787	0.103209
0.073787	0.159230
0.070688	0.094806
0.070688	0.070031
0.070688	0.102598
0.070688	0.091043
0.070688	0.086220
0.070688	0.113201
0.070688	0.072905
0.056006	0.138380
0.056006	0.121860
0.056006	0.145459
0.056006	0.135949
0.056006	0.132139
0.056006	0.120293
0.056006	0.124797
0.056006	0.122944
0.047281	0.154984
0.047281	0.125300
0.047281	0.162697
0.047281	0.147678
0.047281	0.154151
0.047281	0.204311
0.047281	0.204658
0.050837	0.150888
0.050837	0.123201
0.050837	0.170372
0.050837	0.211563
0.158210	0.201188
0.158210	0.341937
0.158210	0.241686
0.158210	0.202535
0.124084	0.357322
0.124084	0.286967
0.124084	0.319514
0.124084	0.359375
0.124084	0.319723
0.124084	0.418031
0.124084	0.293448
0.124084	0.260262
0.124084	0.335217
0.270934	0.291072
0.270934	0.289261
0.270934	0.258967
0.270934	0.297224
0.270934	0.284344
0.270934	0.268926
0.270934	0.246970
0.270934	0.261833
0.270934	0.194116
0.121080	0.145763
0.121080	0.112792
0.121080	0.131189
0.121080	0.142850
0.121080	0.143273
0.076626	0.151935
0.076626	0.163951
0.076626	0.157626
0.076626	0.139579
0.076626	0.126880
0.076626	0.143434
0.076626	0.148649
0.076626	0.168474
0.076626	0.134944
0.076626	0.178124
0.076626	0.160243
0.134522	0.099956
0.134522	0.094162
0.134522	0.103168
0.134522	0.095276
0.134522	0.084115
0.149421	0.126203
0.149421	0.136995
0.149421	0.150633
0.149421	0.212336
0.149421	0.194986
0.158467	0.091683
0.158467	0.124875
0.158467	0.105257
0.158467	0.102938
0.224535	0.145502
0.224535	0.105533
0.224535	0.134982
0.224535	0.200672
0.224535	0.205535
0.155928	0.206276
0.155928	0.188567
0.155928	0.172990
0.155928	0.189148
0.155928	0.175210
0.155928	0.192669
0.155928	0.263509
0.155928	0.238978
0.191570	0.202267
0.191570	0.168306
0.191570	0.187813
0.191570	0.177147
0.191570	0.309782
0.191570	0.226590
0.191570	0.296617
0.191570	0.272567
0.170433	0.265402
0.170433	0.255830
0.170433	0.269633
0.170433	0.340595
0.170433	0.322127
0.170433	0.289963
0.170433	0.323322
0.170433	0.317337
0.170433	0.309336
0.181588	0.257818
0.181588	0.278550
0.181588	0.259817
0.181588	0.310551
0.181588	0.275962
0.181588	0.276337
0.181588	0.241835
0.181588	0.259004
0.181588	0.277506
0.269693	0.216240
0.269693	0.213207
0.269693	0.237849
0.269693	0.324395
0.269693	0.272131
0.269693	0.230093
0.269693	0.274791
0.269693	0.265714
0.163735	0.309082
0.163735	0.388942
0.163735	0.326279
0.163735	0.391679
0.163735	0.344260
0.163735	0.349410
0.163735	0.324349
0.163735	0.371846
0.163735	0.367391
0.221959	0.352177
0.221959	0.371187
0.221959	0.366245
0.221959	0.406769
0.221959	0.418765
0.221959	0.378101
0.221959	0.380654
0.221959	0.417557
0.331460	0.350956
0.331460	0.359926
0.331460	0.351474
0.331460	0.408645
0.331460	0.403649
0.331460	0.365463
0.331460	0.328974
0.331460	0.301327
0.331460	0.304175
0.331460	0.373956
0.331460	0.369256
0.086733	0.293088
0.086733	0.284103
0.086733	0.350857
0.086733	0.277170
0.086733	0.259827
0.086733	0.259216
0.086733	0.149977
0.143559	0.204769
0.143559	0.243779
0.143559	0.174351
0.143559	0.206755
0.143559	0.165511
0.143559	0.279449
0.143559	0.255526
0.143559	0.155574
0.143559	0.357479
0.143559	0.182028
0.143559	0.265539
0.227026	0.271541
0.227026	0.283210
0.227026	0.318207
0.227026	0.363209
0.227026	0.285188
0.227026	0.362714
0.227026	0.364131
0.227026	0.404383
0.227026	0.380829
0.291958	0.334655
0.291958	0.346368
0.291958	0.336703
0.291958	0.352904
0.291958	0.350254
0.291958	0.351935
0.291958	0.347440
0.291958	0.360987
0.352642	0.241247
0.352642	0.236460
0.352642	0.290561
0.352642	0.305459
0.352642	0.392911
0.352642	0.378771
0.340458	0.153561
0.340458	0.300113
0.340458	0.160279
0.340458	0.410646
0.340458	0.154740
0.340458	0.166403
0.340458	0.374284
0.340458	0.163102
0.340458	0.464804
0.340458	0.163993
0.340458	0.191243
0.340458	0.323592
0.294205	0.329413
0.294205	0.359808
0.294205	0.341494
0.294205	0.442050
0.294205	0.315130
0.294205	0.337193
0.363260	0.278459
0.363260	0.332927
0.363260	0.343022
0.363260	0.470486
0.532462	0.408016
0.532462	0.489536
0.532462	0.456041
0.532462	0.483511
0.532462	0.500278
0.532462	0.501725
0.532462	0.519552
0.532462	0.444513
0.532462	0.506913
0.126120	0.328835
0.126120	0.369852
0.126120	0.339759
0.126120	0.427760
0.126120	0.327718
0.126120	0.313719
0.126120	0.324443
0.126120	0.371793
0.126120	0.356871
0.126120	0.366295
0.126120	0.277599
0.260584	0.380987
0.260584	0.377308
0.260584	0.381953
0.260584	0.433723
0.260584	0.364354
0.260584	0.292958
0.260584	0.402877
0.260584	0.396276
0.532861	0.404316
0.532861	0.451956
0.532861	0.400933
0.532861	0.531899
0.532861	0.489860
0.532861	0.507358
0.399134	0.566134
0.399134	0.512266
0.399134	0.503958
0.399134	0.487760
0.399134	0.576643
0.399134	0.569685
0.399134	0.639345
0.399134	0.527468
0.399134	0.538938
0.399134	0.434889
0.408267	0.384678
0.408267	0.328038
0.408267	0.324696
0.408267	0.362013
0.408267	0.388390
0.408267	0.356980
0.408267	0.420928
0.408267	0.299847
0.408267	0.347296
0.408267	0.325286
0.408267	0.338589
0.408267	0.281435
0.408267	0.336728
0.408267	0.299662
0.547189	0.502919
0.547189	0.446583
0.547189	0.469963
0.547189	0.447496
0.547189	0.550277
0.547189	0.551620
0.547189	0.558689
0.547189	0.657893
0.180377	0.534135
0.180377	0.550496
0.180377	0.549836
0.180377	0.530879
0.180377	0.568408
0.180377	0.584055
0.180377	0.529717
0.180377	0.584105
0.180377	0.588949
0.180377	0.604609
0.088927	0.316592
0.088927	0.270086
0.088927	0.297803
0.088927	0.332897
0.088927	0.243223
0.088927	0.289181
0.088927	0.315332
0.088927	0.269441
0.173165	0.483329
0.173165	0.521962
0.173165	0.571377
0.173165	0.639989
0.173165	0.613934
0.173165	0.635888
0.173165	0.541659
0.324929	0.642886
0.324929	0.710522
0.324929	0.682257
0.324929	0.670092
0.324929	0.669065
0.324929	0.728503
0.324929	0.676135
0.324929	0.688423
0.324929	0.679248
0.324929	0.717442
0.324929	0.794236
0.142377	0.500411
0.142377	0.506992
0.142377	0.501490
0.142377	0.543639
0.142377	0.374983
0.142377	0.426729
0.142377	0.433837
0.142377	0.544066
0.347786	0.406956
0.347786	0.446564
0.347786	0.420738
0.347786	0.443081
0.347786	0.461992
0.347786	0.597902
0.347786	0.473813
0.347786	0.493732
0.347786	0.303951
0.282442	0.348743
0.282442	0.338659
0.282442	0.327927
0.282442	0.318690
0.282442	0.323216
0.282442	0.433769
0.282442	0.330533
0.282442	0.440026
0.282442	0.329457
0.103016	0.267877
0.103016	0.218414
0.103016	0.228752
0.103016	0.224849
0.103016	0.344096
0.103016	0.231403
0.103016	0.283421
0.085687	0.165816
0.085687	0.135124
0.085687	0.167735
0.085687	0.176583
0.085687	0.152486
0.085687	0.089688
0.085687	0.147495
0.040495	0.120963
0.040495	0.153345
0.040495	0.135098
0.040495	0.139256
0.040495	0.138801
0.040495	0.200106
0.040495	0.124999
0.040495	0.157787
0.046364	0.112321
0.046364	0.111309
0.046364	0.146832
0.046364	0.127398
0.046364	0.115315
0.073878	0.149777
0.073878	0.138930
0.073878	0.146033
0.073878	0.142607
0.073878	0.158027
0.063877	0.121790
0.063877	0.095144
0.063877	0.137740
0.063877	0.112905
0.063877	0.114418
0.063877	0.108958
0.063877	0.104359
0.071295	0.246370
0.071295	0.217023
0.071295	0.227957
0.071295	0.226120
0.071295	0.300193
0.071295	0.224345
0.071295	0.244651
0.071295	0.258318
0.076192	0.154410
0.076192	0.193163
0.076192	0.145998
0.076192	0.104540
0.257702	0.221915
0.257702	0.186321
0.257702	0.216684
0.257702	0.218505
0.257702	0.209074
0.257702	0.197380
0.257702	0.222202
0.257702	0.183843
0.257702	0.235644
0.257702	0.184747
0.257702	0.215980
0.257702	0.217414
0.096882	0.082814
0.096882	0.069743
0.096882	0.081539
0.096882	0.077615
0.096882	0.072751
0.079811	0.113455
0.079811	0.112511
0.079811	0.143616
0.079811	0.115899
0.079811	0.141067
0.079811	0.120322
0.079811	0.200995
0.079811	0.112749
0.108669	0.113075
0.108669	0.128346
0.108669	0.116057
0.108669	0.102673
0.270616	0.137603
0.270616	0.161948
0.270616	0.084204
0.270616	0.075757
0.076047	0.093585
0.076047	0.073237
0.076047	0.083151
0.076047	0.077877
0.077778	0.107688
0.077778	0.109414
0.077778	0.110822
0.077778	0.103604
0.077778	0.091723
0.077778	0.119960
0.266295	0.229068
0.266295	0.251877
0.266295	0.250461
0.266295	0.236516
0.266295	0.233993
0.266295	0.234115
0.266295	0.294746
0.266295	0.365804
0.266295	0.269624
0.249002	0.144332
0.249002	0.137022
0.249002	0.136777
0.249002	0.126983
0.249002	0.129710
0.249002	0.123129
0.249002	0.179436
0.249002	0.141911
0.081872	0.126049
0.081872	0.119493
0.081872	0.138536
0.081872	0.126238
0.081872	0.144991
0.146341	0.232905
0.146341	0.256829
0.146341	0.236136
0.146341	0.283954
0.146341	0.217967
0.146341	0.255091
0.146341	0.201313
0.146341	0.242269
0.376070	0.267490
0.376070	0.331592
0.376070	0.285484
0.376070	0.457730
0.376070	0.287689
0.376070	0.294036
0.376070	0.508518
0.376070	0.469208
0.181678	0.191199
0.181678	0.208380
0.181678	0.233991
0.181678	0.340957
0.181678	0.168256
0.181678	0.169748
0.112229	0.366307
0.112229	0.385117
0.112229	0.398122
0.112229	0.603414
0.112229	0.360204
0.112229	0.372559
0.112229	0.495149
0.112229	0.588911
0.028316	0.265352
0.028316	0.327385
0.028316	0.254591
0.028316	0.219324
0.028316	0.210976
0.028316	0.420690
0.028316	0.276774
0.028316	0.422047
0.062975	0.318253
0.062975	0.188810
0.062975	0.216091
0.062975	0.214845
0.062975	0.215869
0.062975	0.262187
0.062975	0.177276
0.062975	0.461055
0.035716	0.181137
0.035716	0.173151
0.035716	0.179532
0.035716	0.174046
0.035716	0.180793
0.035716	0.204362
0.035716	0.194733
0.035716	0.189002
0.035716	0.200595
0.035716	0.198135
0.035716	0.204678
0.035716	0.306976
0.054905	0.178443
0.054905	0.160693
0.054905	0.199781
0.054905	0.185298
0.054905	0.191723
0.032617	0.160525
0.032617	0.179670
0.032617	0.182818
0.032617	0.167144
0.070637	0.353978
0.070637	0.324258
0.070637	0.360061
0.070637	0.384263
0.070637	0.299624
0.070637	0.317017
0.070637	0.283992
0.070637	0.346452
0.070637	0.363259
0.083135	0.282832
0.083135	0.281069
0.083135	0.310502
0.083135	0.334988
0.083135	0.303657
0.083135	0.260169
0.083135	0.290513
0.083135	0.267929
0.083135	0.238110
0.104984	0.187852
0.104984	0.148519
0.104984	0.178011
0.104984	0.194497
0.104984	0.149642
0.208648	0.188378
0.208648	0.169221
0.208648	0.218858
0.208648	0.198140
0.208648	0.196133
0.208648	0.227563
0.208648	0.183775
0.208648	0.206837
0.208648	0.236947
0.067543	0.137471
0.067543	0.118364
0.067543	0.138960
0.067543	0.122320
0.067543	0.125874
0.067543	0.144484
0.067543	0.146218
0.067543	0.143715
0.067543	0.152730
0.067543	0.182844
0.067543	0.130348
0.078908	0.083098
0.078908	0.082331
0.078908	0.085596
0.078908	0.084160
0.137533	0.183182
0.137533	0.173452
0.137533	0.188381
0.137533	0.208374
0.137533	0.176028
0.137533	0.174583
0.137533	0.180778
0.137533	0.209052
0.137533	0.153289
0.050597	0.184421
0.050597	0.184502
0.050597	0.197187
0.050597	0.196762
0.050597	0.248020
0.050597	0.268812
0.050597	0.158316
0.262443	0.240568
0.262443	0.234875
0.262443	0.218892
0.262443	0.226398
0.262443	0.217061
0.262443	0.238232
0.262443	0.245529
0.262443	0.268983
0.262443	0.275801
0.035552	0.205633
0.035552	0.212095
0.035552	0.226380
0.035552	0.244062
0.035552	0.213486
0.035552	0.231132
0.035552	0.215473
0.035552	0.285719
0.030012	0.216851
0.030012	0.235711
0.030012	0.250810
0.030012	0.273956
0.030012	0.268621
0.030012	0.231128
0.030012	0.313665
0.030012	0.270830
0.144272	0.227467
0.144272	0.232248
0.144272	0.226703
0.144272	0.267040
0.144272	0.241554
0.144272	0.235368
0.144272	0.346298
0.144272	0.297151
0.102770	0.260199
0.102770	0.261853
0.102770	0.258594
0.102770	0.266458
0.202769	0.236375
0.202769	0.288986
0.202769	0.240538
0.202769	0.240627
0.202769	0.324003
0.202769	0.252619
0.202769	0.204690
0.134961	0.191660
0.134961	0.190759
0.134961	0.206841
0.134961	0.279443
0.134961	0.190730
0.134961	0.252270
0.134961	0.241502
0.134961	0.281490
0.120990	0.275774
0.120990	0.274778
0.120990	0.295325
0.120990	0.389405
0.120990	0.269653
0.120990	0.284754
0.120990	0.276942
0.219881	0.292935
0.219881	0.355715
0.219881	0.317413
0.219881	0.390772
0.268123	0.299499
0.268123	0.428720
0.268123	0.340940
0.268123	0.295639
0.268123	0.302953
0.335885	0.445378
0.335885	0.527664
0.335885	0.291097
0.335885	0.282823
0.039552	0.251248
0.039552	0.174621
0.039552	0.230206
0.039552	0.199815
0.178145	0.347992
0.178145	0.331894
0.178145	0.338292
0.178145	0.375358
0.178145	0.342915
0.178145	0.412560
0.178145	0.323903
0.069004	0.513022
0.069004	0.505139
0.069004	0.515903
0.069004	0.501696
0.069004	0.573779
0.069004	0.552029
0.069004	0.485994
0.069004	0.529078
0.069004	0.487551
0.413361	0.625872
0.413361	0.591960
0.413361	0.552846
0.413361	0.584701
0.413361	0.578381
0.413361	0.558908
0.413361	0.715610
0.413361	0.601312
0.413361	0.579417
0.413361	0.623915
0.413361	0.691559
0.039972	0.242549
0.039972	0.247609
0.039972	0.227352
0.039972	0.237385
0.039972	0.214605
0.039972	0.209143
0.039972	0.208290
0.039972	0.219142
0.166341	0.353740
0.166341	0.295734
0.166341	0.359141
0.166341	0.376105
0.166341	0.344405
0.166341	0.348648
0.166341	0.426703
0.078743	0.661191
0.078743	0.637913
0.078743	0.713074
0.078743	0.696392
0.078743	0.685298
0.078743	0.621763
0.078743	0.634832
0.078743	0.716387
0.078743	0.712845
0.078743	0.748640
0.078743	0.754326
0.103836	0.491751
0.103836	0.595193
0.103836	0.500705
0.103836	0.557046
0.103836	0.684755
0.019526	0.367600
0.019526	0.364456
0.019526	0.391280
0.019526	0.389443
0.019526	0.304142
0.019526	0.333250
0.019526	0.275775
0.038139	0.371471
0.038139	0.406411
0.038139	0.355765
0.038139	0.326160
0.131701	0.432848
0.131701	0.417772
0.131701	0.379985
0.131701	0.375259
0.131701	0.419687
0.131701	0.398927
0.131701	0.405132
0.131701	0.379340
0.131701	0.293368
0.112606	0.336905
0.112606	0.300928
0.112606	0.287881
0.112606	0.303458
0.112606	0.304171
0.112606	0.275489
0.024194	0.266636
0.024194	0.256363
0.024194	0.248179
0.024194	0.242767
0.024194	0.295260
0.024194	0.238968
0.024194	0.266018
0.024194	0.286666
0.075636	0.227727
0.075636	0.191088
0.075636	0.232797
0.075636	0.213648
0.075636	0.222540
0.221035	0.272876
0.221035	0.267901
0.221035	0.270803
0.221035	0.260619
0.221035	0.264411
0.221035	0.256125
0.221035	0.314928
0.221035	0.379823
0.051149	0.285259
0.051149	0.290188
0.051149	0.270342
0.051149	0.283545
0.051149	0.273284
0.051149	0.282257
0.051149	0.270870
0.051149	0.303270
0.051149	0.281466
0.047642	0.180337
0.047642	0.196457
0.047642	0.183072
0.047642	0.180759
0.047642	0.166433
0.047642	0.173356
0.047642	0.163704
0.047642	0.189866
0.119290	0.174423
0.119290	0.177210
0.119290	0.198351
0.119290	0.207993
0.119290	0.195649
0.119290	0.271417
0.119290	0.228375
0.048423	0.231416
0.048423	0.237361
0.048423	0.244477
0.048423	0.272274
0.048423	0.246040
0.048423	0.232026
0.048423	0.243713
0.048423	0.283305
0.035370	0.257030
0.035370	0.250119
0.035370	0.260888
0.035370	0.299421
0.035370	0.243504
0.035370	0.255570
0.035370	0.272238
0.028477	0.179369
0.028477	0.161414
0.028477	0.190508
0.028477	0.231769
0.035462	0.250614
0.035462	0.253577
0.035462	0.232534
0.035462	0.240290
0.035462	0.275970
0.035462	0.259544
0.035462	0.280856
0.035462	0.258732
0.077083	0.310053
0.077083	0.206363
0.077083	0.266416
0.077083	0.293197
0.077083	0.256446
0.077083	0.252888
0.077083	0.213914
0.077083	0.218350
0.077083	0.260171
0.077083	0.366907
0.077083	0.284689
0.078822	0.147801
0.078822	0.193022
0.078822	0.185042
0.078822	0.169132
0.078822	0.164335
0.078822	0.140973
0.078822	0.210818
0.078822	0.204594
0.185136	0.222300
0.185136	0.185971
0.185136	0.205586
0.185136	0.194654
0.185136	0.214657
0.185136	0.171694
0.035471	0.201153
0.035471	0.179231
0.035471	0.168432
0.035471	0.165037
0.035471	0.215208
0.043793	0.404863
0.043793	0.316187
0.043793	0.333851
0.043793	0.326291
0.043793	0.367541
0.043793	0.283350
0.043793	0.286896
0.043793	0.367826
0.043793	0.382643
0.042467	0.273493
0.042467	0.271359
0.042467	0.289975
0.042467	0.304834
0.042467	0.291091
0.042467	0.263836
0.042467	0.260006
0.042467	0.277343
0.038423	0.174681
0.038423	0.184728
0.038423	0.203473
0.038423	0.205880
0.038423	0.162933
0.039150	0.265181
0.039150	0.291153
0.039150	0.318332
0.039150	0.378169
0.039150	0.280624
0.039150	0.332467
0.039150	0.296371
0.039150	0.304188
0.039150	0.308537
0.048520	0.345318
0.048520	0.359279
0.048520	0.335228
0.048520	0.367453
0.048520	0.321057
0.048520	0.330584
0.048520	0.319928
0.048520	0.312130
0.048520	0.290177
0.031517	0.341501
0.031517	0.371231
0.031517	0.378116
0.031517	0.399001
0.031517	0.332891
0.047720	0.479074
0.047720	0.535305
0.047720	0.524915
0.047720	0.648208
0.076441	0.332393
0.076441	0.301811
0.076441	0.305367
0.076441	0.595174
0.076441	0.260786
0.076441	0.273893
0.076441	0.296968
0.076441	0.230327
0.047049	0.348629
0.047049	0.376234
0.047049	0.420499
0.047049	0.449070
0.047049	0.258385
0.047049	0.254862
0.047049	0.286834
0.047815	0.297346
0.047815	0.333101
0.047815	0.302717
0.047815	0.332183
0.047815	0.440965
0.047815	0.304185
0.036288	0.303959
0.036288	0.285004
0.036288	0.299039
0.036288	0.264847
0.036288	0.273965
0.036288	0.281198
0.036288	0.236478
0.036288	0.331844
0.036288	0.389396
0.035766	0.236720
0.035766	0.193971
0.035766	0.211060
0.035766	0.255126
0.035766	0.250070
0.035766	0.211727
0.035766	0.252160
0.035766	0.216767
0.031475	0.264017
0.031475	0.271285
0.031475	0.275850
0.031475	0.264141
0.031475	0.259625
0.031475	0.289144
0.031475	0.279405
0.031475	0.267968
0.031475	0.278811
0.031475	0.292252
0.031475	0.299022
0.130427	0.303896
0.130427	0.290880
0.130427	0.294131
0.130427	0.294721
0.130427	0.282704
0.130427	0.287720
0.130427	0.301132
0.056402	0.253585
0.056402	0.221589
0.056402	0.228567
0.056402	0.260096
0.056402	0.265750
0.056402	0.265403
0.056402	0.254322
0.178585	0.342609
0.178585	0.349946
0.178585	0.344222
0.178585	0.396856
0.178585	0.352860
0.178585	0.377932
0.178585	0.321119
0.178585	0.332266
0.178585	0.311791
0.108922	0.278198
0.108922	0.272555
0.108922	0.284711
0.108922	0.267272
0.108922	0.282933
0.108922	0.300124
0.108922	0.290932
0.073699	0.220483
0.073699	0.207137
0.073699	0.204468
0.073699	0.206386
0.073699	0.223897
0.073699	0.211525
0.073699	0.188774
0.073699	0.202707
0.087922	0.184063
0.087922	0.157964
0.087922	0.170339
0.087922	0.167207
0.087922	0.234299
0.087922	0.224382
0.087922	0.258636
0.048776	0.307822
0.048776	0.304466
0.048776	0.309198
0.048776	0.312356
0.048776	0.340754
0.048776	0.360691
0.048776	0.304482
0.048776	0.297931
0.048776	0.282888
0.056187	0.292059
0.056187	0.290825
0.056187	0.312649
0.056187	0.312404
0.056187	0.290732
0.056187	0.288800
0.056187	0.283963
0.056187	0.314891
0.056187	0.300471
0.046179	0.152689
0.046179	0.154862
0.046179	0.171167
0.046179	0.174645
0.046179	0.130819
0.112127	0.161441
0.112127	0.166528
0.112127	0.169391
0.112127	0.165641
0.112127	0.177332
0.112127	0.175318
0.112127	0.203505
0.112127	0.239955
0.135383	0.301645
0.135383	0.316916
0.135383	0.315602
0.135383	0.309990
0.135383	0.323167
0.135383	0.340936
0.135383	0.307582
0.135383	0.297372
0.135383	0.281662
0.063259	0.201452
0.063259	0.219371
0.063259	0.215963
0.063259	0.219950
0.063259	0.259341
0.063259	0.247427
0.065360	0.184122
0.065360	0.182830
0.065360	0.177910
0.065360	0.173204
0.065360	0.143756
0.199995	0.277527
0.199995	0.283828
0.199995	0.309030
0.199995	0.305837
0.199995	0.292404
0.199995	0.307480
0.199995	0.304790
0.199995	0.301862
0.199995	0.327300
0.067885	0.293495
0.067885	0.294313
0.067885	0.309719
0.067885	0.293109
0.067885	0.337850
0.067885	0.307041
0.067885	0.339450
0.067885	0.279759
0.067885	0.308060
0.069935	0.236984
0.069935	0.261067
0.069935	0.258395
0.069935	0.262854
0.069935	0.219335
0.069935	0.343515
0.069935	0.269192
0.069935	0.370159
0.079214	0.201107
0.079214	0.212566
0.079214	0.232467
0.079214	0.286222
0.079214	0.216335
0.236354	0.308292
0.236354	0.329389
0.236354	0.307530
0.236354	0.366192
0.236354	0.344509
0.236354	0.300344
0.236354	0.361157
0.236354	0.341941
0.080299	0.306426
0.080299	0.290783
0.080299	0.316666
0.080299	0.332082
0.080299	0.318651
0.080299	0.346002
0.080299	0.332222
0.080299	0.373864
0.089436	0.258513
0.089436	0.228654
0.089436	0.266503
0.089436	0.255116
0.089436	0.219932
0.089436	0.251210
0.095428	0.331513
0.095428	0.334789
0.095428	0.330407
0.095428	0.331948
0.095428	0.402144
0.095428	0.339622
0.095428	0.391411
0.095428	0.318336
0.095428	0.351956
0.148152	0.278398
0.148152	0.285316
0.148152	0.274972
0.148152	0.270239
0.148152	0.263914
0.148152	0.340747
0.148152	0.304591
0.148152	0.273101
0.054903	0.256687
0.054903	0.256865
0.054903	0.275267
0.054903	0.269918
0.054903	0.247736
0.054903	0.259496
0.054903	0.398376
0.054903	0.272210
0.059494	0.247093
0.059494	0.271750
0.059494	0.270517
0.059494	0.271077
0.059494	0.244503
0.059494	0.379680
0.059494	0.350603
0.103613	0.275774
0.103613	0.283176
0.103613	0.284973
0.103613	0.285497
0.103613	0.385329
0.089768	0.307285
0.089768	0.315937
0.089768	0.321591
0.089768	0.312315
0.089768	0.328146
0.089768	0.367887
0.089768	0.295642
0.089768	0.344032
0.034798	0.298430
0.034798	0.298634
0.034798	0.308763
0.034798	0.300192
0.034798	0.374637
0.084726	0.424130
0.084726	0.437482
0.084726	0.424460
0.084726	0.396146
0.084726	0.433585
0.084726	0.418791
0.084726	0.414557
0.084726	0.457062
0.084726	0.402314
0.170376	0.419988
0.170376	0.462447
0.170376	0.453978
0.170376	0.551506
0.170376	0.505940
0.170376	0.559295
0.170376	0.485347
0.170376	0.443835
0.170376	0.527806
0.045677	0.371255
0.045677	0.373158
0.045677	0.379905
0.045677	0.383719
0.045677	0.393733
0.045677	0.396584
0.030400	0.431602
0.030400	0.491192
0.030400	0.410567
0.030400	0.439836
0.030400	0.435051
0.030400	0.604445
0.030400	0.571038
0.189406	0.461440
0.189406	0.465161
0.189406	0.474782
0.189406	0.511562
0.189406	0.674770
0.189406	0.465937
0.189406	0.543567
0.189406	0.697843
0.115526	0.434647
0.115526	0.436422
0.115526	0.419735
0.115526	0.444537
0.115526	0.466056
0.030511	0.454585
0.030511	0.495145
0.030511	0.462250
0.030511	0.486965
0.030511	0.533786
0.180674	0.725423
0.180674	0.653377
0.180674	0.660450
0.180674	0.723250
0.180674	0.739969
0.180674	0.731141
0.180674	0.726765
0.180674	0.654108
0.180674	0.794755
0.180674	0.686333
0.180674	0.758584
0.097832	0.758613
0.097832	0.748682
0.097832	0.763148
0.097832	0.780884
0.097832	0.718965
0.097832	0.732708
0.097832	0.692915
0.097832	0.781744
0.097832	0.811723
0.110307	0.542140
0.110307	0.549973
0.110307	0.619092
0.110307	0.609304
0.110307	0.487227
0.110307	0.519100
0.110307	0.455599
0.110307	0.553672
0.049509	0.481951
0.049509	0.566226
0.049509	0.488795
0.049509	0.467288
0.049509	0.395109
0.049509	0.371525
0.049509	0.377786
0.053523	0.483620
0.053523	0.453884
0.053523	0.442523
0.053523	0.426651
0.053523	0.406382
0.053523	0.556650
0.053523	0.456928
0.053523	0.631443
0.059850	0.413436
0.059850	0.429263
0.059850	0.402703
0.059850	0.396321
0.059850	0.368533
0.059850	0.368848
0.059850	0.364970
0.090429	0.398243
0.090429	0.392034
0.090429	0.406731
0.090429	0.409933
0.090429	0.444131
0.090429	0.448857
0.090429	0.447443
0.090429	0.460809
0.090429	0.377063
0.110218	0.344507
0.110218	0.400284
0.110218	0.361815
0.110218	0.356225
0.037005	0.369633
0.037005	0.366432
0.037005	0.367631
0.037005	0.367377
0.037005	0.360444
0.037005	0.388242
0.037005	0.428050
0.037005	0.379784
0.049502	0.372676
0.049502	0.373726
0.049502	0.377386
0.049502	0.378449
0.049502	0.397079
0.049502	0.390540
0.049502	0.405472
0.049502	0.364145
0.049502	0.341204
0.072547	0.333100
0.072547	0.350340
0.072547	0.332683
0.072547	0.337288
0.072547	0.370254
0.072547	0.339455
0.072547	0.430125
0.072547	0.483381
0.038206	0.358744
0.038206	0.364583
0.038206	0.360739
0.038206	0.369564
0.038206	0.404865
0.038206	0.364888
0.038206	0.413456
0.038206	0.393487
0.038206	0.446440
0.043091	0.365816
0.043091	0.370694
0.043091	0.370375
0.043091	0.364350
0.043091	0.381816
0.043091	0.429928
0.043091	0.386549
0.043091	0.406152
0.043091	0.359448
0.063134	0.365922
0.063134	0.368142
0.063134	0.369580
0.063134	0.370318
0.063134	0.412839
0.063134	0.377667
0.063134	0.411006
0.063134	0.360358
0.063134	0.386196
0.076079	0.293081
0.076079	0.302208
0.076079	0.303510
0.076079	0.284119
0.076079	0.337152
0.076079	0.309868
0.076079	0.341633
0.076079	0.400550
0.053769	0.307329
0.053769	0.414889
0.053769	0.316093
0.053769	0.308905
0.053769	0.419495
0.053769	0.342013
0.053769	0.405512
0.053769	0.363035
0.053769	0.362232
0.053769	0.304309
0.053769	0.299205
0.043253	0.340258
0.043253	0.339078
0.043253	0.336893
0.043253	0.332764
0.043253	0.346869
0.043253	0.313605
0.043253	0.335975
0.043253	0.331287
0.043253	0.347938
0.043253	0.322465
0.043253	0.315756
0.043253	0.320659
0.070121	0.297283
0.070121	0.289905
0.070121	0.302176
0.070121	0.314489
0.070121	0.354902
0.070121	0.330807
0.056305	0.267882
0.056305	0.274624
0.056305	0.274871
0.056305	0.265099
0.056305	0.259707
0.056305	0.281054
0.056305	0.399674
0.078659	0.300558
0.078659	0.308190
0.078659	0.316532
0.078659	0.303640
0.078659	0.281433
0.078659	0.276649
0.078659	0.265313
0.078659	0.280654
0.078659	0.277312
0.078659	0.275785
0.078659	0.291970
0.064305	0.293289
0.064305	0.258071
0.064305	0.309629
0.064305	0.320813
0.064305	0.316082
0.103956	0.284966
0.103956	0.288642
0.103956	0.297259
0.103956	0.310974
0.103956	0.267069
0.103956	0.262016
0.103956	0.348164
0.469470	0.324317
0.469470	0.321775
0.469470	0.329600
0.469470	0.330651
0.469470	0.318732
0.469470	0.340972
0.469470	0.315926
0.469470	0.334781
0.132781	0.292784
0.132781	0.281822
0.132781	0.295732
0.132781	0.298928
0.132781	0.264740
0.132781	0.280967
0.132781	0.308119
0.132781	0.300882
0.059158	0.328534
0.059158	0.335755
0.059158	0.337742
0.059158	0.339597
0.059158	0.321749
0.059158	0.331745
0.059158	0.338380
0.059158	0.338713
0.059158	0.338056
0.059158	0.434095
0.059158	0.381601
0.226372	0.347891
0.226372	0.356609
0.226372	0.359256
0.226372	0.363390
0.226372	0.380781
0.226372	0.380936
0.226372	0.345049
0.226372	0.354999
0.226372	0.336116
0.226372	0.373554
0.226372	0.360669
0.379590	0.342350
0.379590	0.343311
0.379590	0.349646
0.379590	0.346774
0.379590	0.348096
0.379590	0.336483
0.379590	0.356171
0.379590	0.357280
0.379590	0.355640
0.065529	0.236356
0.065529	0.341318
0.065529	0.343304
0.065529	0.350990
0.077966	0.300952
0.077966	0.324068
0.077966	0.328469
0.077966	0.325311
0.077966	0.300742
0.077966	0.370906
0.077966	0.300356
0.077966	0.286483
0.113235	0.316328
0.113235	0.337608
0.113235	0.327054
0.113235	0.318547
0.113235	0.327143
0.113235	0.333494
0.092990	0.290182
0.092990	0.280315
0.092990	0.304085
0.092990	0.298861
0.092990	0.354764
0.120718	0.352153
0.120718	0.422080
0.120718	0.367059
0.120718	0.383268
0.120718	0.446534
0.120718	0.420850
0.120718	0.435820
0.120718	0.415699
0.120718	0.387095
0.120718	0.353725
0.120718	0.353760
0.122814	0.347093
0.122814	0.339705
0.122814	0.365856
0.122814	0.334622
0.122814	0.347441
0.122814	0.329606
0.122814	0.379657
0.040570	0.422207
0.040570	0.389272
0.040570	0.391163
0.040570	0.404670
0.040570	0.375698
0.040570	0.388886
0.040570	0.379069
0.040570	0.387764
0.040570	0.414245
0.087519	0.427810
0.087519	0.476867
0.087519	0.473866
0.087519	0.436369
0.087519	0.446973
0.087519	0.489867
0.087519	0.440527
0.087519	0.486047
0.087519	0.366721
0.125259	0.408437
0.125259	0.421400
0.125259	0.424545
0.125259	0.460271
0.125259	0.403658
0.125259	0.403182
0.125259	0.397934
0.125259	0.392483
0.125259	0.394411
0.125259	0.388105
0.125259	0.397552
0.168609	0.373568
0.168609	0.420965
0.168609	0.374270
0.168609	0.378832
0.168609	0.340220
0.168609	0.409235
0.168609	0.338293
0.168609	0.458718
0.168609	0.378232
0.169569	0.333449
0.169569	0.252354
0.169569	0.268036
0.169569	0.382030
0.169569	0.344395
0.315823	0.317910
0.315823	0.363412
0.315823	0.325749
0.315823	0.312776
0.315823	0.319009
0.315823	0.302288
0.315823	0.335907
0.315823	0.291501
0.140104	0.347591
0.140104	0.264990
0.140104	0.282825
0.140104	0.337728
0.140104	0.291801
0.140104	0.280137
0.140104	0.287958
0.140104	0.264889
0.140104	0.344433
0.140104	0.278677
0.140104	0.380443
0.450208	0.340686
0.450208	0.378155
0.450208	0.345037
0.450208	0.372681
0.450208	0.339568
0.450208	0.336118
0.450208	0.331426
0.450208	0.349133
0.450208	0.317792
0.147715	0.321979
0.147715	0.307512
0.147715	0.315612
0.147715	0.392906
0.147715	0.404642
0.147715	0.331199
0.147715	0.344147
0.147715	0.354006
0.284499	0.336907
0.284499	0.361692
0.284499	0.373974
0.284499	0.326483
0.284499	0.343868
0.284499	0.298537
0.284499	0.360302
0.284499	0.316800
0.284499	0.376235
0.284499	0.361788
