Ground Truth	Predictions
0.422573	0.856834
0.422573	0.760478
0.422573	0.686093
0.422573	0.759292
0.422573	0.742456
0.422573	0.692977
0.422573	0.712191
0.422573	0.771995
0.311386	0.672234
0.311386	0.614337
0.311386	0.635249
0.311386	0.661697
0.311386	0.641266
0.311386	0.630534
0.311386	0.599452
0.311386	0.745274
0.147074	0.492715
0.147074	0.327927
0.147074	0.420314
0.147074	0.399541
0.147074	0.393394
0.147074	0.384138
0.147074	0.504058
0.147074	0.397284
0.147074	0.560609
0.100815	0.213386
0.100815	0.203294
0.100815	0.216190
0.100815	0.211619
0.100815	0.190839
0.100815	0.221175
0.100815	0.232627
0.100815	0.206924
0.100815	0.244673
0.100815	0.223110
0.100815	0.224287
0.153136	0.376383
0.153136	0.320892
0.153136	0.260527
0.153136	0.347179
0.153136	0.344399
0.153136	0.278564
0.153136	0.287957
0.153136	0.317045
0.153136	0.239537
0.153136	0.286526
0.153136	0.366075
0.090541	0.168029
0.090541	0.166609
0.090541	0.175191
0.090541	0.182987
0.090541	0.161607
0.090541	0.154947
0.090541	0.151244
0.275152	0.218428
0.275152	0.208620
0.275152	0.245522
0.275152	0.240461
0.275152	0.214426
0.275152	0.233686
0.275152	0.217501
0.275152	0.198396
0.275152	0.216328
0.260358	0.155704
0.260358	0.135311
0.260358	0.167816
0.260358	0.163549
0.221356	0.169956
0.221356	0.167177
0.221356	0.185893
0.221356	0.181503
0.221356	0.195298
0.221356	0.148487
0.221356	0.164327
0.158041	0.140790
0.158041	0.171421
0.158041	0.142397
0.158041	0.150924
0.158041	0.149747
0.158041	0.136346
0.158041	0.159587
0.240243	0.300028
0.240243	0.288906
0.240243	0.293452
0.240243	0.288403
0.240243	0.287562
0.240243	0.271321
0.240243	0.291317
0.240243	0.288114
0.240243	0.299564
0.240243	0.289828
0.240243	0.303938
0.133936	0.107173
0.133936	0.118852
0.133936	0.115411
0.133936	0.110101
0.133936	0.104762
0.133936	0.108708
0.133936	0.102218
0.133936	0.111494
0.101375	0.216495
0.101375	0.174551
0.101375	0.216530
0.101375	0.251041
0.101375	0.162570
0.101375	0.274230
0.101375	0.240410
0.101375	0.234874
0.101375	0.207016
0.125570	0.176711
0.125570	0.166957
0.125570	0.162873
0.125570	0.137676
0.152805	0.399699
0.152805	0.291041
0.152805	0.399922
0.152805	0.527074
0.152805	0.329720
0.152805	0.324362
0.152805	0.315810
0.152805	0.353785
0.152805	0.319337
0.063845	0.196833
0.063845	0.258958
0.063845	0.239644
0.063845	0.206837
0.063845	0.204916
0.063845	0.152281
0.063845	0.204415
0.132419	0.347655
0.132419	0.269293
0.132419	0.293473
0.132419	0.426332
0.132419	0.333060
0.132419	0.270739
0.132419	0.378220
0.076461	0.333428
0.076461	0.381177
0.076461	0.433736
0.076461	0.484021
0.076461	0.371371
0.076461	0.252971
0.076461	0.253567
0.076461	0.259769
0.113287	0.556305
0.113287	0.620848
0.113287	0.629903
0.113287	0.539013
0.113287	0.572466
0.113287	0.604068
0.066976	0.541339
0.066976	0.393843
0.066976	0.457766
0.066976	0.498170
0.196079	0.463641
0.196079	0.453893
0.196079	0.495394
0.196079	0.417623
0.196079	0.604498
0.258948	0.741728
0.258948	0.537417
0.258948	0.672061
0.258948	0.645097
0.258948	0.700235
0.258948	0.655831
0.258948	0.684954
0.258948	0.910394
0.258948	0.914850
0.245637	0.612589
0.245637	0.589608
0.245637	0.556572
0.245637	0.641210
0.245637	0.672462
0.245637	0.880728
0.245637	0.890359
0.245637	0.955407
0.089094	0.269223
0.089094	0.218443
0.089094	0.254306
0.089094	0.206115
0.089094	0.336304
0.072636	0.176799
0.072636	0.156345
0.072636	0.165799
0.072636	0.134746
0.072636	0.152990
0.112432	0.188284
0.112432	0.185340
0.112432	0.189520
0.112432	0.172033
0.112432	0.219145
0.112432	0.223445
0.112432	0.529989
0.112432	0.211794
0.052564	0.180766
0.052564	0.166553
0.052564	0.153453
0.052564	0.180560
0.052564	0.184180
0.052564	0.205507
0.052564	0.163964
0.032647	0.155169
0.032647	0.139926
0.032647	0.142846
0.032647	0.136693
0.032647	0.129851
0.032647	0.158707
0.032647	0.132342
0.032647	0.157102
0.060907	0.120531
0.060907	0.123859
0.060907	0.137995
0.060907	0.136200
0.060907	0.114616
0.060907	0.119351
0.060907	0.152011
0.060907	0.136779
0.094763	0.142804
0.094763	0.146557
0.094763	0.152740
0.094763	0.145423
0.094763	0.162432
0.094763	0.157012
0.094763	0.146863
0.094763	0.147802
0.094763	0.193526
0.094763	0.167039
0.094763	0.157561
0.046759	0.135130
0.046759	0.125608
0.046759	0.125336
0.046759	0.127967
0.046759	0.117388
0.060230	0.124982
0.060230	0.140791
0.060230	0.134131
0.060230	0.151005
0.060230	0.133118
0.063869	0.137138
0.063869	0.165228
0.063869	0.166183
0.063869	0.170247
0.063869	0.167448
0.063869	0.146945
0.063869	0.151227
0.063869	0.154513
0.043973	0.145427
0.043973	0.163476
0.043973	0.170835
0.043973	0.191337
0.043973	0.161276
0.043973	0.164262
0.043973	0.161045
0.043973	0.150999
0.057176	0.168524
0.057176	0.168465
0.057176	0.195355
0.057176	0.202202
0.057176	0.148310
0.082769	0.288377
0.082769	0.296909
0.082769	0.327752
0.082769	0.343704
0.082769	0.334054
0.082769	0.282483
0.082769	0.305520
0.082769	0.349139
0.082769	0.378099
0.140252	0.353698
0.140252	0.363613
0.140252	0.408549
0.140252	0.375752
0.140252	0.350756
0.140252	0.370703
0.140252	0.341449
0.140252	0.375352
0.140252	0.336856
0.102827	0.250831
0.102827	0.215165
0.102827	0.257751
0.102827	0.298006
0.102827	0.242589
0.102827	0.243135
0.102827	0.286740
0.075444	0.189705
0.075444	0.186172
0.075444	0.189099
0.075444	0.179683
0.075444	0.176378
0.075444	0.170220
0.075444	0.167182
0.068139	0.342438
0.068139	0.324494
0.068139	0.399396
0.068139	0.391799
0.068139	0.375798
0.068139	0.347160
0.068139	0.386536
0.068139	0.401368
0.068139	0.427481
0.038549	0.221927
0.038549	0.195573
0.038549	0.243480
0.038549	0.217881
0.038549	0.191558
0.038549	0.193171
0.038549	0.198767
0.038549	0.177747
0.090943	0.407801
0.090943	0.505546
0.090943	0.539091
0.090943	0.509444
0.090943	0.474513
0.090943	0.483878
0.090943	0.423063
0.090943	0.465297
0.090943	0.436099
0.112829	0.658317
0.112829	0.551178
0.112829	0.577259
0.112829	0.585113
0.112829	0.514187
0.112829	0.604469
0.112829	0.665327
0.112829	0.653479
0.169310	0.373654
0.169310	0.272630
0.169310	0.422091
0.169310	0.454713
0.169310	0.226832
0.169310	0.191072
0.169310	0.184904
0.164515	0.513324
0.164515	0.643473
0.164515	0.649499
0.164515	0.580430
0.164515	0.632649
0.164515	0.483881
0.164515	0.450519
0.374506	0.803147
0.374506	0.740391
0.374506	0.808078
0.374506	0.896776
0.374506	0.805577
0.374506	0.842827
0.374506	0.825274
0.374506	0.749691
0.374506	0.496527
0.207055	0.692476
0.207055	0.707679
0.207055	0.699359
0.207055	0.650329
0.207055	0.664267
0.207055	0.656869
0.207055	0.674777
0.207055	0.672904
0.372597	0.883106
0.372597	0.826389
0.372597	0.777591
0.372597	0.752400
0.372597	0.821649
0.372597	0.796530
0.372597	0.800498
0.372597	0.783699
0.372597	0.782464
0.301276	0.690167
0.301276	0.566514
0.301276	0.530779
0.301276	0.498555
0.301276	0.533388
0.301276	0.656822
0.301276	0.754819
0.301276	0.905892
0.195780	0.366879
0.195780	0.286354
0.195780	0.405630
0.195780	0.349412
0.195780	0.409466
0.195780	0.423311
0.195780	0.375694
0.195780	0.240193
0.278669	0.537782
0.278669	0.492014
0.278669	0.566380
0.278669	0.555965
0.278669	0.627849
0.278669	0.508255
0.278669	0.563375
0.278669	0.690126
0.168138	0.378785
0.168138	0.413682
0.168138	0.399822
0.168138	0.383249
0.168138	0.356324
0.168138	0.566927
0.168138	0.411625
0.045050	0.189547
0.045050	0.183583
0.045050	0.186559
0.045050	0.175084
0.045050	0.165788
0.045050	0.188178
0.045050	0.172886
0.233229	0.218285
0.233229	0.213803
0.233229	0.281707
0.233229	0.223617
0.233229	0.273044
0.233229	0.217260
0.233229	0.249728
0.233229	0.330415
0.191400	0.416486
0.191400	0.440806
0.191400	0.393525
0.191400	0.411021
0.191400	0.369498
0.191400	0.399440
0.191400	0.430846
0.191400	0.404626
0.191400	0.455300
0.100619	0.224031
0.100619	0.221740
0.100619	0.211199
0.100619	0.207153
0.100619	0.219293
0.100619	0.172901
0.100619	0.189498
0.100619	0.222937
0.062761	0.166030
0.062761	0.165558
0.062761	0.170430
0.062761	0.179461
0.062761	0.165114
0.062761	0.162069
0.062761	0.167240
0.062761	0.150247
0.155077	0.218286
0.155077	0.219781
0.155077	0.238138
0.155077	0.272964
0.155077	0.224941
0.155077	0.331266
0.155077	0.294919
0.337641	0.338227
0.337641	0.394184
0.337641	0.317264
0.337641	0.344616
0.337641	0.293059
0.337641	0.301876
0.337641	0.299567
0.337641	0.364639
0.337641	0.400994
0.076012	0.202532
0.076012	0.199243
0.076012	0.212348
0.076012	0.206134
0.076012	0.188989
0.076012	0.185209
0.076012	0.189408
0.076012	0.194390
0.151164	0.207773
0.151164	0.229471
0.151164	0.220036
0.151164	0.255396
0.067652	0.203769
0.067652	0.202195
0.067652	0.210946
0.067652	0.234350
0.067652	0.174055
0.067652	0.187315
0.067652	0.169150
0.114392	0.324459
0.114392	0.380700
0.114392	0.344226
0.114392	0.288010
0.114392	0.363564
0.114392	0.351854
0.114392	0.336873
0.114392	0.368353
0.114392	0.303196
0.151089	0.249376
0.151089	0.174903
0.151089	0.238782
0.151089	0.288392
0.151089	0.213760
0.151089	0.181227
0.151089	0.176265
0.107728	0.332777
0.107728	0.378120
0.107728	0.437776
0.107728	0.414347
0.107728	0.448787
0.107728	0.367247
0.107728	0.402165
0.107728	0.390134
0.107728	0.412940
0.268866	0.622620
0.268866	0.659186
0.268866	0.781050
0.268866	0.542797
0.268866	0.576385
0.268866	0.638163
0.268866	0.633985
0.268866	0.603948
0.268866	0.652142
0.268866	0.768608
0.268866	0.712393
0.251651	0.616396
0.251651	0.551208
0.251651	0.563120
0.251651	0.523706
0.059194	0.487047
0.059194	0.275648
0.059194	0.332797
0.059194	0.398061
0.059194	0.318940
0.059194	0.418616
0.122194	0.229114
0.122194	0.233232
0.122194	0.234354
0.122194	0.211403
0.122194	0.203002
0.122194	0.205329
0.122194	0.208245
0.110984	0.391525
0.110984	0.323804
0.110984	0.306860
0.110984	0.341748
0.110984	0.480726
0.110984	0.363492
0.110984	0.399317
0.110984	0.348366
0.110984	0.349732
0.110984	0.335870
0.110984	0.352605
0.110984	0.336436
0.110984	0.358828
0.110984	0.359256
0.068408	0.190511
0.068408	0.178303
0.068408	0.204073
0.068408	0.200396
0.068408	0.173614
0.068408	0.174096
0.068408	0.169947
0.068408	0.164178
0.083000	0.232527
0.083000	0.229184
0.083000	0.238417
0.083000	0.293854
0.083000	0.239106
0.083000	0.283736
0.083000	0.280333
0.083000	0.362350
0.064958	0.195741
0.064958	0.200267
0.064958	0.215618
0.064958	0.212248
0.064958	0.171023
0.107949	0.215553
0.107949	0.229329
0.107949	0.230331
0.107949	0.276836
0.107949	0.238875
0.107949	0.236460
0.116728	0.351337
0.116728	0.340860
0.116728	0.359658
0.116728	0.366671
0.116728	0.360126
0.116728	0.303396
0.116728	0.303780
0.116728	0.351642
0.077393	0.201845
0.077393	0.197416
0.077393	0.203064
0.077393	0.220950
0.077393	0.183395
0.077393	0.186020
0.077393	0.183256
0.174601	0.286874
0.174601	0.296489
0.174601	0.322666
0.174601	0.333426
0.174601	0.296981
0.174601	0.307164
0.174601	0.296878
0.174601	0.301803
0.267787	0.263008
0.267787	0.288410
0.267787	0.279197
0.267787	0.240858
0.267787	0.289006
0.267787	0.271976
0.267787	0.274170
0.267787	0.298940
0.158383	0.254925
0.158383	0.203738
0.158383	0.233545
0.158383	0.207339
0.158383	0.240962
0.158383	0.229469
0.158383	0.234334
0.158383	0.282741
0.158383	0.262967
0.158383	0.266202
0.158383	0.240798
0.307821	0.192806
0.307821	0.177971
0.307821	0.182500
0.307821	0.202656
0.307821	0.216143
0.307821	0.204073
0.326601	0.236860
0.326601	0.198526
0.326601	0.259369
0.326601	0.212384
0.326601	0.187307
0.290629	0.316679
0.290629	0.262899
0.290629	0.276657
0.290629	0.253157
0.290629	0.352201
0.290629	0.324835
0.290629	0.264519
0.397988	0.493859
0.397988	0.382635
0.397988	0.403722
0.397988	0.481677
0.397988	0.516097
0.397988	0.413830
0.397988	0.504493
0.397988	0.413233
0.397988	0.455437
0.397988	0.441245
0.397988	0.398041
0.397988	0.458037
0.205069	0.455496
0.205069	0.435481
0.205069	0.484657
0.205069	0.639979
0.205069	0.501460
0.205069	0.404644
0.205069	0.452303
0.205069	0.355146
0.210222	0.270475
0.210222	0.311719
0.210222	0.358726
0.210222	0.425780
0.210222	0.309286
0.210222	0.297039
0.210222	0.274123
0.210222	0.480835
0.288877	0.272782
0.288877	0.316292
0.288877	0.320740
0.288877	0.367286
0.288877	0.224882
0.288877	0.208491
0.288877	0.240633
0.338740	0.571068
0.338740	0.634488
0.338740	0.661382
0.338740	0.822523
0.338740	0.602915
0.338740	0.498964
0.338740	0.600890
0.338740	0.649450
0.338740	0.486567
0.404120	0.630172
0.404120	0.803303
0.404120	0.828297
0.404120	0.911788
0.404120	0.746746
0.404120	0.807195
0.404120	0.816419
0.255479	0.648239
0.255479	0.844605
0.255479	0.640117
0.255479	0.588410
0.255479	0.634874
0.255479	0.609759
0.255479	0.530297
0.255479	0.567637
0.437217	0.883258
0.437217	0.730027
0.437217	0.627623
0.437217	0.613959
0.437217	0.851405
0.437217	0.739071
0.437217	0.794172
0.437217	0.785670
0.437217	0.681082
0.437217	0.773986
0.437217	0.886071
0.285320	0.574150
0.285320	0.338576
0.285320	0.262834
0.285320	0.250862
0.285320	0.636542
0.208668	0.247550
0.208668	0.202497
0.208668	0.200107
0.208668	0.217099
0.208668	0.170182
0.208668	0.234154
0.227823	0.199634
0.227823	0.169964
0.227823	0.181882
0.227823	0.177502
0.227823	0.228757
0.227823	0.197797
0.227823	0.240073
0.227823	0.210795
0.160139	0.175328
0.160139	0.194656
0.160139	0.192977
0.160139	0.215070
0.160139	0.202768
0.160139	0.286223
0.160139	0.226132
0.160139	0.334634
0.160139	0.289501
0.160139	0.352073
0.160139	0.300326
0.160139	0.582147
0.160139	0.282429
0.160139	0.572671
0.098541	0.124969
0.098541	0.121490
0.098541	0.132563
0.098541	0.143417
0.098541	0.136808
0.160832	0.133261
0.160832	0.152920
0.160832	0.143839
0.160832	0.153269
0.160832	0.132908
0.160832	0.134493
0.160832	0.147308
0.160832	0.163727
0.067682	0.126724
0.067682	0.116448
0.067682	0.127796
0.067682	0.139873
0.052311	0.146495
0.052311	0.139180
0.052311	0.163893
0.052311	0.160608
0.052311	0.130628
0.052311	0.137227
0.052311	0.130876
0.085316	0.152548
0.085316	0.181461
0.085316	0.171359
0.085316	0.188897
0.085316	0.178845
0.085316	0.162469
0.085316	0.166935
0.085316	0.180316
0.109063	0.157753
0.109063	0.177560
0.109063	0.170673
0.109063	0.184818
0.109063	0.162002
0.109063	0.168376
0.109063	0.146491
0.048190	0.091176
0.048190	0.092189
0.048190	0.098717
0.048190	0.144289
0.048190	0.083382
0.078474	0.200844
0.078474	0.216124
0.078474	0.266485
0.078474	0.322690
0.078474	0.155993
0.078474	0.227454
0.078474	0.166227
0.078474	0.216165
0.078474	0.217211
0.078474	0.159563
0.078474	0.229735
0.101714	0.216045
0.101714	0.253106
0.101714	0.253636
0.101714	0.258859
0.101714	0.254943
0.101714	0.243762
0.101714	0.229502
0.101714	0.259069
0.101714	0.232827
0.101714	0.263431
0.101714	0.232102
0.051038	0.141509
0.051038	0.147679
0.051038	0.150389
0.051038	0.151360
0.124084	0.261308
0.124084	0.237399
0.124084	0.233387
0.124084	0.238811
0.124084	0.248148
0.124084	0.260202
0.124084	0.261309
0.124084	0.261117
0.124084	0.233045
0.158603	0.184048
0.158603	0.151214
0.158603	0.182725
0.158603	0.181675
0.163412	0.241334
0.163412	0.235522
0.163412	0.246554
0.163412	0.264615
0.163412	0.243071
0.163412	0.256901
0.163412	0.273671
0.163412	0.298804
0.163412	0.306065
0.248154	0.170357
0.248154	0.168273
0.248154	0.179279
0.248154	0.173087
0.248154	0.147513
0.248154	0.161444
0.248154	0.159042
0.209707	0.212198
0.209707	0.227885
0.209707	0.223825
0.209707	0.227911
0.209707	0.213542
0.209707	0.258020
0.402235	0.285890
0.402235	0.269910
0.402235	0.362397
0.402235	0.400097
0.402235	0.321613
0.402235	0.348957
0.402235	0.531449
0.402235	0.297270
0.489464	0.391387
0.489464	0.419203
0.489464	0.430770
0.489464	0.608760
0.489464	0.568220
0.489464	0.697759
0.489464	0.507192
0.611737	0.443264
0.611737	0.460576
0.611737	0.378067
0.611737	0.491168
0.641241	0.359680
0.641241	0.447926
0.641241	0.425555
0.641241	0.484390
0.640934	0.464426
0.640934	0.400833
0.640934	0.469232
0.640934	0.468895
0.640934	0.465689
0.640934	0.665457
0.646455	0.553319
0.646455	0.505958
0.646455	0.550551
0.646455	0.616727
0.646455	0.711198
0.534511	0.573708
0.534511	0.551814
0.534511	0.565471
0.534511	0.778711
0.534511	0.517122
0.534511	0.662035
0.534511	0.656807
0.534511	0.635632
0.439656	0.612581
0.439656	0.596820
0.439656	0.647472
0.439656	0.689741
0.522453	0.645341
0.522453	0.587185
0.522453	0.611942
0.522453	0.778162
0.522453	0.855497
0.623968	0.766083
0.623968	0.808186
0.623968	0.858801
0.623968	0.795982
0.623968	0.821424
0.623968	0.675842
0.623968	0.879058
0.623968	0.688268
0.623968	0.690545
0.623968	0.777932
0.623968	0.724858
0.443368	0.659212
0.443368	0.740559
0.443368	0.451542
0.443368	0.514973
0.443368	0.682837
0.443368	0.533867
0.443368	0.593093
0.315789	0.295071
0.315789	0.227756
0.315789	0.231810
0.315789	0.206079
0.315789	0.231329
0.315789	0.215410
0.315789	0.372805
0.813244	0.403037
0.813244	0.370070
0.813244	0.410206
0.813244	0.415116
0.813244	0.436853
0.813244	0.436206
0.813244	0.432101
0.813244	0.505349
0.344054	0.355081
0.344054	0.359921
0.344054	0.306061
0.344054	0.356967
0.344054	0.347322
0.344054	0.443930
0.344054	0.660226
0.344054	0.733550
0.232513	0.294672
0.232513	0.283590
0.232513	0.291627
0.232513	0.294215
0.232513	0.258743
0.232513	0.289650
0.232513	0.316496
0.232513	0.251263
0.232513	0.467337
0.232513	0.308713
0.349557	0.203008
0.349557	0.204262
0.349557	0.232473
0.349557	0.216485
0.349557	0.222048
0.349557	0.199966
0.349557	0.246842
0.349557	0.215950
0.403424	0.284309
0.403424	0.292085
0.403424	0.288866
0.403424	0.279324
0.403424	0.408149
0.403424	0.319349
0.403424	0.306048
0.403424	0.406303
0.403424	0.358282
0.403424	0.418014
0.403424	0.346680
0.192491	0.179576
0.192491	0.172215
0.192491	0.180102
0.192491	0.178634
0.092629	0.171657
0.092629	0.172250
0.092629	0.185946
0.092629	0.191007
0.092629	0.166891
0.092629	0.150449
0.092629	0.166256
0.092629	0.170247
0.179425	0.255185
0.179425	0.284793
0.179425	0.293631
0.179425	0.323649
0.179425	0.338654
0.179425	0.276293
0.179425	0.320534
0.179425	0.345894
0.179425	0.362859
0.368672	0.289698
0.368672	0.311327
0.368672	0.327881
0.368672	0.343423
0.368672	0.280868
0.368672	0.339993
0.368672	0.301140
0.368672	0.379169
0.368672	0.443948
0.045115	0.204623
0.045115	0.210459
0.045115	0.218220
0.045115	0.214022
0.045115	0.193457
0.045115	0.198563
0.045115	0.187096
0.045115	0.202847
0.165256	0.224123
0.165256	0.250102
0.165256	0.234406
0.165256	0.253416
0.139920	0.183287
0.139920	0.159526
0.139920	0.193466
0.139920	0.195496
0.139920	0.118228
0.136225	0.286184
0.136225	0.325784
0.136225	0.276202
0.136225	0.298144
0.136225	0.312165
0.136225	0.314009
0.136225	0.295933
0.136225	0.335155
0.136225	0.303262
0.070342	0.294855
0.070342	0.242823
0.070342	0.256561
0.070342	0.298721
0.070342	0.246713
0.070342	0.228432
0.070342	0.230058
0.070342	0.221416
0.167625	0.269249
0.167625	0.309806
0.167625	0.337370
0.167625	0.319503
0.167625	0.360756
0.167625	0.307104
0.167625	0.347690
0.167625	0.327768
0.167625	0.315811
0.502061	0.386766
0.502061	0.259302
0.502061	0.320009
0.502061	0.400726
0.502061	0.422466
0.502061	0.249571
0.502061	0.409305
0.502061	0.339421
0.189303	0.512810
0.189303	0.468421
0.189303	0.481615
0.189303	0.465191
0.189303	0.453503
0.189303	0.361336
0.189303	0.374073
0.189303	0.401476
0.189303	0.398345
0.167072	0.478114
0.167072	0.472742
0.167072	0.448341
0.167072	0.471099
0.167072	0.425231
0.167072	0.428380
0.167072	0.398472
0.167072	0.467547
0.167072	0.357620
0.354238	0.333130
0.354238	0.414459
0.354238	0.365667
0.354238	0.353202
0.307423	0.350044
0.307423	0.276480
0.307423	0.307188
0.307423	0.286632
0.307423	0.285741
0.307423	0.336685
0.307423	0.329638
0.307423	0.298034
0.307423	0.432860
0.307423	0.293974
0.307423	0.325493
0.307423	0.388598
0.193788	0.182640
0.193788	0.202537
0.193788	0.184679
0.193788	0.183851
0.193788	0.178358
0.193788	0.188168
0.193788	0.191131
0.194800	0.236496
0.194800	0.234318
0.194800	0.267789
0.194800	0.262881
0.194800	0.313148
0.194800	0.238306
0.194800	0.299590
0.194800	0.257607
0.194800	0.274366
0.091213	0.207986
0.091213	0.207715
0.091213	0.214116
0.091213	0.217823
0.091213	0.181432
0.098274	0.186698
0.098274	0.193143
0.098274	0.199716
0.098274	0.199274
0.098274	0.209053
0.098274	0.220366
0.114235	0.198457
0.114235	0.206505
0.114235	0.212624
0.114235	0.217842
0.114235	0.196988
0.114235	0.191454
0.114235	0.198884
0.213040	0.274355
0.213040	0.252283
0.213040	0.287605
0.213040	0.279868
0.213040	0.262676
0.213040	0.269345
0.213040	0.257023
0.213040	0.151257
0.135043	0.222884
0.135043	0.205274
0.135043	0.194228
0.135043	0.185258
0.092325	0.300299
0.092325	0.239433
0.092325	0.255816
0.092325	0.253346
0.092325	0.204200
0.092325	0.267820
0.092325	0.223888
0.092325	0.231534
0.092325	0.221675
0.092325	0.253515
0.092325	0.208892
0.083462	0.208231
0.083462	0.214727
0.083462	0.216545
0.083462	0.212118
0.083462	0.196823
0.083462	0.194029
0.083462	0.182582
0.083462	0.198934
0.090821	0.273870
0.090821	0.260997
0.090821	0.276083
0.090821	0.291430
0.090821	0.312966
0.090821	0.291197
0.090821	0.256369
0.090821	0.246299
0.090821	0.285174
0.043195	0.219316
0.043195	0.207735
0.043195	0.227785
0.043195	0.254017
0.086665	0.239016
0.086665	0.243797
0.086665	0.268638
0.086665	0.235359
0.086665	0.258526
0.198045	0.427592
0.198045	0.310955
0.198045	0.424740
0.198045	0.482721
0.198045	0.420563
0.198045	0.408085
0.198045	0.391703
0.198045	0.390786
0.198045	0.472181
0.198045	0.438364
0.176379	0.220861
0.176379	0.249882
0.176379	0.278978
0.176379	0.250514
0.176379	0.203178
0.176379	0.241259
0.176379	0.229195
0.176379	0.223175
0.242645	0.314170
0.242645	0.226488
0.242645	0.285018
0.242645	0.313026
0.242645	0.270180
0.242645	0.344469
0.242645	0.301969
0.086146	0.334908
0.086146	0.393645
0.086146	0.390470
0.086146	0.391039
0.086146	0.382420
0.086146	0.465066
0.086146	0.296356
0.086146	0.475162
0.222521	0.657698
0.222521	0.468456
0.222521	0.603269
0.222521	0.525468
0.222521	0.603922
0.222521	0.438601
0.222521	0.496377
0.222521	0.550516
0.217901	0.765832
0.217901	0.737548
0.217901	0.779692
0.217901	0.795251
0.217901	0.836998
0.217901	0.700185
0.217901	0.846568
0.217901	0.571194
0.217901	0.644984
0.218483	0.659606
0.218483	0.563317
0.218483	0.604411
0.218483	0.851077
0.218483	0.701350
0.218483	0.811425
0.218483	0.676342
0.148231	0.445277
0.148231	0.590705
0.148231	0.428723
0.148231	0.381381
0.148231	0.512974
0.148231	0.632335
0.262152	0.600387
0.262152	0.378600
0.262152	0.333096
0.262152	0.289661
0.262152	0.601046
0.262152	0.655189
0.262152	0.636521
0.067942	0.344607
0.067942	0.280217
0.067942	0.170696
0.067942	0.167914
0.167834	0.251573
0.167834	0.190048
0.167834	0.202604
0.167834	0.177762
0.167834	0.226888
0.061509	0.179779
0.061509	0.176968
0.061509	0.158591
0.061509	0.151334
0.061509	0.159040
0.061509	0.175193
0.061509	0.167367
0.081708	0.144371
0.081708	0.155243
0.081708	0.130430
0.081708	0.120511
0.081708	0.167008
0.081708	0.202447
0.081708	0.200689
0.104580	0.145035
0.104580	0.154469
0.104580	0.133889
0.104580	0.135434
0.104580	0.118352
0.104580	0.138734
0.104580	0.147290
0.118363	0.136382
0.118363	0.142169
0.118363	0.140146
0.118363	0.138691
0.118363	0.133718
0.118363	0.164596
0.118363	0.139751
0.118363	0.187600
0.073024	0.139322
0.073024	0.139834
0.073024	0.148176
0.073024	0.147781
0.073024	0.137819
0.073024	0.146111
0.073024	0.151944
0.073024	0.165304
0.048404	0.124082
0.048404	0.120043
0.048404	0.131362
0.048404	0.131424
0.048404	0.141012
0.048404	0.144642
0.058465	0.082687
0.058465	0.090547
0.058465	0.112814
0.058465	0.136537
0.058465	0.068012
0.039168	0.099804
0.039168	0.118929
0.039168	0.146646
0.039168	0.160095
0.039168	0.083485
0.060827	0.161792
0.060827	0.181957
0.060827	0.186153
0.060827	0.197016
0.060827	0.170211
0.060827	0.160887
0.060827	0.140192
0.080069	0.171208
0.080069	0.189772
0.080069	0.194880
0.080069	0.203797
0.080069	0.197647
0.080069	0.172765
0.080069	0.193345
0.080069	0.192141
0.083283	0.109268
0.083283	0.106721
0.083283	0.127040
0.083283	0.120908
0.083283	0.117577
0.082035	0.257944
0.082035	0.283008
0.082035	0.302723
0.082035	0.295197
0.082035	0.275383
0.082035	0.270838
0.082035	0.280676
0.082035	0.259707
0.082035	0.294021
0.054341	0.222615
0.054341	0.216199
0.054341	0.223541
0.054341	0.220379
0.034598	0.257203
0.034598	0.215077
0.034598	0.225753
0.034598	0.269719
0.034598	0.228661
0.034598	0.248711
0.034598	0.216222
0.032576	0.208165
0.032576	0.203865
0.032576	0.199622
0.032576	0.200063
0.032576	0.179708
0.032576	0.192620
0.032576	0.186728
0.135789	0.226501
0.135789	0.214197
0.135789	0.198859
0.135789	0.209538
0.135789	0.228826
0.135789	0.223480
0.135789	0.226460
0.135789	0.358214
0.030769	0.177388
0.030769	0.180777
0.030769	0.200929
0.030769	0.189552
0.030769	0.176142
0.030769	0.180154
0.030769	0.178095
0.030769	0.173742
0.180075	0.350964
0.180075	0.378720
0.180075	0.437495
0.180075	0.439195
0.180075	0.389039
0.180075	0.498387
0.180075	0.400318
0.180075	0.404386
0.180075	0.454438
0.228092	0.440237
0.228092	0.457906
0.228092	0.504277
0.228092	0.536972
0.228092	0.421750
0.228092	0.388030
0.228092	0.511225
0.228092	0.465274
0.108851	0.230623
0.108851	0.213643
0.108851	0.343003
0.108851	0.391080
0.108851	0.200113
0.102176	0.366308
0.102176	0.379707
0.102176	0.344107
0.102176	0.328863
0.102176	0.288817
0.371118	0.805707
0.371118	0.749500
0.371118	0.788913
0.371118	0.800500
0.371118	0.760174
0.371118	0.721909
0.371118	0.665896
0.371118	0.642536
0.371118	0.684193
0.371118	0.787739
0.371118	0.751917
0.432545	0.732711
0.432545	0.697123
0.432545	0.753346
0.432545	0.728955
0.432545	0.688262
0.432545	0.753264
0.432545	0.721507
0.432545	0.716396
0.432545	0.947672
0.102661	0.667451
0.102661	0.691997
0.102661	0.661874
0.102661	0.627028
0.102661	0.686240
0.102661	0.631044
0.102661	0.574133
0.297605	0.621849
0.297605	0.675297
0.297605	0.607542
0.297605	0.611262
0.297605	0.583327
0.297605	0.630613
0.297605	0.664190
0.297605	0.581987
0.297605	0.912875
0.105154	0.272634
0.105154	0.265626
0.105154	0.262430
0.105154	0.236012
0.105154	0.332567
0.105154	0.295003
0.105154	0.293078
0.105154	0.274294
0.108728	0.254925
0.108728	0.227544
0.108728	0.302094
0.108728	0.286508
0.108728	0.327630
0.108728	0.532197
0.108728	0.411278
0.063221	0.420586
0.063221	0.433424
0.063221	0.449867
0.063221	0.399446
0.063221	0.377365
0.063221	0.355179
0.063221	0.441772
0.063221	0.343689
0.047066	0.180330
0.047066	0.165997
0.047066	0.171117
0.047066	0.162713
0.047066	0.156425
0.047066	0.183974
0.047066	0.168083
0.042256	0.184037
0.042256	0.168273
0.042256	0.216278
0.042256	0.172444
0.042256	0.185274
0.052083	0.376456
0.052083	0.360649
0.052083	0.353834
0.052083	0.337420
0.052083	0.357410
0.052083	0.352188
0.052083	0.377752
0.052083	0.474941
0.039802	0.247941
0.039802	0.241440
0.039802	0.231602
0.039802	0.220810
0.039802	0.199338
0.039802	0.191426
0.039802	0.241148
0.039802	0.213659
0.039802	0.262327
0.039802	0.204677
0.039802	0.200422
0.042331	0.164409
0.042331	0.168097
0.042331	0.176515
0.042331	0.187064
0.042331	0.161910
0.042331	0.145766
0.042331	0.139096
0.042331	0.154483
0.062862	0.187351
0.062862	0.193425
0.062862	0.205061
0.062862	0.220335
0.062862	0.198416
0.062862	0.287249
0.062862	0.199581
0.105925	0.267388
0.105925	0.289621
0.105925	0.266892
0.105925	0.327340
0.105925	0.336696
0.083055	0.215770
0.083055	0.219760
0.083055	0.245180
0.083055	0.239217
0.083055	0.204852
0.083055	0.205821
0.083055	0.194713
0.083055	0.206725
0.033622	0.229992
0.033622	0.239368
0.033622	0.244605
0.033622	0.275640
0.034482	0.220035
0.034482	0.203296
0.034482	0.218706
0.034482	0.278800
0.034482	0.178225
0.078656	0.311716
0.078656	0.302848
0.078656	0.322400
0.078656	0.291009
0.078656	0.289343
0.078656	0.290041
0.078656	0.270959
0.078656	0.302119
0.078656	0.290084
0.071660	0.247088
0.071660	0.210849
0.071660	0.234069
0.071660	0.297594
0.071660	0.210482
0.071660	0.186828
0.071660	0.192128
0.071660	0.178595
0.042659	0.209388
0.042659	0.230117
0.042659	0.235909
0.042659	0.228653
0.042659	0.253182
0.042659	0.281887
0.039729	0.324395
0.039729	0.358289
0.039729	0.378984
0.039729	0.395541
0.059256	0.434933
0.059256	0.402043
0.059256	0.522654
0.059256	0.542705
0.059256	0.461579
0.059256	0.482039
0.059256	0.386642
0.059256	0.427030
0.059256	0.492220
0.141344	0.462046
0.141344	0.530936
0.141344	0.453229
0.141344	0.646727
0.151346	0.573790
0.151346	0.502569
0.151346	0.566512
0.151346	0.604668
0.151346	0.443356
0.151346	0.422904
0.151346	0.463531
0.274344	0.480297
0.274344	0.488841
0.274344	0.502785
0.274344	0.475702
0.274344	0.553150
0.274344	0.429404
0.274344	0.463998
0.274344	0.522079
0.136504	0.574063
0.136504	0.489044
0.136504	0.577783
0.136504	0.549744
0.136504	0.567418
0.136504	0.521950
0.136504	0.533747
0.136504	0.523175
0.136504	0.471880
0.136504	0.450201
0.136504	0.566197
0.058995	0.199553
0.058995	0.225399
0.058995	0.222447
0.058995	0.211633
0.058995	0.200078
0.058995	0.241261
0.058995	0.174934
0.058995	0.197318
0.062485	0.198498
0.062485	0.185564
0.062485	0.190442
0.062485	0.209525
0.062485	0.211577
0.062485	0.256336
0.062485	0.232700
0.057514	0.195646
0.057514	0.182458
0.057514	0.204076
0.057514	0.202870
0.057514	0.175801
0.057514	0.172236
0.057514	0.172794
0.057514	0.169737
0.045731	0.285275
0.045731	0.281774
0.045731	0.300266
0.045731	0.318852
0.045731	0.351169
0.045731	0.290164
0.045731	0.323474
0.045731	0.322115
0.045731	0.328680
0.079066	0.202240
0.079066	0.188615
0.079066	0.204948
0.079066	0.238530
0.078446	0.192807
0.078446	0.212075
0.078446	0.207879
0.078446	0.202896
0.078446	0.202151
0.078446	0.200424
0.078446	0.187531
0.179143	0.297135
0.179143	0.268056
0.179143	0.280338
0.179143	0.383953
0.179143	0.261325
0.179143	0.268231
0.179143	0.266771
0.179143	0.273462
0.179143	0.319568
0.188853	0.327258
0.188853	0.307882
0.188853	0.320156
0.188853	0.379056
0.188853	0.294561
0.188853	0.323312
0.188853	0.315671
0.188853	0.292380
0.188853	0.297356
0.188853	0.285824
0.188853	0.286027
0.054093	0.208123
0.054093	0.205691
0.054093	0.214485
0.054093	0.210131
0.054093	0.199508
0.054093	0.189013
0.054093	0.183599
0.054093	0.200092
0.145675	0.225220
0.145675	0.251539
0.145675	0.198777
0.145675	0.192868
0.090248	0.228088
0.090248	0.199351
0.090248	0.225048
0.090248	0.248775
0.148358	0.242629
0.148358	0.267280
0.148358	0.220975
0.148358	0.219619
0.051824	0.270895
0.051824	0.207182
0.051824	0.271235
0.051824	0.337523
0.051824	0.260442
0.051824	0.275843
0.051824	0.290616
0.053380	0.333391
0.053380	0.366916
0.053380	0.454348
0.053380	0.388762
0.053380	0.384967
0.053380	0.414041
0.053380	0.434394
0.053380	0.397003
0.053380	0.482968
0.053380	0.395856
0.053380	0.462321
0.053380	0.523374
0.183212	0.558216
0.183212	0.586451
0.183212	0.578834
0.183212	0.647448
0.183212	0.609274
0.183212	0.615741
0.183212	0.610202
0.183212	0.642132
0.183212	0.478555
0.183212	0.623951
0.183212	0.585011
0.043784	0.265327
0.043784	0.339740
0.043784	0.423696
0.043784	0.430223
0.043784	0.247207
0.043784	0.229704
0.043784	0.179568
0.164620	0.629713
0.164620	0.618470
0.164620	0.661569
0.164620	0.574844
0.164620	0.703785
0.164620	0.571192
0.164620	0.787254
0.164620	0.836196
0.095847	0.612941
0.095847	0.579471
0.095847	0.609542
0.095847	0.740881
0.095847	0.555192
0.095847	0.635796
0.095847	0.596226
0.212160	0.649281
0.212160	0.619291
0.212160	0.628262
0.212160	0.543451
0.212160	0.583451
0.212160	0.661568
0.212160	0.708711
0.212160	0.772135
0.292094	0.733196
0.292094	0.669256
0.292094	0.683204
0.292094	0.633774
0.292094	0.624809
0.292094	0.644561
0.292094	0.665521
0.292094	0.731843
0.292094	0.734045
0.292094	0.802440
0.292094	0.811864
0.213572	0.380658
0.213572	0.301641
0.213572	0.253044
0.213572	0.206052
0.213572	0.509640
0.213572	0.528957
0.213572	0.375660
0.213572	0.386917
0.095452	0.456995
0.095452	0.318685
0.095452	0.320015
0.095452	0.288996
0.095452	0.346244
0.095452	0.281367
0.095452	0.434222
0.095452	0.444036
0.095452	0.524532
0.042914	0.163426
0.042914	0.146613
0.042914	0.153032
0.042914	0.144925
0.042914	0.133576
0.042914	0.173434
0.042914	0.155393
0.055427	0.105426
0.055427	0.116877
0.055427	0.118262
0.055427	0.117741
0.167406	0.119764
0.167406	0.123471
0.167406	0.119477
0.167406	0.116510
0.167406	0.113045
0.167406	0.162499
0.167406	0.154429
0.103801	0.152046
0.103801	0.153102
0.103801	0.158574
0.103801	0.156198
0.103801	0.149436
0.103801	0.186740
0.103801	0.172542
0.103801	0.176982
0.103801	0.182585
0.103801	0.179125
0.103801	0.186224
0.079222	0.108379
0.079222	0.113614
0.079222	0.121026
0.079222	0.121031
0.079222	0.101053
0.079222	0.104833
0.079222	0.102676
0.079222	0.118525
0.043260	0.104310
0.043260	0.106422
0.043260	0.110558
0.043260	0.107040
0.043260	0.103697
0.043260	0.102743
0.043260	0.102406
0.091421	0.067157
0.091421	0.072322
0.091421	0.074991
0.091421	0.081927
0.091421	0.068371
0.227521	0.082146
0.227521	0.087994
0.227521	0.096774
0.227521	0.107322
0.227521	0.083208
0.145019	0.080620
0.145019	0.089698
0.145019	0.105226
0.145019	0.109665
0.145019	0.086161
0.072780	0.087455
0.072780	0.088731
0.072780	0.106404
0.072780	0.156397
0.072780	0.085211
0.072780	0.083248
0.072780	0.078607
0.072780	0.085236
0.123582	0.110207
0.123582	0.149522
0.123582	0.153335
0.123582	0.163121
0.123582	0.104453
0.123582	0.098715
0.214696	0.167598
0.214696	0.169111
0.214696	0.154970
0.214696	0.156825
0.200969	0.132378
0.200969	0.107599
0.200969	0.128610
0.200969	0.131178
0.266011	0.242926
0.266011	0.203765
0.266011	0.250186
0.266011	0.234442
0.266011	0.277770
0.266011	0.256422
0.266011	0.264498
0.266011	0.287398
0.266011	0.158009
0.170833	0.188229
0.170833	0.205997
0.170833	0.210212
0.170833	0.195209
0.170833	0.180077
0.170833	0.169639
0.170833	0.139065
0.170833	0.130859
0.209924	0.176501
0.209924	0.164620
0.209924	0.178766
0.209924	0.180501
0.209924	0.178165
0.209924	0.217117
0.209924	0.272304
0.052953	0.196861
0.052953	0.165568
0.052953	0.210880
0.052953	0.203077
0.052953	0.154076
0.052953	0.151605
0.084238	0.455905
0.084238	0.529881
0.084238	0.576885
0.084238	0.560385
0.084238	0.549813
0.084238	0.487694
0.084238	0.442855
0.084238	0.433384
0.084238	0.469051
0.084238	0.408506
0.084238	0.525938
0.219443	0.492483
0.219443	0.593153
0.219443	0.564736
0.219443	0.601729
0.219443	0.490610
0.219443	0.609648
0.219443	0.638876
0.219443	0.682535
0.107687	0.350760
0.107687	0.297784
0.107687	0.364523
0.107687	0.412544
0.107687	0.237490
0.272224	0.630088
0.272224	0.555059
0.272224	0.575247
0.272224	0.652981
0.272224	0.672481
0.272224	0.679344
0.272224	0.524985
0.272224	0.626653
0.272224	0.570092
0.128135	0.400587
0.128135	0.329025
0.128135	0.424669
0.128135	0.403531
0.128135	0.379398
0.128135	0.272299
0.128135	0.333323
0.167891	0.682051
0.167891	0.471796
0.167891	0.711468
0.167891	0.771563
0.167891	0.565073
0.167891	0.615698
0.167891	0.670212
0.167891	0.605724
0.209324	0.608677
0.209324	0.657832
0.209324	0.666787
0.209324	0.687046
0.209324	0.476134
0.209324	0.585173
0.209324	0.695848
0.070860	0.466151
0.070860	0.459781
0.070860	0.435365
0.070860	0.325334
0.070860	0.354101
0.070860	0.379675
0.070860	0.345342
0.070860	0.380343
0.077800	0.621531
0.077800	0.510628
0.077800	0.554624
0.077800	0.506331
0.077800	0.533666
0.077800	0.377884
0.077800	0.461556
0.077800	0.503833
0.041921	0.482002
0.041921	0.356412
0.041921	0.358123
0.041921	0.328932
0.041921	0.379417
0.035180	0.201763
0.035180	0.165815
0.035180	0.161490
0.035180	0.153051
0.035180	0.152152
0.035180	0.149682
0.035180	0.187581
0.061294	0.187511
0.061294	0.181481
0.061294	0.214252
0.061294	0.204782
0.061294	0.215346
0.061294	0.209248
0.061294	0.304435
0.061294	0.189579
0.027802	0.291995
0.027802	0.329655
0.027802	0.293321
0.027802	0.274679
0.027802	0.423473
0.047910	0.278802
0.047910	0.279099
0.047910	0.280511
0.047910	0.265159
0.047910	0.238900
0.047910	0.284157
0.047910	0.281577
0.047910	0.407004
0.047910	0.373870
0.074294	0.159870
0.074294	0.162328
0.074294	0.167141
0.074294	0.170317
0.074294	0.139663
0.074294	0.119506
0.074294	0.106553
0.074294	0.123791
0.042452	0.343553
0.042452	0.328359
0.042452	0.413787
0.042452	0.357066
0.042452	0.374296
0.042452	0.331562
0.042452	0.370893
0.042452	0.355617
0.042452	0.257914
0.042452	0.398642
0.042452	0.395932
0.043979	0.339293
0.043979	0.303721
0.043979	0.389302
0.043979	0.430249
0.043979	0.237625
0.043979	0.273723
0.043979	0.245310
0.043979	0.358491
0.043979	0.301698
0.067795	0.137455
0.067795	0.138171
0.067795	0.151728
0.067795	0.152736
0.067795	0.115861
0.179843	0.143405
0.179843	0.166664
0.179843	0.156542
0.179843	0.190934
0.093447	0.134080
0.093447	0.130676
0.093447	0.142537
0.093447	0.159233
0.093447	0.099756
0.055661	0.163082
0.055661	0.192981
0.055661	0.172859
0.055661	0.200394
0.055661	0.171008
0.055661	0.174998
0.055661	0.208921
0.055661	0.194178
0.050201	0.330850
0.050201	0.267648
0.050201	0.290078
0.050201	0.328213
0.050201	0.254645
0.050201	0.226245
0.050201	0.201130
0.050201	0.190449
0.091277	0.390819
0.091277	0.340039
0.091277	0.405406
0.091277	0.385882
0.091277	0.365686
0.091277	0.371066
0.091277	0.353067
0.091277	0.394864
0.091277	0.357792
0.057837	0.347054
0.057837	0.337214
0.057837	0.392462
0.057837	0.402987
0.057837	0.336255
0.057837	0.420637
0.057837	0.329177
0.068445	0.382721
0.068445	0.389460
0.068445	0.371651
0.068445	0.417764
0.291576	0.520351
0.291576	0.662311
0.291576	0.668334
0.291576	0.741660
0.291576	0.729018
0.291576	0.538652
0.291576	0.421385
0.291576	0.459844
0.291576	0.358314
0.187874	0.535653
0.187874	0.495185
0.187874	0.486571
0.187874	0.527732
0.187874	0.684677
0.187874	0.396074
0.187874	0.411574
0.187874	0.448728
0.070170	0.572410
0.070170	0.489286
0.070170	0.516361
0.070170	0.517459
0.070170	0.593242
0.070170	0.511976
0.070170	0.442073
0.070170	0.427521
0.070170	0.418493
0.070170	0.379452
0.070170	0.449819
0.070170	0.416617
0.070170	0.465058
0.070170	0.442186
0.043901	0.259106
0.043901	0.223486
0.043901	0.255576
0.043901	0.247322
0.043901	0.219076
0.043901	0.258403
0.043901	0.224493
0.043901	0.261011
0.132363	0.169785
0.132363	0.178048
0.132363	0.174664
0.132363	0.173691
0.132363	0.188180
0.132363	0.233235
0.156756	0.181161
0.156756	0.183639
0.156756	0.203317
0.156756	0.193191
0.156756	0.157321
0.156756	0.166756
0.156756	0.131769
0.156756	0.160055
0.163861	0.180216
0.163861	0.176605
0.163861	0.190639
0.163861	0.193823
0.163861	0.201320
0.163861	0.173648
0.163861	0.203213
0.163861	0.202871
0.102611	0.145687
0.102611	0.169317
0.102611	0.205009
0.102611	0.216653
0.102611	0.154335
0.102611	0.137369
0.102611	0.130255
0.102611	0.145626
0.147995	0.226792
0.147995	0.228854
0.147995	0.217583
0.147995	0.250983
0.147995	0.238971
0.147995	0.213279
0.147995	0.203602
0.147995	0.272833
0.147995	0.233126
0.147995	0.221602
0.209594	0.201012
0.209594	0.176186
0.209594	0.203786
0.209594	0.179699
0.176489	0.265142
0.176489	0.253303
0.176489	0.290233
0.176489	0.283255
0.176489	0.286002
0.176489	0.250762
0.176489	0.326292
0.176489	0.241206
0.176489	0.249934
0.358322	0.302636
0.358322	0.320948
0.358322	0.291576
0.358322	0.337987
0.358322	0.329729
0.358322	0.304102
0.358322	0.283056
0.358322	0.293150
0.358322	0.301549
0.358322	0.315511
0.358322	0.286318
0.131419	0.145339
0.131419	0.128529
0.131419	0.134082
0.131419	0.144510
0.131419	0.121969
0.131419	0.116535
0.131419	0.137043
0.196417	0.158664
0.196417	0.192746
0.196417	0.214625
0.196417	0.223084
0.196417	0.237501
0.196417	0.217713
0.196417	0.247651
0.196417	0.274987
0.196417	0.217064
0.077753	0.180093
0.077753	0.141609
0.077753	0.177077
0.077753	0.196021
0.077753	0.157288
0.089980	0.197242
0.089980	0.215839
0.089980	0.201714
0.089980	0.195789
0.089980	0.196310
0.089980	0.185342
0.089980	0.197762
0.065073	0.273417
0.065073	0.198639
0.065073	0.208519
0.065073	0.244605
0.065073	0.236780
0.065073	0.284089
0.065073	0.300014
0.069419	0.190148
0.069419	0.201861
0.069419	0.215358
0.069419	0.203554
0.069419	0.184943
0.069419	0.191783
0.069419	0.181733
0.053499	0.601153
0.053499	0.457401
0.053499	0.543122
0.053499	0.623577
0.053499	0.593511
0.053499	0.515768
0.053499	0.483229
0.053499	0.435806
0.053499	0.417150
0.053499	0.551941
0.053499	0.483046
0.104687	0.448349
0.104687	0.468159
0.104687	0.525959
0.104687	0.480424
0.104687	0.428141
0.104687	0.502851
0.104687	0.420423
0.074822	0.635388
0.074822	0.574528
0.074822	0.648313
0.074822	0.708328
0.074822	0.586772
0.341694	0.787241
0.341694	0.914163
0.341694	0.777923
0.341694	0.791033
0.341694	0.821203
0.341694	0.829349
0.341694	0.785697
0.250477	0.841539
0.250477	0.764790
0.250477	0.802080
0.250477	0.802701
0.250477	0.801612
0.250477	0.746172
0.250477	0.799664
0.250477	0.838980
0.250477	0.895010
0.250477	0.814181
0.182128	0.705332
0.182128	0.697652
0.182128	0.749960
0.182128	0.744899
0.182128	0.833146
0.182128	0.575493
0.182128	0.723928
0.060432	0.609110
0.060432	0.534289
0.060432	0.619986
0.060432	0.652163
0.060432	0.571114
0.031329	0.408892
0.031329	0.478363
0.031329	0.471734
0.031329	0.542481
0.031329	0.560284
0.031329	0.531120
0.031329	0.490348
0.031329	0.457660
0.031329	0.383957
0.031329	0.414971
0.031329	0.359016
0.250638	0.550943
0.250638	0.601423
0.250638	0.483851
0.250638	0.409061
0.250638	0.675147
0.250638	0.404181
0.250638	0.485849
0.264170	0.673992
0.264170	0.463886
0.264170	0.500703
0.264170	0.477130
0.264170	0.776644
0.264170	0.627996
0.264170	0.775837
0.232183	0.647251
0.232183	0.615936
0.232183	0.544700
0.232183	0.531757
0.232183	0.471844
0.232183	0.760426
0.232183	0.808853
0.232183	0.836480
0.095190	0.224207
0.095190	0.187463
0.095190	0.195117
0.095190	0.171085
0.095190	0.187340
0.095190	0.184932
0.095190	0.176944
0.095190	0.189431
0.097458	0.322698
0.097458	0.302039
0.097458	0.260399
0.097458	0.224350
0.097458	0.341689
0.097458	0.262058
0.097458	0.240103
0.097458	0.272283
0.097458	0.224609
0.252548	0.133916
0.252548	0.116862
0.252548	0.085378
0.252548	0.098670
0.252548	0.102136
0.063151	0.166060
0.063151	0.106826
0.063151	0.111897
0.063151	0.126730
0.063151	0.105605
0.063151	0.128502
0.063151	0.106668
0.063151	0.112686
0.063151	0.109211
0.070431	0.148208
0.070431	0.150181
0.070431	0.154815
0.070431	0.172680
0.070431	0.176108
0.070431	0.178469
0.070431	0.141577
0.070431	0.181635
0.070431	0.155022
0.070431	0.171780
0.070431	0.160847
0.100802	0.133108
0.100802	0.147797
0.100802	0.155444
0.100802	0.152165
0.100802	0.121298
0.100802	0.145049
0.100802	0.142821
0.065130	0.076069
0.065130	0.074154
0.065130	0.084714
0.065130	0.082238
0.065130	0.076352
0.065130	0.084011
0.065130	0.077959
0.065130	0.077782
0.106868	0.081210
0.106868	0.088015
0.106868	0.091410
0.106868	0.090653
0.106868	0.078465
0.106868	0.091174
0.106868	0.092898
0.106868	0.092251
0.115017	0.115114
0.115017	0.146999
0.115017	0.146206
0.115017	0.177408
0.115017	0.131872
0.115017	0.147119
0.115017	0.162267
0.115017	0.130417
0.069455	0.097635
0.069455	0.107092
0.069455	0.103849
0.069455	0.116872
0.069455	0.100210
0.069455	0.094358
0.069455	0.095669
0.069455	0.091665
0.101611	0.084626
0.101611	0.091063
0.101611	0.111828
0.101611	0.122007
0.101611	0.106153
0.101611	0.093624
0.101611	0.089532
0.311138	0.126670
0.311138	0.152127
0.311138	0.168223
0.311138	0.164044
0.311138	0.122165
0.235363	0.291594
0.235363	0.285424
0.235363	0.296491
0.235363	0.296551
0.235363	0.281486
0.235363	0.301094
0.235363	0.275792
0.235363	0.322528
0.235363	0.181993
0.064003	0.175615
0.064003	0.161220
0.064003	0.178993
0.064003	0.182618
0.057135	0.255949
0.057135	0.235181
0.057135	0.258749
0.057135	0.301552
0.057135	0.222425
0.057135	0.247441
0.057135	0.219479
0.097698	0.124893
0.097698	0.125384
0.097698	0.129812
0.097698	0.130071
0.147130	0.199186
0.147130	0.178573
0.147130	0.195125
0.147130	0.196179
0.147130	0.193796
0.147130	0.203576
0.147130	0.238826
0.125113	0.208744
0.125113	0.189641
0.125113	0.235272
0.125113	0.217494
0.125113	0.183711
0.125113	0.180193
0.125113	0.191557
0.125113	0.178328
0.124783	0.259133
0.124783	0.239796
0.124783	0.306108
0.124783	0.315262
0.124783	0.236618
0.124783	0.283689
0.124783	0.286281
0.290672	0.517996
0.290672	0.439501
0.290672	0.622423
0.290672	0.573855
0.290672	0.589629
0.290672	0.524487
0.290672	0.546946
0.290672	0.488634
0.290672	0.558255
0.210142	0.633144
0.210142	0.721591
0.210142	0.755736
0.210142	0.777247
0.210142	0.666673
0.210142	0.731089
0.210142	0.547867
0.217922	0.758132
0.217922	0.765143
0.217922	0.780234
0.217922	0.870291
0.217922	0.724104
0.217922	0.762674
0.217922	0.926522
0.217922	0.857830
0.518813	0.833580
0.518813	0.812830
0.518813	0.800824
0.518813	0.816147
0.518813	0.905650
0.518813	0.888673
0.518813	0.904097
0.518813	0.874866
0.518813	0.848236
0.518813	0.895094
0.518813	0.857069
0.498275	0.860173
0.498275	0.808284
0.498275	0.834702
0.498275	0.838102
0.498275	0.858920
0.498275	0.797580
0.498275	0.744946
0.498275	0.685949
0.498275	0.648865
0.442522	0.751286
0.442522	0.603395
0.442522	0.718615
0.442522	0.759460
0.442522	0.661212
0.442522	0.610550
0.442522	0.504125
0.442522	0.672519
0.318873	0.742922
0.318873	0.751648
0.318873	0.757982
0.318873	0.669796
0.318873	0.720322
0.318873	0.768113
0.318873	0.811775
0.318873	0.798109
0.318873	0.758599
0.318873	0.703541
0.318873	0.729505
0.209220	0.454660
0.209220	0.312841
0.209220	0.322912
0.209220	0.288599
0.209220	0.355567
0.209220	0.377699
0.209220	0.425170
0.209220	0.272571
0.209220	0.364810
0.209220	0.277851
0.209220	0.282972
0.244164	0.334518
0.244164	0.346136
0.244164	0.329370
0.244164	0.383438
0.244164	0.400931
0.244164	0.418841
0.244164	0.337833
0.244164	0.627474
0.055157	0.318377
0.055157	0.295722
0.055157	0.263200
0.055157	0.225176
0.055157	0.246409
0.055157	0.232268
0.055157	0.350006
0.055157	0.238244
0.055157	0.280936
0.055157	0.226045
0.062860	0.173710
0.062860	0.158921
0.062860	0.178557
0.062860	0.170020
0.062860	0.168382
0.062860	0.165285
0.062860	0.162493
0.079452	0.221406
0.079452	0.220683
0.079452	0.233516
0.079452	0.246156
0.079452	0.257559
0.079452	0.246035
0.079452	0.194630
0.058528	0.221058
0.058528	0.206481
0.058528	0.233619
0.058528	0.225035
0.058528	0.160827
0.058528	0.260615
0.058528	0.213673
0.058528	0.209647
0.058528	0.401976
0.060474	0.095221
0.060474	0.095716
0.060474	0.096073
0.060474	0.092167
0.060474	0.094961
0.060474	0.085181
0.060474	0.093269
0.060474	0.081833
0.051904	0.126241
0.051904	0.130667
0.051904	0.160753
0.051904	0.188701
0.051904	0.132830
0.051904	0.126689
0.051904	0.238018
0.051904	0.156449
0.064877	0.330461
0.064877	0.311969
0.064877	0.344745
0.064877	0.334735
0.064877	0.336593
0.064877	0.324207
0.064877	0.304542
0.064877	0.346709
0.064877	0.280084
0.064877	0.360799
0.064877	0.350783
0.039057	0.142856
0.039057	0.143189
0.039057	0.148972
0.039057	0.144573
0.039057	0.122254
0.039057	0.137147
0.039057	0.115698
0.039057	0.122348
0.053741	0.158197
0.053741	0.161095
0.053741	0.170378
0.053741	0.177384
0.038721	0.145154
0.038721	0.132693
0.038721	0.153149
0.038721	0.169764
0.038721	0.103972
0.141358	0.228340
0.141358	0.254076
0.141358	0.191318
0.141358	0.221772
0.141358	0.227969
0.141358	0.204354
0.141358	0.219817
0.141358	0.256454
0.141358	0.186854
0.141358	0.221263
0.086827	0.159045
0.086827	0.140782
0.086827	0.157468
0.086827	0.184008
0.086827	0.121930
0.207776	0.303284
0.207776	0.311384
0.207776	0.331134
0.207776	0.355078
0.207776	0.341173
0.207776	0.358922
0.207776	0.343071
0.207776	0.332212
0.207776	0.298958
0.157264	0.301829
0.157264	0.226055
0.157264	0.292580
0.157264	0.321191
0.157264	0.261406
0.157264	0.278201
0.157264	0.334100
0.157264	0.321292
0.176328	0.501875
0.176328	0.473316
0.176328	0.497036
0.176328	0.517654
0.176328	0.460079
0.176328	0.544877
0.176328	0.473059
0.176328	0.482018
0.176328	0.395438
0.348174	0.423286
0.348174	0.361194
0.348174	0.423791
0.348174	0.525719
0.348174	0.397493
0.348174	0.401795
0.399104	0.464339
0.399104	0.519775
0.399104	0.517539
0.399104	0.525089
0.399104	0.500068
0.399104	0.435924
0.399104	0.467355
0.399104	0.497102
0.124333	0.299142
0.124333	0.246171
0.124333	0.257092
0.124333	0.295814
0.124333	0.249910
0.124333	0.330517
0.124333	0.291175
0.106255	0.190833
0.106255	0.179976
0.106255	0.192413
0.106255	0.189855
0.106255	0.167522
0.106255	0.162077
0.106255	0.177223
0.200211	0.198399
0.200211	0.231731
0.200211	0.199378
0.200211	0.216934
0.200211	0.224337
0.200211	0.255538
0.200211	0.245075
0.200211	0.270645
0.063937	0.125104
0.063937	0.105040
0.063937	0.131749
0.063937	0.134510
0.063937	0.119989
0.063937	0.099440
0.071248	0.188432
0.071248	0.215144
0.071248	0.233887
0.071248	0.232433
0.071248	0.218291
0.071248	0.211929
0.071248	0.198681
0.071248	0.243623
0.071248	0.188754
0.071248	0.236012
0.160533	0.145846
0.160533	0.117617
0.160533	0.155685
0.160533	0.174065
0.118520	0.119885
0.118520	0.152609
0.118520	0.131762
0.118520	0.126558
0.118520	0.149359
0.118520	0.158837
0.118520	0.112932
0.225754	0.229756
0.225754	0.219906
0.225754	0.214793
0.225754	0.346583
0.225754	0.227159
0.225754	0.301981
0.225754	0.221447
0.225754	0.182009
0.225754	0.186289
0.166664	0.217674
0.166664	0.199733
0.166664	0.184260
0.166664	0.228321
0.166664	0.267084
0.166664	0.210026
0.166664	0.217758
0.166664	0.222943
0.166664	0.177812
0.076811	0.132231
0.076811	0.139568
0.076811	0.139526
0.076811	0.140040
0.076811	0.130377
0.076811	0.109732
0.076811	0.107639
0.076811	0.122724
0.145653	0.152158
0.145653	0.142722
0.145653	0.160454
0.145653	0.158979
0.145653	0.162889
0.145653	0.169589
0.034140	0.166774
0.034140	0.141646
0.034140	0.167000
0.034140	0.173284
0.048322	0.164337
0.048322	0.165229
0.048322	0.171999
0.048322	0.138963
0.048322	0.164057
0.063849	0.244870
0.063849	0.264472
0.063849	0.297461
0.063849	0.298719
0.063849	0.227231
0.063849	0.293960
0.063849	0.331350
0.063849	0.206291
0.063849	0.367383
0.085278	0.189146
0.085278	0.193644
0.085278	0.204276
0.085278	0.195142
0.085278	0.181237
0.085278	0.177513
0.085278	0.158227
0.105789	0.276621
0.105789	0.250508
0.105789	0.279722
0.105789	0.413999
0.105789	0.431905
0.105789	0.292536
0.105789	0.302366
0.105789	0.391711
0.155004	0.306245
0.155004	0.308285
0.155004	0.339287
0.155004	0.358054
0.155004	0.258159
0.263811	0.577032
0.263811	0.522981
0.263811	0.612566
0.263811	0.672135
0.263811	0.510144
0.263811	0.599710
0.263811	0.378953
0.438431	0.696489
0.438431	0.739252
0.438431	0.690147
0.438431	0.584607
0.438431	0.705833
0.438431	0.711296
0.438431	0.784233
0.438431	0.796560
0.374752	0.627476
0.374752	0.428932
0.374752	0.439624
0.374752	0.398673
0.374752	0.751522
0.374752	0.415237
0.374752	0.351060
0.374752	0.846936
0.162844	0.607685
0.162844	0.444710
0.162844	0.496196
0.162844	0.381514
0.162844	0.519280
0.162844	0.657853
0.162844	0.545660
0.162844	0.503085
0.162844	0.428003
0.162844	0.409670
0.162844	0.391228
0.165855	0.237123
0.165855	0.119087
0.165855	0.148631
0.165855	0.132752
0.165855	0.186120
0.128770	0.185763
0.128770	0.168798
0.128770	0.152562
0.128770	0.147618
0.128770	0.171098
0.128770	0.186587
0.081094	0.092820
0.081094	0.083319
0.081094	0.076730
0.081094	0.086984
0.081094	0.102062
0.068290	0.117193
0.068290	0.113843
0.068290	0.126471
0.068290	0.123809
0.068290	0.117445
0.068290	0.118292
0.057660	0.085254
0.057660	0.088490
0.057660	0.095572
0.057660	0.106973
0.057660	0.083375
0.057660	0.112382
0.057660	0.102634
0.057660	0.103602
0.050381	0.111298
0.050381	0.113673
0.050381	0.115429
0.050381	0.115299
0.050381	0.110324
0.050381	0.107956
0.050381	0.104711
0.047265	0.066092
0.047265	0.073143
0.047265	0.074046
0.047265	0.079411
0.047265	0.071407
0.047265	0.075232
0.047265	0.071272
0.047265	0.073253
0.038655	0.072789
0.038655	0.078995
0.038655	0.075927
0.038655	0.081214
0.038655	0.061869
0.069300	0.077773
0.069300	0.080223
0.069300	0.089329
0.069300	0.100032
0.066968	0.079630
0.066968	0.094213
0.066968	0.100501
0.066968	0.107744
0.066968	0.087478
0.066968	0.088640
0.084420	0.089524
0.084420	0.122249
0.084420	0.133644
0.084420	0.164355
0.084420	0.160119
0.084420	0.093968
0.084420	0.114978
0.084420	0.111545
0.051242	0.114784
0.051242	0.127592
0.051242	0.150361
0.051242	0.152520
0.051242	0.113097
0.240373	0.265778
0.240373	0.261053
0.240373	0.283255
0.240373	0.253670
0.240373	0.237153
0.240373	0.240129
0.240373	0.227716
0.240373	0.230975
0.240373	0.272850
0.255115	0.169707
0.255115	0.148792
0.255115	0.166253
0.255115	0.168538
0.130193	0.232469
0.130193	0.198833
0.130193	0.213004
0.130193	0.209425
0.130193	0.209320
0.130193	0.223576
0.130193	0.180271
0.049901	0.190846
0.049901	0.187056
0.049901	0.184562
0.049901	0.169779
0.049901	0.127020
0.049901	0.167174
0.049901	0.105458
0.105656	0.189923
0.105656	0.176455
0.105656	0.180762
0.105656	0.194209
0.105656	0.194749
0.105656	0.193883
0.105656	0.225450
0.063354	0.163448
0.063354	0.156482
0.063354	0.168422
0.063354	0.158614
0.063354	0.139303
0.063354	0.157919
0.063354	0.148609
0.067679	0.352801
0.067679	0.349250
0.067679	0.415616
0.067679	0.468460
0.067679	0.403813
0.067679	0.400088
0.067679	0.379044
0.067679	0.449842
0.198533	0.645449
0.198533	0.655474
0.198533	0.683696
0.198533	0.698970
0.198533	0.641569
0.198533	0.599761
0.198533	0.600809
0.198533	0.658845
0.198533	0.584792
0.198533	0.598751
0.198533	0.686162
0.144947	0.343058
0.144947	0.269881
0.144947	0.320117
0.144947	0.322778
0.144947	0.191208
0.144947	0.218663
0.144947	0.203065
0.144947	0.279954
0.210488	0.757591
0.210488	0.725662
0.210488	0.763992
0.210488	0.769555
0.210488	0.891164
0.210488	0.733778
0.210488	0.740324
0.210488	0.732686
0.210488	0.765376
0.210488	0.717134
0.210488	0.732576
0.210488	0.782275
0.218729	0.747879
0.218729	0.780997
0.218729	0.761654
0.218729	0.780488
0.218729	0.743108
0.218729	0.758781
0.218729	0.865317
0.218729	0.747489
0.218729	0.804625
0.218729	0.737540
0.089536	0.327286
0.089536	0.303441
0.089536	0.387305
0.089536	0.333938
0.089536	0.273957
0.089536	0.293208
0.089536	0.245911
0.089536	0.192028
0.327042	0.507448
0.327042	0.502953
0.327042	0.679043
0.327042	0.721376
0.327042	0.629370
0.327042	0.576826
0.327042	0.649249
0.327042	0.643870
0.429651	0.855892
0.429651	0.864987
0.429651	0.861327
0.429651	0.858837
0.429651	0.924242
0.429651	0.883019
0.429651	0.935229
0.429651	0.889335
0.429651	0.854870
0.429651	0.929834
0.429651	0.859101
0.247770	0.571948
0.247770	0.495067
0.247770	0.550859
0.247770	0.687155
0.185323	0.633693
0.185323	0.580773
0.185323	0.618185
0.185323	0.632675
0.185323	0.461512
0.185323	0.520395
0.185323	0.509249
0.185323	0.530534
0.185323	0.512514
0.185323	0.531056
0.185323	0.574457
0.185323	0.537374
0.225852	0.715604
0.225852	0.723631
0.225852	0.688375
0.225852	0.744950
0.225852	0.739059
0.225852	0.738116
0.225852	0.754095
0.225852	0.774416
0.225852	0.806664
0.202744	0.789701
0.202744	0.691485
0.202744	0.626183
0.202744	0.671400
0.202744	0.693388
0.202744	0.790870
0.202744	0.491077
0.202744	0.554039
0.202744	0.508796
0.202744	0.716581
0.202744	0.631554
0.154069	0.250918
0.154069	0.267698
0.154069	0.193943
0.154069	0.203924
0.154069	0.226452
0.154069	0.172124
0.154069	0.227593
0.154069	0.277729
0.121613	0.286496
0.121613	0.249989
0.121613	0.316663
0.121613	0.281432
0.121613	0.267460
0.121613	0.304180
0.121613	0.277272
0.121613	0.275121
0.121613	0.412995
0.065590	0.362841
0.065590	0.346445
0.065590	0.348387
0.065590	0.376914
0.065590	0.383569
0.065590	0.301474
0.065590	0.349870
0.065590	0.327845
0.132759	0.352440
0.132759	0.374571
0.132759	0.327698
0.132759	0.330708
0.132759	0.265292
0.132759	0.483312
0.132759	0.343977
0.132759	0.591148
0.132759	0.525726
0.106267	0.176867
0.106267	0.169062
0.106267	0.175647
0.106267	0.176575
0.106267	0.161971
0.106267	0.145556
0.106267	0.141027
0.106267	0.143781
0.104148	0.377599
0.104148	0.360842
0.104148	0.455222
0.104148	0.368726
0.104148	0.378611
0.104148	0.206710
0.104148	0.322993
0.104148	0.318903
0.104148	0.224332
0.104148	0.325313
0.104148	0.331119
0.091878	0.262260
0.091878	0.233422
0.091878	0.277255
0.091878	0.284813
0.091878	0.312829
0.091783	0.227699
0.091783	0.227624
0.091783	0.236551
0.091783	0.222312
0.091783	0.191991
0.091783	0.210940
0.091783	0.151476
0.091783	0.189597
0.168219	0.157727
0.168219	0.152609
0.168219	0.153418
0.168219	0.166992
0.046366	0.137086
0.046366	0.132153
0.046366	0.144291
0.046366	0.166260
0.046366	0.113207
0.107973	0.203856
0.107973	0.220987
0.107973	0.167070
0.107973	0.196955
0.107973	0.212686
0.107973	0.192161
0.107973	0.251971
0.107973	0.176766
0.082037	0.216846
0.082037	0.178803
0.082037	0.210428
0.082037	0.201488
0.082037	0.143053
0.082037	0.142698
0.082037	0.135597
0.082037	0.104329
0.206038	0.349641
0.206038	0.325573
0.206038	0.386583
0.206038	0.358073
0.206038	0.425976
0.206038	0.341168
0.206038	0.366935
0.206038	0.300021
0.206038	0.389759
0.364944	0.482893
0.364944	0.413968
0.364944	0.538313
0.364944	0.552300
0.364944	0.489842
0.364944	0.571146
0.364944	0.612857
0.364944	0.565716
0.364944	0.607772
0.364944	0.736975
0.364944	0.674556
0.271186	0.394507
0.271186	0.356089
0.271186	0.461027
0.271186	0.471006
0.271186	0.375235
0.271186	0.439523
0.271186	0.392364
0.357801	0.608031
0.357801	0.617291
0.357801	0.587199
0.357801	0.604295
0.357801	0.645353
0.357801	0.626702
0.357801	0.645147
0.357801	0.770704
0.357801	0.498408
0.349288	0.693832
0.349288	0.662501
0.349288	0.610859
0.349288	0.664646
0.457848	0.716404
0.457848	0.743106
0.457848	0.928090
0.457848	0.758637
0.457848	0.632623
0.457848	0.689461
0.457848	0.517310
0.457848	0.473300
0.457848	0.479666
