Ground Truth	Predictions
0.164688	0.542100
0.164688	0.572946
0.164688	0.547543
0.164688	0.511723
0.164688	0.488044
0.164688	0.550572
0.116021	0.370238
0.116021	0.358748
0.116021	0.255020
0.116021	0.205576
0.116021	0.261135
0.116021	0.459620
0.116021	0.558632
0.097940	0.523177
0.097940	0.527520
0.097940	0.513073
0.097940	0.491231
0.097940	0.538500
0.097940	0.609636
0.097940	0.519222
0.097940	0.580979
0.097940	0.352592
0.050961	0.548728
0.050961	0.559150
0.050961	0.537424
0.050961	0.514744
0.050961	0.587871
0.050961	0.571028
0.050961	0.560366
0.050961	0.552589
0.050961	0.474296
0.099586	0.458422
0.099586	0.457367
0.099586	0.454023
0.099586	0.324638
0.099586	0.474273
0.099586	0.318234
0.099586	0.422548
0.099586	0.435647
0.099586	0.324522
0.099586	0.405023
0.099586	0.389644
0.061418	0.204267
0.061418	0.214438
0.061418	0.220799
0.061418	0.202755
0.061418	0.259533
0.061418	0.221512
0.061418	0.419466
0.061418	0.245980
0.116487	0.442258
0.116487	0.269703
0.116487	0.472411
0.116487	0.377839
0.116487	0.505349
0.127417	0.320920
0.127417	0.328931
0.127417	0.339357
0.127417	0.325583
0.127417	0.329429
0.127417	0.351464
0.127417	0.325817
0.127417	0.306370
0.127417	0.279233
0.044686	0.226167
0.044686	0.291723
0.044686	0.217068
0.044686	0.199555
0.044686	0.286300
0.129158	0.330806
0.129158	0.323849
0.129158	0.352015
0.129158	0.338170
0.129158	0.332406
0.129158	0.340591
0.129158	0.366812
0.129158	0.344234
0.129158	0.395829
0.134322	0.365645
0.134322	0.373489
0.134322	0.373943
0.134322	0.367504
0.134322	0.391578
0.134322	0.406805
0.134322	0.351095
0.134322	0.375169
0.134322	0.307569
0.098783	0.315365
0.098783	0.334917
0.098783	0.339256
0.098783	0.344359
0.098783	0.367015
0.098783	0.327376
0.098783	0.358135
0.098783	0.386376
0.135707	0.219341
0.135707	0.242839
0.135707	0.216623
0.135707	0.212621
0.135707	0.220961
0.135707	0.231927
0.135707	0.228583
0.135707	0.280170
0.135707	0.245326
0.135707	0.279210
0.135707	0.237973
0.237049	0.245992
0.237049	0.270056
0.237049	0.290356
0.237049	0.274417
0.237049	0.273570
0.237049	0.291976
0.237049	0.377229
0.237049	0.357460
0.079452	0.374048
0.079452	0.390150
0.079452	0.385251
0.079452	0.395724
0.079452	0.406941
0.079452	0.377605
0.079452	0.400311
0.079452	0.363159
0.079452	0.352700
0.125687	0.354864
0.125687	0.362977
0.125687	0.355894
0.125687	0.358167
0.125687	0.355081
0.125687	0.365478
0.125687	0.361763
0.125687	0.355175
0.125687	0.419574
0.187074	0.265213
0.187074	0.278399
0.187074	0.328238
0.187074	0.289146
0.187074	0.263754
0.187074	0.298662
0.187074	0.311374
0.187074	0.270515
0.187074	0.280312
0.187074	0.291829
0.187074	0.274944
0.187074	0.351718
0.187074	0.282459
0.187074	0.346395
0.256999	0.348763
0.256999	0.335343
0.256999	0.357541
0.256999	0.372351
0.256999	0.329387
0.256999	0.365266
0.256999	0.333078
0.256999	0.331608
0.256999	0.348973
0.019958	0.352872
0.019958	0.361366
0.019958	0.363716
0.019958	0.380136
0.019958	0.368532
0.019958	0.318294
0.019958	0.306456
0.019958	0.352654
0.229495	0.334470
0.229495	0.329158
0.229495	0.334856
0.229495	0.313023
0.229495	0.335313
0.229495	0.350729
0.229495	0.313786
0.070677	0.278267
0.070677	0.220896
0.070677	0.257413
0.070677	0.247560
0.070677	0.356796
0.181055	0.316127
0.181055	0.333892
0.181055	0.333360
0.181055	0.312030
0.181055	0.293771
0.181055	0.333550
0.181055	0.275768
0.181055	0.314313
0.181055	0.335325
0.180402	0.324992
0.180402	0.300538
0.180402	0.309820
0.180402	0.292649
0.180402	0.274429
0.180402	0.257085
0.180402	0.322398
0.180402	0.286697
0.065867	0.239618
0.065867	0.224098
0.065867	0.216987
0.065867	0.226816
0.065867	0.230545
0.065867	0.254854
0.065867	0.284034
0.080034	0.183766
0.080034	0.190196
0.080034	0.169732
0.080034	0.179735
0.080034	0.162701
0.185991	0.290862
0.185991	0.281329
0.185991	0.267721
0.185991	0.280355
0.185991	0.301442
0.185991	0.243769
0.185991	0.302884
0.185991	0.268775
0.185991	0.303961
0.185991	0.260852
0.075225	0.210293
0.075225	0.173354
0.075225	0.201927
0.075225	0.196507
0.075225	0.239279
0.075225	0.208733
0.075225	0.201484
0.075225	0.252321
0.190047	0.305624
0.190047	0.298429
0.190047	0.320172
0.190047	0.300044
0.190047	0.286826
0.190047	0.281811
0.190047	0.335010
0.190047	0.258815
0.106374	0.276437
0.106374	0.248716
0.106374	0.284319
0.106374	0.275315
0.106374	0.258751
0.106374	0.270998
0.106374	0.273782
0.106374	0.314977
0.106374	0.298482
0.050293	0.227129
0.050293	0.225846
0.050293	0.236866
0.050293	0.281453
0.050293	0.215330
0.050293	0.222338
0.050293	0.228688
0.050293	0.207433
0.050293	0.230713
0.050293	0.207604
0.050293	0.219559
0.019802	0.292589
0.019802	0.303344
0.019802	0.302139
0.019802	0.279384
0.019802	0.296005
0.019802	0.297290
0.019802	0.268692
0.019802	0.297200
0.019802	0.257047
0.138044	0.316741
0.138044	0.267718
0.138044	0.309807
0.138044	0.323889
0.138044	0.305678
0.138044	0.295969
0.138044	0.270390
0.138044	0.302599
0.138044	0.295450
0.138044	0.322306
0.138044	0.298534
0.057069	0.244822
0.057069	0.213643
0.057069	0.260816
0.057069	0.262363
0.057069	0.207580
0.057069	0.240275
0.057069	0.261796
0.057069	0.231801
0.071497	0.280177
0.071497	0.275291
0.071497	0.281138
0.071497	0.249985
0.071497	0.279744
0.071497	0.239811
0.071497	0.252806
0.071497	0.278062
0.071497	0.270249
0.101728	0.217744
0.101728	0.195670
0.101728	0.241867
0.101728	0.266806
0.101728	0.227280
0.101728	0.248025
0.101728	0.263909
0.134544	0.215306
0.134544	0.243764
0.134544	0.260044
0.134544	0.317716
0.134544	0.271986
0.134544	0.217018
0.134544	0.234653
0.134544	0.226848
0.133898	0.252540
0.133898	0.341232
0.133898	0.320533
0.133898	0.291546
0.369260	0.397428
0.369260	0.365021
0.369260	0.376791
0.369260	0.433689
0.369260	0.425840
0.369260	0.472547
0.369260	0.440775
0.497757	0.321079
0.497757	0.379438
0.497757	0.313786
0.497757	0.446444
0.670507	0.345654
0.670507	0.493888
0.670507	0.317722
0.670507	0.458669
0.670507	0.344495
0.670507	0.351077
0.527196	0.374828
0.527196	0.476268
0.527196	0.386320
0.527196	0.374864
0.527196	0.432668
0.527196	0.395389
0.527196	0.414395
0.527196	0.455206
0.527196	0.393111
0.527196	0.472525
0.527196	0.466275
0.341288	0.290634
0.341288	0.259186
0.341288	0.238836
0.341288	0.294953
0.168522	0.328732
0.168522	0.334410
0.168522	0.321678
0.168522	0.321270
0.168522	0.335276
0.168522	0.307557
0.168522	0.331887
0.168522	0.346600
0.168522	0.321525
0.168522	0.359288
0.168522	0.405067
0.216007	0.202867
0.216007	0.169456
0.216007	0.194603
0.216007	0.174376
0.216007	0.225626
0.216007	0.216587
0.216007	0.346211
0.073745	0.151590
0.073745	0.156120
0.073745	0.168591
0.073745	0.156298
0.073745	0.174001
0.073745	0.162655
0.073745	0.160916
0.073745	0.222599
0.035243	0.143207
0.035243	0.136109
0.035243	0.155433
0.035243	0.149531
0.035243	0.153933
0.035243	0.150567
0.035243	0.144070
0.035243	0.150002
0.035165	0.140353
0.035165	0.142941
0.035165	0.146946
0.035165	0.138497
0.035165	0.124643
0.035165	0.132785
0.035165	0.120539
0.048964	0.262945
0.048964	0.238660
0.048964	0.249676
0.048964	0.260110
0.048964	0.258411
0.048964	0.258505
0.048964	0.315566
0.048964	0.274126
0.048964	0.256192
0.061528	0.237876
0.061528	0.230001
0.061528	0.263350
0.061528	0.250675
0.061528	0.230908
0.061528	0.238063
0.061528	0.229649
0.061528	0.258485
0.061528	0.275827
0.061528	0.293762
0.057276	0.283088
0.057276	0.274501
0.057276	0.304226
0.057276	0.286037
0.057276	0.279862
0.057276	0.287548
0.057276	0.281845
0.057276	0.323924
0.057028	0.364642
0.057028	0.301806
0.057028	0.368729
0.057028	0.339934
0.057028	0.315270
0.057028	0.325541
0.057028	0.306589
0.057028	0.370889
0.057028	0.322017
0.058790	0.291869
0.058790	0.274090
0.058790	0.256450
0.058790	0.277954
0.058790	0.265835
0.058790	0.283195
0.058790	0.374338
0.041257	0.190159
0.041257	0.225742
0.041257	0.261143
0.041257	0.280729
0.027608	0.238063
0.027608	0.292232
0.027608	0.241795
0.027608	0.217225
0.027608	0.285505
0.027608	0.283520
0.027608	0.253688
0.027608	0.253978
0.045280	0.298027
0.045280	0.213167
0.045280	0.223614
0.045280	0.302360
0.045280	0.298953
0.045280	0.232353
0.045280	0.232638
0.045280	0.330589
0.045280	0.243541
0.045280	0.267810
0.048854	0.175963
0.048854	0.180216
0.048854	0.187999
0.048854	0.166967
0.048854	0.150785
0.048854	0.184897
0.048854	0.173255
0.048854	0.183219
0.048854	0.173917
0.048854	0.264230
0.048854	0.178326
0.048854	0.240675
0.117921	0.123215
0.117921	0.115345
0.117921	0.129515
0.117921	0.128839
0.117921	0.162045
0.066476	0.130992
0.066476	0.123736
0.066476	0.127791
0.066476	0.138866
0.066476	0.114756
0.066476	0.103267
0.066476	0.119107
0.066476	0.116468
0.305532	0.191653
0.305532	0.190712
0.305532	0.190439
0.305532	0.183217
0.305532	0.208177
0.305532	0.246241
0.305532	0.272190
0.305532	0.271315
0.305532	0.274075
0.074076	0.149641
0.074076	0.133382
0.074076	0.174259
0.074076	0.198445
0.074076	0.164308
0.074076	0.111579
0.074076	0.168762
0.074076	0.117496
0.255352	0.179974
0.255352	0.184423
0.255352	0.173548
0.255352	0.155960
0.255352	0.190771
0.255352	0.217567
0.255352	0.250164
0.255352	0.234389
0.172804	0.301131
0.172804	0.214906
0.172804	0.226730
0.172804	0.229839
0.172804	0.295665
0.172804	0.247179
0.172804	0.256147
0.172804	0.364237
0.030680	0.286788
0.030680	0.276308
0.030680	0.299101
0.030680	0.282329
0.030680	0.288766
0.030680	0.253561
0.030680	0.277322
0.030680	0.260737
0.030680	0.303909
0.027759	0.330933
0.027759	0.327980
0.027759	0.327800
0.027759	0.323860
0.027759	0.348485
0.027759	0.350557
0.027759	0.269223
0.027759	0.332351
0.027759	0.310121
0.437138	0.333506
0.437138	0.333943
0.437138	0.332453
0.437138	0.312668
0.437138	0.320011
0.437138	0.333615
0.437138	0.343904
0.437138	0.354998
0.437138	0.400388
0.193756	0.223343
0.193756	0.242387
0.193756	0.216780
0.193756	0.216364
0.193756	0.201438
0.193756	0.191823
0.193756	0.282722
0.047771	0.261816
0.047771	0.281242
0.047771	0.286933
0.047771	0.304921
0.047771	0.264738
0.047771	0.352043
0.047771	0.251984
0.095783	0.367658
0.095783	0.351366
0.095783	0.373836
0.095783	0.397896
0.095783	0.395957
0.095783	0.356480
0.095783	0.408751
0.095783	0.345211
0.095783	0.357761
0.369688	0.359949
0.369688	0.356820
0.369688	0.368362
0.369688	0.407449
0.369688	0.361292
0.369688	0.367373
0.369688	0.451187
0.369688	0.414036
0.045110	0.359125
0.045110	0.377210
0.045110	0.367780
0.045110	0.393214
0.045110	0.388783
0.045110	0.374443
0.045110	0.407566
0.045110	0.352230
0.045110	0.240058
0.249489	0.326470
0.249489	0.329521
0.249489	0.323411
0.249489	0.310697
0.249489	0.342587
0.249489	0.332294
0.249489	0.333246
0.249489	0.345164
0.249489	0.411402
0.033968	0.269593
0.033968	0.219081
0.033968	0.244536
0.033968	0.233065
0.033968	0.244095
0.033968	0.225141
0.033968	0.266921
0.033968	0.291228
0.122681	0.341151
0.122681	0.320150
0.122681	0.324613
0.122681	0.326944
0.122681	0.333338
0.122681	0.335441
0.122681	0.264190
0.122681	0.275357
0.122681	0.336607
0.063542	0.364324
0.063542	0.343372
0.063542	0.350058
0.063542	0.343023
0.063542	0.334741
0.063542	0.357327
0.063542	0.361005
0.063542	0.329158
0.063542	0.383862
0.063542	0.373587
0.087594	0.198323
0.087594	0.183233
0.087594	0.192586
0.087594	0.173669
0.087594	0.163971
0.087594	0.215727
0.087594	0.187995
0.071775	0.209075
0.071775	0.208172
0.071775	0.217119
0.071775	0.209383
0.071775	0.209263
0.071775	0.220918
0.071775	0.231144
0.071775	0.324512
0.229211	0.291334
0.229211	0.270017
0.229211	0.283692
0.229211	0.258123
0.229211	0.237559
0.229211	0.271019
0.229211	0.327475
0.229211	0.327889
0.068606	0.273659
0.068606	0.275985
0.068606	0.250042
0.068606	0.248002
0.068606	0.267592
0.068606	0.251371
0.068606	0.259171
0.068606	0.312348
0.068606	0.294701
0.064571	0.221046
0.064571	0.210907
0.064571	0.219896
0.064571	0.214566
0.064571	0.230572
0.064571	0.234705
0.064571	0.274429
0.064571	0.190118
0.064571	0.257788
0.253534	0.314597
0.253534	0.321248
0.253534	0.310443
0.253534	0.320263
0.253534	0.329376
0.253534	0.313995
0.253534	0.334634
0.253534	0.296724
0.253534	0.271880
0.253534	0.353373
0.253534	0.290155
0.036093	0.146938
0.036093	0.131709
0.036093	0.141026
0.036093	0.138704
0.036093	0.138904
0.036093	0.142414
0.036093	0.154080
0.036093	0.173745
0.059113	0.142044
0.059113	0.150488
0.059113	0.158815
0.059113	0.221875
0.059113	0.171825
0.059113	0.183015
0.059113	0.202717
0.059113	0.218077
0.052352	0.286550
0.052352	0.332637
0.052352	0.318978
0.052352	0.375741
0.052352	0.350046
0.052352	0.323714
0.052352	0.318770
0.052352	0.332020
0.052352	0.334353
0.046766	0.203706
0.046766	0.199561
0.046766	0.252630
0.046766	0.271444
0.046766	0.147331
0.061433	0.129618
0.061433	0.131508
0.061433	0.147847
0.061433	0.304909
0.061433	0.134417
0.061433	0.129318
0.061433	0.184237
0.137636	0.233554
0.137636	0.286673
0.137636	0.217968
0.137636	0.276814
0.137636	0.351357
0.137636	0.240836
0.137636	0.315824
0.137636	0.325809
0.166815	0.291949
0.166815	0.239737
0.166815	0.280654
0.166815	0.323565
0.166815	0.210105
0.166815	0.212085
0.166815	0.218257
0.166815	0.200037
0.166815	0.199158
0.166815	0.220960
0.166815	0.237043
0.202857	0.244863
0.202857	0.223329
0.202857	0.308214
0.202857	0.353089
0.202857	0.182910
0.202857	0.196932
0.202857	0.203156
0.073531	0.261241
0.073531	0.260605
0.073531	0.302040
0.073531	0.295679
0.073531	0.232142
0.073531	0.293055
0.073531	0.224774
0.073531	0.268186
0.073531	0.229358
0.073531	0.223053
0.073531	0.204240
0.153234	0.300945
0.153234	0.298970
0.153234	0.295757
0.153234	0.404937
0.153234	0.342243
0.153234	0.276122
0.153234	0.205270
0.153234	0.145381
0.099795	0.277994
0.099795	0.339253
0.099795	0.305326
0.099795	0.322038
0.099795	0.284407
0.099795	0.321149
0.099795	0.203234
0.274868	0.339721
0.274868	0.335319
0.274868	0.319200
0.274868	0.302651
0.274868	0.339837
0.274868	0.323787
0.274868	0.308213
0.274868	0.346430
0.274868	0.254398
0.144703	0.231837
0.144703	0.198326
0.144703	0.214963
0.144703	0.319585
0.144703	0.203642
0.144703	0.245532
0.144703	0.158321
0.144703	0.198279
0.197392	0.223799
0.197392	0.250750
0.197392	0.258090
0.197392	0.326748
0.197392	0.207107
0.197392	0.213773
0.197392	0.241314
0.197392	0.283183
0.197392	0.233932
0.055609	0.202062
0.055609	0.231290
0.055609	0.215074
0.055609	0.206384
0.055609	0.205806
0.055609	0.218212
0.055609	0.211421
0.055609	0.204739
0.055609	0.251985
0.055609	0.239766
0.055609	0.278997
0.038619	0.194226
0.038619	0.149340
0.038619	0.187920
0.038619	0.190022
0.038619	0.165333
0.038619	0.204271
0.060301	0.184342
0.060301	0.227875
0.060301	0.204752
0.060301	0.179015
0.060301	0.212998
0.060301	0.202591
0.060301	0.219627
0.060301	0.198640
0.060301	0.202605
0.060301	0.197747
0.060301	0.200415
0.121415	0.302908
0.121415	0.271191
0.121415	0.302682
0.121415	0.327657
0.121415	0.267200
0.121415	0.321039
0.121415	0.275657
0.121415	0.317373
0.121415	0.272825
0.033409	0.284543
0.033409	0.309469
0.033409	0.312887
0.033409	0.301766
0.033409	0.356306
0.033409	0.287564
0.033409	0.284997
0.033409	0.291988
0.028563	0.350301
0.028563	0.330508
0.028563	0.344103
0.028563	0.338988
0.028563	0.340651
0.028563	0.339538
0.028563	0.317930
0.028563	0.345762
0.046989	0.256041
0.046989	0.258849
0.046989	0.244029
0.046989	0.241948
0.046989	0.303426
0.046989	0.238867
0.057161	0.206249
0.057161	0.191582
0.057161	0.201132
0.057161	0.199581
0.057161	0.177982
0.057161	0.194448
0.057161	0.243212
0.057161	0.225677
0.036774	0.136049
0.036774	0.144135
0.036774	0.150791
0.036774	0.167665
0.036774	0.164349
0.036774	0.142807
0.036774	0.148866
0.036774	0.139896
0.043524	0.169979
0.043524	0.158948
0.043524	0.173041
0.043524	0.161831
0.043524	0.170387
0.043524	0.178618
0.043524	0.169966
0.043524	0.162637
0.043524	0.186761
0.043524	0.156802
0.043524	0.182886
0.043524	0.172198
0.086275	0.128442
0.086275	0.135303
0.086275	0.140009
0.086275	0.140686
0.086275	0.146303
0.086275	0.151179
0.086275	0.174417
0.086275	0.189050
0.044974	0.105249
0.044974	0.100069
0.044974	0.121147
0.044974	0.107784
0.044974	0.105181
0.044974	0.115214
0.044974	0.114431
0.130470	0.157053
0.130470	0.167532
0.130470	0.170125
0.130470	0.164960
0.130470	0.177105
0.130470	0.193124
0.130470	0.272623
0.130470	0.302285
0.196787	0.282022
0.196787	0.305259
0.196787	0.293656
0.196787	0.320872
0.196787	0.269373
0.196787	0.250326
0.196787	0.254328
0.196787	0.356975
0.196787	0.266330
0.105989	0.278567
0.105989	0.214870
0.105989	0.299784
0.105989	0.370024
0.105989	0.224454
0.105989	0.215809
0.105989	0.219308
0.105989	0.301173
0.105989	0.208169
0.105989	0.244353
0.105989	0.199587
0.105989	0.210450
0.174850	0.285777
0.174850	0.272770
0.174850	0.260340
0.174850	0.252036
0.174850	0.182934
0.174850	0.252254
0.174850	0.282308
0.103494	0.232016
0.103494	0.200379
0.103494	0.200437
0.103494	0.204377
0.103494	0.280829
0.103494	0.258017
0.103494	0.265864
0.113497	0.189986
0.113497	0.131721
0.113497	0.168064
0.113497	0.162550
0.090688	0.164525
0.090688	0.150450
0.090688	0.186630
0.090688	0.182793
0.171004	0.465224
0.171004	0.382334
0.171004	0.423082
0.171004	0.416426
0.171004	0.457336
0.171004	0.489846
0.171004	0.553090
0.171004	0.597881
0.171004	0.695966
0.042644	0.242627
0.042644	0.257281
0.042644	0.255458
0.042644	0.206981
0.042644	0.195034
0.042644	0.227877
0.042644	0.200656
0.042644	0.192557
0.045222	0.449763
0.045222	0.484682
0.045222	0.433877
0.045222	0.389589
0.045222	0.442374
0.045222	0.508894
0.045222	0.531639
0.045222	0.541853
0.045222	0.421427
0.045222	0.566091
0.045222	0.455995
0.255081	0.336286
0.255081	0.359584
0.255081	0.299758
0.255081	0.273496
0.255081	0.352707
0.255081	0.504133
0.254780	0.372893
0.254780	0.354334
0.254780	0.337429
0.254780	0.325832
0.254780	0.383015
0.254780	0.334302
0.254780	0.401780
0.254780	0.374732
0.254780	0.440432
0.254780	0.369341
0.094117	0.212435
0.094117	0.197958
0.094117	0.212193
0.094117	0.216497
0.094117	0.259851
0.094117	0.296080
0.094117	0.206225
0.094117	0.334059
0.100141	0.323514
0.100141	0.346656
0.100141	0.348043
0.100141	0.357241
0.100141	0.401071
0.100141	0.357287
0.100141	0.423982
0.100141	0.363417
0.100141	0.368288
0.100141	0.446910
0.100141	0.451944
0.393872	0.414399
0.393872	0.362644
0.393872	0.444053
0.393872	0.350876
0.393872	0.364366
0.393872	0.368777
0.393872	0.364807
0.393872	0.404057
0.393872	0.444204
0.393872	0.413260
0.393872	0.452467
0.244011	0.299015
0.244011	0.279862
0.244011	0.289901
0.244011	0.320851
0.244011	0.244693
0.244011	0.292543
0.244011	0.252720
0.244011	0.379354
0.061723	0.235388
0.061723	0.257070
0.061723	0.253532
0.061723	0.268242
0.078602	0.319001
0.078602	0.296112
0.078602	0.315922
0.078602	0.340595
0.078602	0.298463
0.078602	0.327020
0.078602	0.252846
0.078602	0.242740
0.078602	0.220967
0.078602	0.441886
0.078602	0.361812
0.132689	0.169547
0.132689	0.179234
0.132689	0.245994
0.132689	0.175104
0.132689	0.165720
0.132689	0.202524
0.132689	0.189359
0.132689	0.192750
0.132689	0.216566
0.132689	0.200490
0.132689	0.205640
0.033485	0.252352
0.033485	0.185890
0.033485	0.193437
0.033485	0.183612
0.033485	0.180040
0.033485	0.209314
0.033485	0.180145
0.033485	0.194885
0.033485	0.183262
0.057465	0.163742
0.057465	0.147206
0.057465	0.169334
0.057465	0.193834
0.057465	0.175450
0.057465	0.137539
0.057465	0.174155
0.092253	0.205960
0.092253	0.179542
0.092253	0.181256
0.092253	0.183982
0.092253	0.227750
0.092253	0.172106
0.092253	0.219583
0.092253	0.180948
0.092253	0.176506
0.092253	0.186349
0.040073	0.057708
0.040073	0.044340
0.040073	0.047789
0.040073	0.043388
0.040073	0.066521
0.030699	0.199042
0.030699	0.192899
0.030699	0.185023
0.030699	0.178199
0.030699	0.167835
0.030699	0.165245
0.030699	0.150250
0.030699	0.222098
0.030699	0.194580
0.030699	0.256999
0.030699	0.264499
0.061245	0.127633
0.061245	0.165558
0.061245	0.100578
0.061245	0.132803
0.061245	0.161464
0.061245	0.122052
0.061245	0.162396
0.061245	0.123499
0.061245	0.143822
0.061245	0.125078
0.061245	0.138489
0.107660	0.089021
0.107660	0.096294
0.107660	0.090299
0.107660	0.083273
0.107660	0.105291
0.107660	0.118889
0.107660	0.109598
0.107660	0.096315
0.107660	0.111932
0.107660	0.094381
0.107660	0.119699
0.107660	0.136549
0.046046	0.026809
0.046046	0.028713
0.046046	0.028845
0.046046	0.025572
0.046046	0.029922
0.043923	0.029106
0.043923	0.026200
0.043923	0.040428
0.043923	0.033017
0.043923	0.027414
0.049114	0.129466
0.049114	0.154043
0.049114	0.160129
0.049114	0.166815
0.049114	0.158990
0.049114	0.132922
0.049114	0.142686
0.049114	0.137513
0.049114	0.138952
0.040235	0.041006
0.040235	0.043147
0.040235	0.046076
0.040235	0.048719
0.040235	0.034373
0.040235	0.054518
0.040235	0.034861
0.040235	0.057073
0.062163	0.032785
0.062163	0.041053
0.062163	0.039612
0.062163	0.053495
0.062163	0.031636
0.062163	0.030755
0.062163	0.029583
0.061492	0.054543
0.061492	0.071321
0.061492	0.080586
0.061492	0.098926
0.061492	0.068535
0.061492	0.045849
0.061492	0.074590
0.061492	0.201055
0.044927	0.094689
0.044927	0.093471
0.044927	0.130743
0.044927	0.085234
0.044927	0.087652
0.044927	0.103986
0.044927	0.101527
0.044023	0.103611
0.044023	0.108899
0.044023	0.168406
0.044023	0.093689
0.044023	0.102417
0.044023	0.115796
0.044023	0.144332
0.044023	0.131660
0.044023	0.192942
0.044023	0.076204
0.044023	0.128637
0.082316	0.236646
0.082316	0.231651
0.082316	0.209264
0.082316	0.244196
0.082316	0.186595
0.082316	0.213682
0.082316	0.182264
0.082316	0.236898
0.082316	0.196299
0.050597	0.194565
0.050597	0.171225
0.050597	0.182675
0.050597	0.180388
0.050597	0.153689
0.050597	0.170493
0.050597	0.159845
0.050597	0.152463
0.050597	0.187481
0.050597	0.187246
0.050597	0.168761
0.050597	0.228650
0.041968	0.086547
0.041968	0.099078
0.041968	0.135330
0.041968	0.078836
0.041968	0.146814
0.041968	0.089133
0.041968	0.220025
0.041968	0.151323
0.040150	0.244047
0.040150	0.262100
0.040150	0.257556
0.040150	0.332752
0.040150	0.293390
0.040150	0.257785
0.040150	0.299297
0.040150	0.292118
0.040150	0.243156
0.040150	0.260295
0.026169	0.212197
0.026169	0.252798
0.026169	0.203633
0.026169	0.225993
0.026169	0.190788
0.026169	0.173094
0.133227	0.182107
0.133227	0.219226
0.133227	0.207766
0.133227	0.216479
0.133227	0.139377
0.133227	0.167725
0.133227	0.127640
0.133227	0.182772
0.056543	0.244790
0.056543	0.266656
0.056543	0.282869
0.056543	0.243016
0.056543	0.220668
0.056543	0.218954
0.056543	0.301274
0.056543	0.253079
0.037430	0.160910
0.037430	0.172007
0.037430	0.211792
0.037430	0.231155
0.037430	0.204655
0.037430	0.173231
0.037430	0.133765
0.037430	0.116634
0.064538	0.178953
0.064538	0.233275
0.064538	0.226397
0.064538	0.268790
0.064538	0.206324
0.064538	0.245317
0.064538	0.165682
0.064538	0.217952
0.052161	0.298802
0.052161	0.280803
0.052161	0.368707
0.052161	0.424219
0.052161	0.349537
0.052161	0.352443
0.052161	0.396136
0.052161	0.294954
0.052161	0.363404
0.052161	0.388896
0.052161	0.394778
0.052161	0.385314
0.073367	0.441769
0.073367	0.492864
0.073367	0.545370
0.073367	0.539912
0.073367	0.460016
0.073367	0.413897
0.073367	0.356184
0.073367	0.357686
0.073367	0.313047
0.073367	0.480979
0.073367	0.311537
0.201205	0.386656
0.201205	0.430874
0.201205	0.443206
0.201205	0.422008
0.201205	0.515593
0.201205	0.511384
0.201205	0.520191
0.201205	0.545677
0.050353	0.287567
0.050353	0.177547
0.050353	0.260916
0.050353	0.302247
0.050353	0.226391
0.050353	0.191429
0.050353	0.125342
0.050353	0.067055
0.143858	0.433594
0.143858	0.420165
0.143858	0.456908
0.143858	0.450158
0.143858	0.460932
0.143858	0.499118
0.143858	0.571310
0.143858	0.567141
0.143858	0.617263
0.019407	0.239777
0.019407	0.192929
0.019407	0.295084
0.019407	0.251027
0.019407	0.203226
0.019407	0.196128
0.019407	0.226817
0.163422	0.589716
0.163422	0.585212
0.163422	0.597297
0.163422	0.619802
0.163422	0.599335
0.163422	0.614482
0.163422	0.561709
0.163422	0.623867
0.163422	0.622379
0.194247	0.479654
0.194247	0.449911
0.194247	0.467956
0.194247	0.436890
0.194247	0.435347
0.194247	0.449654
0.194247	0.539938
0.194247	0.459221
0.064677	0.343861
0.064677	0.223915
0.064677	0.290179
0.064677	0.247539
0.064677	0.216696
0.064677	0.242127
0.064677	0.210373
0.064677	0.205304
0.076948	0.291230
0.076948	0.255161
0.076948	0.301475
0.076948	0.275231
0.076948	0.319091
0.076948	0.303619
0.076948	0.546022
0.076948	0.412290
0.146761	0.280119
0.146761	0.213644
0.146761	0.230610
0.146761	0.254457
0.146761	0.199159
0.146761	0.206338
0.146761	0.193466
0.146761	0.174549
0.190793	0.353465
0.190793	0.361114
0.190793	0.354840
0.190793	0.270470
0.190793	0.390546
0.190793	0.345154
0.190793	0.302536
0.190793	0.386803
0.177506	0.418778
0.177506	0.355859
0.177506	0.354928
0.177506	0.380831
0.177506	0.372974
0.177506	0.346313
0.177506	0.329602
0.177506	0.377738
0.177506	0.382083
0.241998	0.354808
0.241998	0.382315
0.241998	0.350560
0.241998	0.414931
0.241998	0.319016
0.241998	0.382153
0.241998	0.299432
0.241998	0.340139
0.241998	0.329262
0.062416	0.208104
0.062416	0.172005
0.062416	0.224170
0.062416	0.199035
0.074697	0.315231
0.074697	0.255543
0.074697	0.341560
0.074697	0.364370
0.074697	0.308725
0.074697	0.281437
0.074697	0.241455
0.074697	0.198384
0.074697	0.281115
0.074697	0.218795
0.074697	0.213882
0.074697	0.194355
0.083085	0.164020
0.083085	0.189605
0.083085	0.224810
0.083085	0.236695
0.083085	0.170707
0.083085	0.190277
0.083085	0.117013
0.083085	0.173532
0.239541	0.352466
0.239541	0.340949
0.239541	0.379925
0.239541	0.386022
0.239541	0.322875
0.239541	0.398169
0.239541	0.385111
0.239541	0.376237
0.239541	0.436768
0.057946	0.216014
0.057946	0.136097
0.057946	0.212184
0.057946	0.237966
0.057946	0.166577
0.057946	0.181003
0.057946	0.143863
0.080230	0.117923
0.080230	0.150656
0.080230	0.171897
0.080230	0.135027
0.080230	0.212095
0.080230	0.259712
0.080230	0.142838
0.382939	0.267139
0.382939	0.266544
0.382939	0.233416
0.382939	0.286118
0.382939	0.319333
0.382939	0.269745
0.382939	0.256647
0.382939	0.275156
0.047579	0.208553
0.047579	0.194963
0.047579	0.212781
0.047579	0.199215
0.047579	0.177506
0.047579	0.176220
0.047579	0.224331
0.047579	0.194209
0.047579	0.239629
0.047579	0.204531
0.047579	0.213347
0.317640	0.226516
0.317640	0.261975
0.317640	0.252153
0.317640	0.252654
0.273582	0.359698
0.273582	0.368305
0.273582	0.338099
0.273582	0.380863
0.273582	0.359090
0.273582	0.357290
0.273582	0.365269
0.273582	0.375549
0.273582	0.417452
0.273582	0.411769
0.273582	0.516840
0.030888	0.218163
0.030888	0.165655
0.030888	0.182517
0.030888	0.205926
0.030888	0.228588
0.047996	0.330498
0.047996	0.291370
0.047996	0.284928
0.047996	0.275211
0.047996	0.343196
0.047996	0.306031
0.047996	0.325930
0.047996	0.342958
0.047996	0.346901
0.181129	0.350059
0.181129	0.285390
0.181129	0.346785
0.181129	0.352851
0.181129	0.315387
0.181129	0.315146
0.181129	0.259248
0.181129	0.297237
0.181129	0.277409
0.181129	0.336188
0.181129	0.351546
0.028690	0.319224
0.028690	0.307443
0.028690	0.337157
0.028690	0.409231
0.028690	0.346448
0.028690	0.333441
0.028690	0.335400
0.066150	0.310996
0.066150	0.309821
0.066150	0.305423
0.066150	0.302700
0.066150	0.326986
0.066150	0.287276
0.066150	0.296711
0.066150	0.311698
0.066150	0.317918
0.039879	0.281542
0.039879	0.259473
0.039879	0.266493
0.039879	0.293175
0.087742	0.394972
0.087742	0.339205
0.087742	0.355057
0.087742	0.379241
0.087742	0.387848
0.087742	0.414200
0.087742	0.403362
0.087742	0.354231
0.087742	0.390035
0.087742	0.345571
0.087742	0.422151
0.050206	0.329373
0.050206	0.302926
0.050206	0.302882
0.050206	0.274070
0.050206	0.282082
0.050206	0.325819
0.050206	0.250185
0.088729	0.512724
0.088729	0.464006
0.088729	0.579583
0.088729	0.563601
0.088729	0.485026
0.088729	0.427346
0.088729	0.420294
0.088729	0.397703
0.088729	0.422251
0.088729	0.376566
0.088729	0.434247
0.088729	0.402256
0.088729	0.395638
0.088729	0.411873
0.030224	0.401723
0.030224	0.352546
0.030224	0.350183
0.030224	0.406942
0.030224	0.362180
0.030224	0.410818
0.030224	0.357662
0.030224	0.387015
0.040650	0.313454
0.040650	0.367551
0.040650	0.293137
0.040650	0.308519
0.040650	0.339640
0.040650	0.354320
0.078140	0.257739
0.078140	0.230679
0.078140	0.258348
0.078140	0.361893
0.073648	0.308616
0.073648	0.293065
0.073648	0.290064
0.073648	0.230394
0.073648	0.277006
0.073648	0.397817
0.073648	0.431697
0.122138	0.306890
0.122138	0.255762
0.122138	0.240607
0.122138	0.219542
0.122138	0.286665
0.122138	0.358434
0.122138	0.360707
0.149787	0.319001
0.149787	0.308754
0.149787	0.303175
0.149787	0.318548
0.149787	0.317019
0.149787	0.336173
0.149787	0.357695
0.149787	0.363431
0.149787	0.365263
0.069844	0.256162
0.069844	0.226266
0.069844	0.281679
0.069844	0.305490
0.069844	0.384527
0.069844	0.357465
0.069844	0.370041
0.069844	0.300121
0.069844	0.455035
0.069844	0.313962
0.069844	0.332249
0.069844	0.380046
0.063605	0.143821
0.063605	0.136383
0.063605	0.140470
0.063605	0.134678
0.063605	0.138950
0.063605	0.156006
0.063605	0.186903
0.063605	0.192021
0.060427	0.101273
0.060427	0.085927
0.060427	0.108071
0.060427	0.099104
0.060427	0.098961
0.065263	0.171524
0.065263	0.156970
0.065263	0.182615
0.065263	0.170605
0.065263	0.191300
0.065263	0.161184
0.065263	0.141507
0.092115	0.293527
0.092115	0.310313
0.092115	0.307893
0.092115	0.308993
0.092115	0.312802
0.092115	0.325120
0.092115	0.253996
0.092115	0.266818
0.092115	0.323362
0.059403	0.178286
0.059403	0.233488
0.059403	0.182081
0.059403	0.245959
0.059403	0.186383
0.059403	0.200963
0.059403	0.233804
0.059403	0.240364
0.029105	0.203872
0.029105	0.273593
0.029105	0.255083
0.029105	0.304803
0.029105	0.209844
0.029105	0.220254
0.029105	0.253098
0.029105	0.189402
0.045739	0.318796
0.045739	0.261765
0.045739	0.252357
0.045739	0.284940
0.045739	0.232197
0.045739	0.276290
0.045739	0.345407
0.045739	0.319225
0.037729	0.341961
0.037729	0.356170
0.037729	0.351739
0.037729	0.303654
0.037729	0.330952
0.037729	0.369655
0.096798	0.368726
0.096798	0.372868
0.096798	0.369902
0.096798	0.377662
0.096798	0.370375
0.096798	0.355559
0.096798	0.372643
0.096798	0.356802
0.096798	0.367096
0.107355	0.282769
0.107355	0.258746
0.107355	0.294177
0.107355	0.325155
0.049056	0.319939
0.049056	0.328684
0.049056	0.322520
0.049056	0.318251
0.049056	0.326058
0.049056	0.299320
0.049056	0.265969
0.049056	0.326712
0.049056	0.327173
0.049056	0.339644
0.049056	0.281899
0.049056	0.364567
0.045991	0.279363
0.045991	0.242234
0.045991	0.264646
0.045991	0.272652
0.045991	0.296415
0.045991	0.253333
0.045991	0.258275
0.045991	0.316080
0.084119	0.257187
0.084119	0.221301
0.084119	0.232491
0.084119	0.230628
0.084119	0.254948
0.084119	0.273917
0.084119	0.233317
0.084119	0.281052
0.084119	0.315755
0.020940	0.110080
0.020940	0.112780
0.020940	0.076050
0.020940	0.064756
0.020940	0.098070
0.158821	0.086326
0.158821	0.072956
0.158821	0.087167
0.158821	0.080882
0.158821	0.079638
0.158821	0.151156
0.158821	0.083760
0.049983	0.136958
0.049983	0.115933
0.049983	0.136260
0.049983	0.089847
0.049983	0.072602
0.049983	0.108148
0.049983	0.181321
0.049983	0.164933
0.049360	0.117184
0.049360	0.079623
0.049360	0.093387
0.049360	0.077385
0.049360	0.095841
0.049360	0.117976
0.049360	0.151249
0.049360	0.101367
0.049360	0.155347
0.049360	0.108575
0.049360	0.074726
0.049360	0.126777
0.049360	0.071746
0.049360	0.117361
0.062863	0.100188
0.062863	0.096491
0.062863	0.090949
0.062863	0.088690
0.062863	0.101672
0.062863	0.098549
0.062863	0.084857
0.062863	0.085293
0.062863	0.101801
0.062863	0.084009
0.062863	0.096303
0.062863	0.103253
0.062863	0.100200
0.062863	0.129938
0.036556	0.036804
0.036556	0.042128
0.036556	0.034251
0.036556	0.039009
0.036556	0.072293
0.031199	0.028333
0.031199	0.026932
0.031199	0.028640
0.031199	0.024337
0.031199	0.027336
0.031199	0.025121
0.031199	0.028430
0.031199	0.024787
0.024590	0.026727
0.024590	0.024048
0.024590	0.031419
0.024590	0.027684
0.029808	0.029690
0.029808	0.049321
0.029808	0.043413
0.029808	0.035254
0.029808	0.039852
0.029808	0.051622
0.029808	0.042623
0.040774	0.039150
0.040774	0.047401
0.040774	0.039020
0.040774	0.031583
0.040774	0.046172
0.040774	0.043875
0.040774	0.056792
0.040774	0.048988
0.037953	0.031229
0.037953	0.036605
0.037953	0.030543
0.037953	0.033231
0.037953	0.025072
0.037953	0.026208
0.037953	0.036616
0.037953	0.026215
0.035838	0.074936
0.035838	0.095555
0.035838	0.091269
0.035838	0.085763
0.035838	0.078061
0.035838	0.096955
0.035838	0.077945
0.035838	0.076816
0.035838	0.073735
0.035838	0.088407
0.035838	0.096257
0.035838	0.111389
0.095921	0.108799
0.095921	0.138275
0.095921	0.160024
0.095921	0.172103
0.095921	0.161795
0.095921	0.219938
0.095921	0.228894
0.095921	0.214576
0.095921	0.330192
0.034699	0.078723
0.034699	0.076300
0.034699	0.080908
0.034699	0.089178
0.034699	0.077396
0.034699	0.088713
0.034699	0.083035
0.034699	0.096016
0.046596	0.079482
0.046596	0.071987
0.046596	0.079218
0.046596	0.100704
0.046596	0.096030
0.033452	0.087583
0.033452	0.098427
0.033452	0.122148
0.033452	0.148462
0.033452	0.080124
0.027934	0.094945
0.027934	0.104572
0.027934	0.119157
0.027934	0.209420
0.143520	0.218168
0.143520	0.254766
0.143520	0.190061
0.143520	0.173400
0.143520	0.266701
0.143520	0.229517
0.143520	0.164869
0.143520	0.200747
0.143520	0.225568
0.143520	0.211005
0.143520	0.176537
0.143520	0.205524
0.133196	0.163530
0.133196	0.109207
0.133196	0.123808
0.133196	0.109842
0.133196	0.165051
0.133196	0.141267
0.133196	0.216173
0.037349	0.114158
0.037349	0.091765
0.037349	0.126528
0.037349	0.173008
0.037349	0.083666
0.037349	0.095164
0.037349	0.086865
0.135258	0.206491
0.135258	0.217466
0.135258	0.233250
0.135258	0.246836
0.135258	0.219839
0.135258	0.210916
0.135258	0.211204
0.135258	0.208627
0.135258	0.225460
0.135258	0.228381
0.135258	0.246378
0.190846	0.326334
0.190846	0.324205
0.190846	0.330454
0.190846	0.270426
0.190846	0.392087
0.190846	0.331551
0.190846	0.395870
0.190846	0.323376
0.190846	0.332779
0.190846	0.344748
0.190846	0.348670
0.056710	0.327715
0.056710	0.303297
0.056710	0.330778
0.056710	0.410193
0.056710	0.274485
0.066883	0.390560
0.066883	0.442564
0.066883	0.388816
0.066883	0.470120
0.066883	0.418851
0.066883	0.411446
0.066883	0.425009
0.066883	0.325195
0.056585	0.387892
0.056585	0.383291
0.056585	0.399410
0.056585	0.383280
0.056585	0.368178
0.056585	0.361241
0.056585	0.357194
0.056585	0.413240
0.056585	0.399882
0.048960	0.336544
0.048960	0.321168
0.048960	0.332182
0.048960	0.321063
0.048960	0.378188
0.048960	0.386576
0.048960	0.415333
0.033514	0.346694
0.033514	0.345481
0.033514	0.341790
0.033514	0.336282
0.033514	0.322960
0.033514	0.423339
0.033514	0.361434
0.033514	0.376796
0.061820	0.380455
0.061820	0.378350
0.061820	0.380461
0.061820	0.381420
0.061820	0.373458
0.061820	0.399898
0.061820	0.389473
0.061820	0.400450
0.061820	0.347068
0.060804	0.224174
0.060804	0.240911
0.060804	0.217337
0.060804	0.199751
0.060804	0.210727
0.060804	0.237708
0.060804	0.231327
0.060804	0.390214
0.042836	0.253728
0.042836	0.241476
0.042836	0.280538
0.042836	0.261765
0.042836	0.314451
0.042836	0.283745
0.042836	0.244059
0.042836	0.345521
0.042836	0.287140
0.042836	0.379691
0.042836	0.309135
0.042836	0.387805
0.150531	0.351484
0.150531	0.357192
0.150531	0.359922
0.150531	0.333415
0.150531	0.355575
0.150531	0.378953
0.150531	0.330073
0.150531	0.358336
0.150531	0.325625
0.123053	0.308376
0.123053	0.332909
0.123053	0.317931
0.123053	0.302724
0.123053	0.302688
0.123053	0.339145
0.123053	0.304604
0.123053	0.303931
0.123053	0.304714
0.140085	0.174718
0.140085	0.172985
0.140085	0.183210
0.140085	0.206126
0.140085	0.168335
0.140085	0.175175
0.140085	0.165773
0.140085	0.167529
0.168522	0.212476
0.168522	0.230118
0.168522	0.227654
0.168522	0.242695
0.168522	0.204538
0.168522	0.213607
0.168522	0.241481
0.274595	0.281068
0.274595	0.267301
0.274595	0.293510
0.274595	0.294143
0.274595	0.306042
0.274595	0.299928
0.515910	0.215251
0.515910	0.231016
0.515910	0.221516
0.515910	0.276313
0.321741	0.314427
0.321741	0.303357
0.321741	0.326394
0.321741	0.359773
0.321741	0.407226
0.321741	0.328622
0.321741	0.355753
0.321741	0.290881
0.321741	0.213214
0.187532	0.174377
0.187532	0.169212
0.187532	0.165451
0.187532	0.223348
0.187532	0.160995
0.187532	0.293623
0.187532	0.153663
0.366611	0.446429
0.366611	0.260310
0.366611	0.442055
0.366611	0.349913
0.366611	0.498502
0.366611	0.383752
0.366611	0.402832
0.366611	0.264064
0.366611	0.247589
0.366611	0.443062
0.366611	0.524440
0.111885	0.236610
0.111885	0.127145
0.111885	0.166975
0.111885	0.223139
0.111885	0.151182
0.111885	0.155250
0.111885	0.190713
0.111885	0.137247
0.111885	0.176384
0.111885	0.144870
0.111885	0.176070
0.163237	0.190092
0.163237	0.204745
0.163237	0.176953
0.163237	0.165376
0.163237	0.180219
0.163237	0.180101
0.163237	0.160148
0.088768	0.285027
0.088768	0.215434
0.088768	0.561512
0.088768	0.265925
0.088768	0.501419
0.088768	0.264198
0.036345	0.549905
0.036345	0.319397
0.036345	0.527035
0.036345	0.358392
0.036345	0.498003
0.036345	0.471706
0.036345	0.298208
0.036345	0.497027
0.036345	0.301667
0.036345	0.262535
0.035612	0.171955
0.035612	0.175899
0.035612	0.179859
0.035612	0.202674
0.035612	0.147799
0.035612	0.201057
0.035612	0.188612
0.035612	0.158735
0.035612	0.180502
0.035612	0.163468
0.035612	0.162294
0.042302	0.179920
0.042302	0.193124
0.042302	0.182498
0.042302	0.165180
0.042302	0.215786
0.042302	0.170263
0.078263	0.194408
0.078263	0.194068
0.078263	0.177174
0.078263	0.165559
0.078263	0.415507
0.078263	0.190717
0.054122	0.183486
0.054122	0.179652
0.054122	0.196416
0.054122	0.182352
0.054122	0.176947
0.054122	0.182045
0.054122	0.239766
0.054122	0.235998
0.025689	0.087246
0.025689	0.088795
0.025689	0.075690
0.025689	0.065777
0.025689	0.087263
0.025689	0.073612
0.025689	0.072564
0.025689	0.084500
0.046407	0.173393
0.046407	0.161976
0.046407	0.188773
0.046407	0.180623
0.046407	0.169422
0.046407	0.154172
0.046407	0.259625
0.046407	0.158154
0.046407	0.256853
0.027463	0.161832
0.027463	0.167134
0.027463	0.178072
0.027463	0.167902
0.027463	0.200517
0.027463	0.174279
0.027463	0.200297
0.027463	0.236803
0.030318	0.069399
0.030318	0.075280
0.030318	0.058468
0.030318	0.055353
0.030318	0.066054
0.030318	0.055633
0.030318	0.077572
0.030318	0.052378
0.034805	0.042664
0.034805	0.045327
0.034805	0.048956
0.034805	0.052453
0.034805	0.041651
0.034805	0.041933
0.034805	0.042071
0.034805	0.041401
0.118079	0.199906
0.118079	0.224212
0.118079	0.223991
0.118079	0.264850
0.118079	0.283787
0.118079	0.227944
0.118079	0.221309
0.118079	0.246488
0.118079	0.222489
0.118079	0.227553
0.118079	0.288192
0.023445	0.144009
0.023445	0.157027
0.023445	0.157476
0.023445	0.143492
0.023445	0.129968
0.023445	0.143056
0.023445	0.203999
0.023445	0.177332
0.024150	0.058097
0.024150	0.055442
0.024150	0.055821
0.024150	0.053666
0.024150	0.046919
0.024150	0.050070
0.024150	0.044532
0.024150	0.047512
0.101543	0.074675
0.101543	0.063040
0.101543	0.082094
0.101543	0.161313
0.101543	0.090132
0.101543	0.061077
0.101543	0.089023
0.101543	0.049076
0.081896	0.189371
0.081896	0.190902
0.081896	0.193246
0.081896	0.187822
0.081896	0.178668
0.081896	0.184019
0.081896	0.186296
0.081896	0.251977
0.081896	0.253591
0.190520	0.202163
0.190520	0.178404
0.190520	0.198651
0.190520	0.208521
0.190520	0.195705
0.190520	0.255037
0.190520	0.226532
0.022190	0.279386
0.022190	0.288196
0.022190	0.268431
0.022190	0.268010
0.022190	0.260932
0.022190	0.243501
0.022190	0.259261
0.022190	0.237090
0.096815	0.224130
0.096815	0.182058
0.096815	0.185388
0.096815	0.181492
0.096815	0.264928
0.096815	0.216768
0.096815	0.502054
0.096815	0.208006
0.060274	0.227064
0.060274	0.324853
0.060274	0.233631
0.060274	0.246603
0.060274	0.217866
0.060274	0.215284
0.060274	0.456718
0.022608	0.244149
0.022608	0.262675
0.022608	0.259080
0.022608	0.259581
0.022608	0.258625
0.022608	0.280194
0.022608	0.407406
0.022608	0.467247
0.022608	0.436491
0.037877	0.226731
0.037877	0.207361
0.037877	0.223875
0.037877	0.213461
0.037877	0.208558
0.037877	0.202810
0.037877	0.212776
0.037877	0.218126
0.037877	0.228566
0.037877	0.230762
0.037877	0.203019
0.027614	0.145325
0.027614	0.148677
0.027614	0.125303
0.027614	0.134949
0.027614	0.111140
0.027614	0.131821
0.027614	0.131518
0.027614	0.143353
0.027614	0.179156
0.027614	0.136076
0.027614	0.173161
0.074071	0.101725
0.074071	0.078688
0.074071	0.107847
0.074071	0.145176
0.119745	0.178095
0.119745	0.243395
0.119745	0.234861
0.119745	0.238426
0.119745	0.178275
0.119745	0.174544
0.119745	0.275974
0.119745	0.244043
0.089335	0.199183
0.089335	0.206540
0.089335	0.200650
0.089335	0.213046
0.089335	0.198433
0.089335	0.168808
0.089335	0.264465
0.089335	0.206967
0.159013	0.560027
0.159013	0.501214
0.159013	0.548081
0.159013	0.482242
0.159013	0.574250
0.159013	0.635624
0.159013	0.576390
0.159013	0.620200
0.159013	0.438666
0.093287	0.483177
0.093287	0.246270
0.093287	0.296411
0.093287	0.267102
0.093287	0.467153
0.093287	0.219060
0.093287	0.419693
0.093287	0.452460
0.026026	0.131500
0.026026	0.228641
0.026026	0.125175
0.026026	0.128563
0.094598	0.146677
0.094598	0.076522
0.094598	0.089452
0.094598	0.073462
0.094598	0.132944
0.094598	0.071282
0.094598	0.168483
0.054989	0.174864
0.054989	0.161723
0.054989	0.175744
0.054989	0.160328
0.054989	0.168138
0.054989	0.176053
0.054989	0.201240
0.054989	0.285995
0.036036	0.186842
0.036036	0.189138
0.036036	0.183355
0.036036	0.188374
0.036036	0.183853
0.036036	0.189689
0.036036	0.201346
0.036036	0.187639
0.037937	0.070950
0.037937	0.074497
0.037937	0.076588
0.037937	0.062471
0.037937	0.057754
0.037937	0.066630
0.037937	0.058617
0.037937	0.052478
0.132996	0.144471
0.132996	0.139746
0.132996	0.177041
0.132996	0.213946
0.132996	0.168009
0.132996	0.124162
0.132996	0.174946
0.132996	0.168701
0.132996	0.214477
0.049606	0.199575
0.049606	0.231815
0.049606	0.232220
0.049606	0.256495
0.049606	0.206756
0.049606	0.180726
0.049606	0.193401
0.049606	0.217436
0.030870	0.193369
0.030870	0.238060
0.030870	0.209157
0.030870	0.203562
0.030870	0.186191
0.030870	0.162297
0.030870	0.174322
0.030870	0.260511
0.030870	0.186628
0.030870	0.236591
0.050781	0.285046
0.050781	0.361859
0.050781	0.255897
0.050781	0.325700
0.050781	0.235194
0.050781	0.526292
0.050781	0.489598
0.050781	0.501370
0.050781	0.470428
0.027954	0.174896
0.027954	0.192764
0.027954	0.185989
0.027954	0.220815
0.027954	0.148350
0.027954	0.169823
0.027954	0.163041
0.027954	0.193139
0.027954	0.184586
0.027954	0.204056
0.027954	0.248854
0.027954	0.192679
0.027954	0.235181
0.027954	0.179638
0.032898	0.130961
0.032898	0.118842
0.032898	0.141710
0.032898	0.146952
0.032898	0.128572
0.032898	0.120906
0.032898	0.115276
0.032898	0.112471
0.032898	0.106597
0.032898	0.122928
0.032898	0.130144
0.042656	0.199289
0.042656	0.204238
0.042656	0.217221
0.042656	0.209818
0.042656	0.493583
0.041900	0.276662
0.041900	0.231622
0.041900	0.274057
0.041900	0.307852
0.041900	0.228615
0.041900	0.232671
0.041900	0.466566
0.041087	0.174256
0.041087	0.193797
0.041087	0.185556
0.041087	0.219057
0.041087	0.142470
0.041087	0.156241
0.041087	0.136753
0.056739	0.451059
0.056739	0.239624
0.056739	0.387405
0.056739	0.245349
0.056739	0.367639
0.056739	0.202266
0.056739	0.234925
0.056739	0.253979
0.083079	0.201276
0.083079	0.161814
0.083079	0.188908
0.083079	0.151379
0.083079	0.370430
0.083079	0.180091
0.083079	0.305938
0.083079	0.159543
0.083079	0.172057
0.083079	0.164422
0.083079	0.154281
0.083079	0.155490
0.083079	0.150636
0.083079	0.142659
0.144120	0.226681
0.144120	0.260134
0.144120	0.220441
0.144120	0.188827
0.144120	0.228019
0.144120	0.554535
0.144120	0.393352
0.144120	0.475103
0.044534	0.194086
0.044534	0.189329
0.044534	0.200824
0.044534	0.194671
0.044534	0.303182
0.042415	0.112004
0.042415	0.147790
0.042415	0.107538
0.042415	0.127669
0.042415	0.091154
0.042415	0.173538
0.042415	0.111251
0.042415	0.123919
0.059976	0.176736
0.059976	0.206661
0.059976	0.200437
0.059976	0.205348
0.059976	0.234589
0.059976	0.221176
0.059976	0.269291
0.059976	0.217435
0.059976	0.202772
0.059976	0.256815
0.059976	0.200799
0.059976	0.214567
0.032683	0.275032
0.032683	0.237457
0.032683	0.349629
0.032683	0.271919
0.032683	0.204818
0.032683	0.227696
0.032683	0.373467
0.032683	0.225342
0.032683	0.378669
0.219100	0.353584
0.219100	0.348869
0.219100	0.405902
0.219100	0.309854
0.219100	0.282010
0.219100	0.359834
0.219100	0.337951
0.219100	0.376601
0.219100	0.354633
0.219100	0.355874
0.219100	0.422860
0.021146	0.432152
0.021146	0.332395
0.021146	0.480393
0.021146	0.381692
0.021146	0.377527
0.021146	0.408923
0.021146	0.407155
0.021146	0.448142
0.021146	0.360670
0.049030	0.226139
0.049030	0.206830
0.049030	0.244330
0.049030	0.245815
0.049030	0.181571
0.049030	0.402356
0.049030	0.271036
0.080353	0.365822
0.080353	0.354966
0.080353	0.440872
0.080353	0.376138
0.080353	0.418843
0.080353	0.473425
0.080353	0.329429
0.080353	0.324308
0.080353	0.418860
0.132706	0.237983
0.132706	0.193207
0.132706	0.206643
0.132706	0.246259
0.132706	0.222611
0.070962	0.234095
0.070962	0.222828
0.070962	0.231534
0.070962	0.228393
0.070962	0.184848
0.070962	0.236990
0.070962	0.217966
0.169008	0.270012
0.169008	0.300606
0.169008	0.288868
0.169008	0.277175
0.169008	0.336779
0.169008	0.275331
0.169008	0.343099
0.169008	0.335406
0.169008	0.372922
0.169008	0.334906
0.169008	0.358925
0.156661	0.287277
0.156661	0.275766
0.156661	0.296369
0.156661	0.353142
0.156661	0.269417
0.156661	0.386586
0.156661	0.320459
0.156661	0.399716
0.138627	0.316675
0.138627	0.302051
0.138627	0.293562
0.138627	0.313439
0.138627	0.332707
0.138627	0.329492
0.138627	0.305766
0.102047	0.428988
0.102047	0.447442
0.102047	0.454452
0.102047	0.487382
0.102047	0.422722
0.102047	0.410937
0.102047	0.372037
0.102047	0.386393
0.102047	0.365853
0.176185	0.364440
0.176185	0.369150
0.176185	0.369149
0.176185	0.363045
0.176185	0.364083
0.176185	0.369859
0.176185	0.379807
0.176185	0.366520
0.176185	0.450044
0.176185	0.365108
0.176185	0.401376
0.104493	0.410721
0.104493	0.373158
0.104493	0.416373
0.104493	0.370579
0.104493	0.380537
0.104493	0.366147
0.104493	0.374954
0.104493	0.358754
0.104493	0.392047
0.145333	0.331023
0.145333	0.288496
0.145333	0.334514
0.145333	0.329243
0.080328	0.335372
0.080328	0.379826
0.080328	0.306433
0.080328	0.335341
0.080328	0.391499
0.080328	0.295265
0.080328	0.306864
0.090755	0.215257
0.090755	0.194338
0.090755	0.192254
0.090755	0.211207
0.157749	0.332674
0.157749	0.303009
0.157749	0.327468
0.157749	0.351421
0.157749	0.285250
0.157749	0.321760
0.157749	0.327987
0.157749	0.337121
0.062501	0.240958
0.062501	0.228043
0.062501	0.262619
0.062501	0.251483
0.062501	0.239922
0.062501	0.247253
0.062501	0.231000
0.147798	0.325275
0.147798	0.337295
0.147798	0.318262
0.147798	0.358391
0.147798	0.343682
0.147798	0.342898
0.219840	0.330898
0.219840	0.336921
0.219840	0.346128
0.219840	0.366839
0.219840	0.316214
0.219840	0.335023
0.219840	0.374976
0.219840	0.333938
0.086859	0.339197
0.086859	0.339390
0.086859	0.355395
0.086859	0.333138
0.086859	0.345369
0.086859	0.330804
0.086859	0.295647
0.086859	0.385363
0.086859	0.289336
0.086859	0.372216
0.086859	0.328085
0.174458	0.389465
0.174458	0.315308
0.174458	0.370496
0.174458	0.377576
0.174458	0.361301
0.174458	0.339772
0.174458	0.365523
0.174458	0.421715
0.044415	0.351525
0.044415	0.351595
0.044415	0.368921
0.044415	0.376586
0.044415	0.348631
0.044415	0.313891
0.044415	0.342620
0.044415	0.264173
0.077857	0.399496
0.077857	0.412591
0.077857	0.356582
0.077857	0.373576
0.077857	0.410363
0.077857	0.403471
0.077857	0.392669
0.077857	0.450209
0.077857	0.394190
0.077857	0.492555
0.077857	0.410251
0.077857	0.588504
0.234321	0.408542
0.234321	0.357285
0.234321	0.384723
0.234321	0.489172
0.234321	0.420778
0.234321	0.354619
0.234321	0.360365
0.234321	0.389441
0.234321	0.329262
0.126783	0.338237
0.126783	0.350482
0.126783	0.359830
0.126783	0.338002
0.126783	0.327762
0.126783	0.348528
0.126783	0.353038
0.126783	0.362346
0.126783	0.369255
0.172238	0.348498
0.172238	0.327192
0.172238	0.346084
0.172238	0.380649
0.172238	0.334042
0.172238	0.414961
0.172238	0.358478
0.172238	0.371342
0.172238	0.380528
0.157921	0.318911
0.157921	0.322501
0.157921	0.302017
0.157921	0.397027
0.157921	0.281175
0.157921	0.324401
0.157921	0.255386
0.157921	0.259543
0.157921	0.242228
0.129217	0.234092
0.129217	0.215870
0.129217	0.216773
0.129217	0.241520
0.129217	0.209377
0.129217	0.209410
0.129217	0.207255
0.129217	0.238011
0.116874	0.344787
0.116874	0.301278
0.116874	0.351634
0.116874	0.341918
0.116874	0.389693
0.116874	0.300837
0.116874	0.337798
0.116874	0.279481
0.116874	0.316042
0.116874	0.416521
0.116874	0.323749
0.060349	0.266531
0.060349	0.251575
0.060349	0.328732
0.060349	0.313385
0.060349	0.261585
0.060349	0.304331
0.060349	0.282966
0.029115	0.456536
0.029115	0.378700
0.029115	0.371476
0.029115	0.360808
0.029115	0.341230
0.029115	0.392155
0.029115	0.397876
0.029115	0.349617
0.031726	0.423495
0.031726	0.388909
0.031726	0.409354
0.031726	0.408750
0.031726	0.454763
0.031726	0.400887
0.031726	0.388225
0.031726	0.432112
0.026080	0.389688
0.026080	0.400795
0.026080	0.402749
0.026080	0.410057
0.026080	0.368558
0.026080	0.400763
0.026080	0.395829
0.026080	0.407074
0.026080	0.383755
0.030080	0.387181
0.030080	0.364153
0.030080	0.375965
0.030080	0.367772
0.030080	0.375513
0.030080	0.390428
0.030080	0.383640
0.030080	0.410801
0.030080	0.430123
0.030464	0.273363
0.030464	0.249940
0.030464	0.276125
0.030464	0.272879
0.030464	0.259277
0.030464	0.289223
0.039425	0.269483
0.039425	0.280889
0.039425	0.252297
0.039425	0.267651
0.026579	0.346065
0.026579	0.332797
0.026579	0.374575
0.026579	0.442419
0.026579	0.353205
0.026579	0.406561
0.026579	0.363203
0.026579	0.393666
0.026579	0.277248
0.039427	0.351612
0.039427	0.377670
0.039427	0.342933
0.039427	0.401661
0.039427	0.332742
0.039427	0.384586
0.039427	0.353638
0.039427	0.290599
0.039427	0.360360
0.030995	0.276774
0.030995	0.279614
0.030995	0.292679
0.030995	0.276266
0.030995	0.292240
0.030995	0.282870
0.030995	0.277286
0.030995	0.285023
0.030995	0.282491
0.030995	0.305555
0.030995	0.296446
0.103183	0.292449
0.103183	0.291626
0.103183	0.301263
0.103183	0.287752
0.103183	0.285804
0.103183	0.251772
0.199687	0.314383
0.199687	0.262414
0.199687	0.316727
0.199687	0.331707
0.199687	0.304222
0.199687	0.343013
0.199687	0.318871
0.199687	0.371287
0.199687	0.246496
0.091784	0.253527
0.091784	0.254043
0.091784	0.296717
0.091784	0.289524
0.091784	0.234176
0.091784	0.260404
0.091784	0.250589
0.091784	0.270188
0.091784	0.271836
0.091784	0.255078
0.091784	0.266143
