Ground Truth	Predictions
0.806544	0.691149
0.806544	0.637089
0.806544	0.502235
0.806544	0.548041
0.806544	0.316599
0.806544	0.371376
0.806544	0.295096
0.696761	0.690209
0.696761	0.549616
0.696761	0.451502
0.696761	0.478828
0.696761	0.673038
0.696761	0.494018
0.696761	0.555458
0.696761	0.702972
0.696761	0.587789
0.585644	0.196220
0.585644	0.127512
0.585644	0.148982
0.585644	0.150768
0.585644	0.139714
0.585644	0.150464
0.585644	0.111888
0.585644	0.234359
0.533018	0.284326
0.533018	0.258700
0.533018	0.285083
0.533018	0.283486
0.533018	0.285619
0.533018	0.301054
0.533018	0.366542
0.533018	0.436277
0.533018	0.465897
0.319766	0.182259
0.319766	0.150942
0.319766	0.179315
0.319766	0.142268
0.319766	0.108542
0.319766	0.123951
0.319766	0.116126
0.319766	0.130804
0.319766	0.110257
0.319766	0.140771
0.319766	0.135340
0.102718	0.107241
0.102718	0.088706
0.102718	0.106982
0.102718	0.099111
0.164065	0.104126
0.164065	0.083863
0.164065	0.097855
0.164065	0.096276
0.164065	0.078085
0.164065	0.080206
0.164065	0.071770
0.164065	0.075074
0.217031	0.121415
0.217031	0.124814
0.217031	0.128340
0.217031	0.141629
0.217031	0.128075
0.217031	0.137886
0.217031	0.202709
0.217031	0.231908
0.074116	0.172824
0.074116	0.152679
0.074116	0.188658
0.074116	0.196221
0.074116	0.166557
0.074116	0.169672
0.074116	0.177793
0.074116	0.173939
0.128954	0.166565
0.128954	0.184149
0.128954	0.171739
0.128954	0.218161
0.128954	0.191796
0.128954	0.209875
0.123797	0.191338
0.123797	0.237731
0.123797	0.196490
0.123797	0.228538
0.259882	0.250266
0.259882	0.236930
0.259882	0.265016
0.259882	0.392718
0.259882	0.332518
0.259882	0.283828
0.259882	0.435569
0.259882	0.262311
0.267848	0.278739
0.267848	0.277802
0.267848	0.296587
0.267848	0.263170
0.267848	0.231598
0.267848	0.299694
0.267848	0.264316
0.267848	0.351813
0.267848	0.312666
0.267008	0.237817
0.267008	0.223833
0.267008	0.226408
0.267008	0.228709
0.267008	0.221123
0.267008	0.229683
0.267008	0.226429
0.267008	0.209812
0.267008	0.266451
0.267008	0.218563
0.267008	0.229265
0.267008	0.358788
0.058785	0.122039
0.058785	0.112839
0.058785	0.120859
0.058785	0.121812
0.058785	0.086772
0.058785	0.100751
0.058785	0.098422
0.058785	0.085398
0.087924	0.159092
0.087924	0.162925
0.087924	0.180511
0.087924	0.169359
0.087924	0.171235
0.087924	0.184969
0.087924	0.253144
0.193186	0.172150
0.193186	0.145977
0.193186	0.185245
0.193186	0.178659
0.193186	0.166046
0.132787	0.366068
0.132787	0.377113
0.132787	0.398923
0.132787	0.401995
0.132787	0.399544
0.132787	0.422354
0.132787	0.384982
0.132787	0.420617
0.132787	0.439740
0.149899	0.364274
0.149899	0.335475
0.149899	0.344937
0.149899	0.503255
0.149899	0.501461
0.068006	0.501429
0.068006	0.442802
0.068006	0.437930
0.068006	0.479151
0.068006	0.454078
0.068006	0.419319
0.068006	0.448392
0.068006	0.480787
0.068006	0.479911
0.068006	0.452739
0.068006	0.474869
0.179999	0.353542
0.179999	0.357793
0.179999	0.301748
0.179999	0.384275
0.258822	0.337950
0.258822	0.331142
0.258822	0.322804
0.258822	0.336945
0.258822	0.292751
0.258822	0.317220
0.258822	0.325156
0.258822	0.325616
0.258822	0.381390
0.258822	0.371016
0.258822	0.445151
0.230251	0.340969
0.230251	0.328674
0.230251	0.343129
0.230251	0.338247
0.230251	0.353983
0.230251	0.389937
0.230251	0.483237
0.230251	0.423527
0.230251	0.321239
0.143515	0.166091
0.143515	0.146619
0.143515	0.160756
0.143515	0.199694
0.143515	0.112109
0.143515	0.110976
0.143515	0.142325
0.057055	0.175996
0.057055	0.174337
0.057055	0.167540
0.057055	0.176006
0.057055	0.188165
0.057055	0.184873
0.057055	0.202805
0.057055	0.274780
0.068397	0.155027
0.068397	0.142912
0.068397	0.165711
0.068397	0.163357
0.068397	0.128204
0.289335	0.207179
0.289335	0.217171
0.289335	0.240790
0.289335	0.281944
0.289335	0.258892
0.289335	0.226883
0.122751	0.228957
0.122751	0.238136
0.122751	0.230521
0.122751	0.202252
0.122751	0.259704
0.330249	0.305668
0.330249	0.248371
0.330249	0.268400
0.330249	0.359197
0.330249	0.306462
0.330249	0.275915
0.278672	0.270242
0.278672	0.242963
0.278672	0.265062
0.278672	0.271943
0.278672	0.395431
0.278672	0.350531
0.356051	0.244826
0.356051	0.197531
0.356051	0.239450
0.356051	0.344650
0.356051	0.209100
0.356051	0.262697
0.356051	0.198458
0.356051	0.296987
0.403047	0.363546
0.403047	0.393184
0.403047	0.391771
0.403047	0.367697
0.403047	0.467813
0.403047	0.399712
0.403047	0.487431
0.403047	0.449444
0.403047	0.508714
0.337813	0.435640
0.337813	0.392223
0.337813	0.393986
0.337813	0.399887
0.337813	0.511553
0.337813	0.589067
0.337813	0.544898
0.337813	0.575983
0.337813	0.484484
0.161599	0.394444
0.161599	0.357487
0.161599	0.381791
0.161599	0.370051
0.161599	0.344007
0.161599	0.415979
0.161599	0.444510
0.161599	0.473034
0.161599	0.389807
0.072592	0.281288
0.072592	0.251998
0.072592	0.269558
0.072592	0.253657
0.072592	0.234339
0.072592	0.262870
0.072592	0.280834
0.072592	0.301646
0.072592	0.347614
0.372264	0.168984
0.372264	0.172959
0.372264	0.158642
0.372264	0.230687
0.372264	0.229203
0.372264	0.184383
0.372264	0.364612
0.372264	0.606758
0.113199	0.195642
0.113199	0.178353
0.113199	0.207095
0.113199	0.193689
0.113199	0.171186
0.113199	0.186717
0.113199	0.175117
0.113199	0.182507
0.113199	0.173053
0.113199	0.184388
0.113199	0.171200
0.113199	0.167140
0.113199	0.152290
0.113199	0.152631
0.110011	0.141741
0.110011	0.137267
0.110011	0.150448
0.110011	0.146092
0.110011	0.155021
0.110011	0.339076
0.110011	0.135402
0.570032	0.111982
0.570032	0.090439
0.570032	0.121478
0.570032	0.294951
0.570032	0.097159
0.570032	0.123663
0.570032	0.107246
0.570032	0.099771
0.268053	0.241648
0.268053	0.264386
0.268053	0.277310
0.268053	0.243422
0.268053	0.316750
0.268053	0.259353
0.268053	0.293758
0.268053	0.442060
0.268053	0.463221
0.553216	0.428691
0.553216	0.230677
0.553216	0.289604
0.553216	0.476527
0.553216	0.386167
0.553216	0.413328
0.553216	0.418967
0.553216	0.387537
0.553216	0.255224
0.442955	0.281580
0.442955	0.293984
0.442955	0.290919
0.442955	0.465972
0.442955	0.305770
0.442955	0.277188
0.442955	0.252419
0.552586	0.381991
0.552586	0.533813
0.552586	0.391388
0.552586	0.379895
0.552586	0.467891
0.552586	0.435029
0.552586	0.547555
0.645775	0.536627
0.645775	0.455697
0.645775	0.440881
0.645775	0.471734
0.645775	0.502333
0.645775	0.584598
0.645775	0.635339
0.645775	0.549338
0.399178	0.477078
0.399178	0.491118
0.399178	0.486077
0.399178	0.493220
0.399178	0.481261
0.399178	0.508179
0.399178	0.469737
0.399178	0.493037
0.399178	0.447735
0.660748	0.345286
0.660748	0.334703
0.660748	0.344228
0.660748	0.375609
0.660748	0.417342
0.547982	0.322328
0.547982	0.382841
0.547982	0.360907
0.547982	0.367885
0.496049	0.299384
0.496049	0.295228
0.496049	0.364110
0.496049	0.355091
0.496049	0.259947
0.496049	0.287847
0.519821	0.251245
0.519821	0.196501
0.519821	0.215769
0.519821	0.191618
0.519821	0.277423
0.275380	0.184846
0.275380	0.154526
0.275380	0.162158
0.275380	0.175877
0.275380	0.155441
0.255971	0.126286
0.255971	0.124031
0.255971	0.124923
0.255971	0.108667
0.255971	0.112129
0.255971	0.116446
0.255971	0.084580
0.188525	0.111743
0.188525	0.088636
0.188525	0.115947
0.188525	0.104999
0.188525	0.112588
0.188525	0.145183
0.227574	0.094872
0.227574	0.076730
0.227574	0.086156
0.227574	0.084013
0.227574	0.072032
0.227574	0.082106
0.227574	0.083361
0.227574	0.084612
0.184702	0.282205
0.184702	0.240763
0.184702	0.287207
0.184702	0.319234
0.184702	0.262591
0.184702	0.281400
0.184702	0.339188
0.184702	0.351077
0.184702	0.390817
0.184702	0.457141
0.184702	0.492605
0.154046	0.152881
0.154046	0.151330
0.154046	0.195981
0.154046	0.199026
0.154046	0.132630
0.154046	0.180312
0.220356	0.381968
0.220356	0.589457
0.220356	0.397984
0.220356	0.543172
0.220356	0.599281
0.220356	0.383412
0.220356	0.376355
0.220356	0.487102
0.220356	0.348287
0.220356	0.399810
0.369999	0.301996
0.369999	0.348601
0.369999	0.380304
0.369999	0.394080
0.369999	0.303072
0.369999	0.276832
0.369999	0.347654
0.369999	0.467869
0.260705	0.243999
0.260705	0.349085
0.260705	0.238144
0.260705	0.353825
0.320073	0.379760
0.320073	0.375715
0.320073	0.384547
0.320073	0.356659
0.320073	0.333734
0.320073	0.381012
0.320073	0.360188
0.320073	0.406348
0.320073	0.386905
0.320073	0.494183
0.320073	0.477638
0.087477	0.234459
0.087477	0.220799
0.087477	0.232270
0.087477	0.250474
0.087477	0.225330
0.087477	0.242498
0.087477	0.250942
0.087477	0.221141
0.087477	0.266034
0.087477	0.249620
0.087477	0.262681
0.087477	0.433238
0.064481	0.100892
0.064481	0.113786
0.064481	0.124919
0.064481	0.121782
0.064481	0.089671
0.064481	0.109692
0.064481	0.102657
0.064481	0.092242
0.089571	0.114722
0.089571	0.099304
0.089571	0.132432
0.089571	0.125964
0.089571	0.128918
0.098287	0.139498
0.098287	0.141949
0.098287	0.165876
0.098287	0.163819
0.098287	0.141743
0.253200	0.251234
0.253200	0.239148
0.253200	0.229892
0.253200	0.259636
0.253200	0.392509
0.253200	0.229412
0.253200	0.234482
0.253200	0.325885
0.155527	0.297564
0.155527	0.269002
0.155527	0.288557
0.155527	0.340270
0.155527	0.317667
0.155527	0.351046
0.155527	0.327681
0.155527	0.359140
0.155527	0.228920
0.374290	0.277406
0.374290	0.294470
0.374290	0.309341
0.374290	0.382701
0.374290	0.335855
0.374290	0.269304
0.374290	0.311132
0.374290	0.318162
0.094647	0.184995
0.094647	0.176328
0.094647	0.198815
0.094647	0.186774
0.364455	0.242534
0.364455	0.277325
0.364455	0.234882
0.364455	0.243860
0.364455	0.270272
0.364455	0.265011
0.364455	0.236352
0.364455	0.272608
0.132889	0.161642
0.132889	0.126935
0.132889	0.144474
0.132889	0.243414
0.132889	0.141628
0.132889	0.106702
0.132889	0.124318
0.273529	0.156905
0.273529	0.179234
0.273529	0.164318
0.273529	0.152307
0.273529	0.192574
0.273529	0.255415
0.273529	0.285837
0.223168	0.160096
0.223168	0.148703
0.223168	0.152916
0.223168	0.156797
0.223168	0.132482
0.223168	0.120996
0.194070	0.366261
0.194070	0.323552
0.194070	0.384505
0.194070	0.387952
0.194070	0.376450
0.194070	0.435393
0.194070	0.381105
0.194070	0.428798
0.194070	0.383064
0.206519	0.434087
0.206519	0.453266
0.206519	0.425911
0.206519	0.405993
0.206519	0.430920
0.206519	0.478983
0.206519	0.423761
0.206519	0.443056
0.206519	0.436948
0.206519	0.499856
0.206519	0.488474
0.253282	0.458284
0.253282	0.424698
0.253282	0.443113
0.253282	0.551451
0.253282	0.522246
0.253282	0.431044
0.253282	0.439730
0.253282	0.462307
0.253282	0.459450
0.185380	0.343944
0.185380	0.316215
0.185380	0.330822
0.185380	0.366210
0.185380	0.335218
0.185380	0.373896
0.185380	0.378762
0.235283	0.304321
0.235283	0.247228
0.235283	0.292043
0.235283	0.432622
0.235283	0.245383
0.235283	0.468000
0.235283	0.351963
0.290753	0.236324
0.290753	0.340999
0.290753	0.245322
0.290753	0.230908
0.291863	0.272035
0.291863	0.236826
0.291863	0.255144
0.291863	0.266303
0.291863	0.294491
0.291863	0.279602
0.291863	0.322463
0.189671	0.255014
0.189671	0.241778
0.189671	0.231978
0.189671	0.226758
0.189671	0.249984
0.189671	0.256441
0.189671	0.287570
0.189671	0.301067
0.122660	0.142987
0.122660	0.130341
0.122660	0.136078
0.122660	0.132730
0.122660	0.133313
0.122660	0.141177
0.432206	0.273845
0.432206	0.260053
0.432206	0.272434
0.432206	0.279571
0.432206	0.279840
0.432206	0.309661
0.432206	0.344725
0.432206	0.312312
0.432206	0.323925
0.432206	0.374689
0.432206	0.354143
0.138993	0.134157
0.138993	0.132503
0.138993	0.138734
0.138993	0.128902
0.138993	0.129076
0.138993	0.125357
0.138993	0.121581
0.138993	0.127948
0.138993	0.117912
0.138993	0.138729
0.138993	0.139221
0.459255	0.142197
0.459255	0.132700
0.459255	0.137284
0.459255	0.134860
0.459255	0.161073
0.459255	0.140132
0.459255	0.155043
0.459255	0.229320
0.559074	0.113419
0.559074	0.087938
0.559074	0.119545
0.559074	0.120127
0.559074	0.086334
0.559074	0.084841
0.559074	0.076949
0.559074	0.079546
0.574154	0.107844
0.574154	0.124464
0.574154	0.121120
0.574154	0.115700
0.574154	0.130812
0.574154	0.211693
0.574154	0.192603
0.679802	0.127494
0.679802	0.112748
0.679802	0.135853
0.679802	0.154373
0.679802	0.108899
0.431323	0.232567
0.431323	0.263569
0.431323	0.245982
0.431323	0.278341
0.431323	0.209774
0.431323	0.250191
0.431323	0.246557
0.431323	0.263639
0.431323	0.256510
0.431323	0.246024
0.480830	0.275027
0.480830	0.273596
0.480830	0.277308
0.480830	0.267468
0.480830	0.273654
0.480830	0.256436
0.480830	0.275955
0.480830	0.204314
0.226722	0.257600
0.226722	0.242180
0.226722	0.250549
0.226722	0.310702
0.226722	0.252986
0.226722	0.261525
0.226722	0.248825
0.226722	0.229325
0.387229	0.139153
0.387229	0.122880
0.387229	0.129815
0.387229	0.175560
0.259915	0.273544
0.259915	0.257974
0.259915	0.280749
0.259915	0.262659
0.259915	0.245490
0.259915	0.276190
0.259915	0.231317
0.259915	0.331688
0.259915	0.271168
0.259915	0.323076
0.259915	0.433355
0.384942	0.145449
0.384942	0.143525
0.384942	0.147879
0.384942	0.143195
0.384942	0.139405
0.384942	0.139284
0.384942	0.139617
0.384942	0.124088
0.384942	0.141106
0.384942	0.132375
0.384942	0.127686
0.384942	0.132248
0.384942	0.120867
0.384942	0.122002
0.169405	0.111712
0.169405	0.087144
0.169405	0.112460
0.169405	0.122588
0.169405	0.119573
0.169405	0.137162
0.138436	0.114191
0.138436	0.086006
0.138436	0.094897
0.138436	0.099471
0.138436	0.074854
0.138436	0.079807
0.138436	0.077177
0.138436	0.085370
0.229507	0.180736
0.229507	0.178093
0.229507	0.178786
0.229507	0.187048
0.229507	0.189807
0.229507	0.195995
0.229507	0.241757
0.229507	0.258812
0.229507	0.257994
0.055117	0.136117
0.055117	0.125016
0.055117	0.157385
0.055117	0.154521
0.055117	0.128477
0.055117	0.156389
0.391082	0.251528
0.391082	0.358634
0.391082	0.294307
0.391082	0.369990
0.391082	0.256005
0.391082	0.371598
0.391082	0.323106
0.391082	0.284592
0.391082	0.348660
0.229862	0.195335
0.229862	0.215312
0.229862	0.191819
0.229862	0.239361
0.229862	0.232269
0.080986	0.279858
0.080986	0.288150
0.080986	0.293744
0.080986	0.343487
0.080986	0.297000
0.080986	0.270780
0.080986	0.325953
0.080986	0.269637
0.080986	0.351801
0.080986	0.303938
0.264186	0.322586
0.264186	0.301489
0.264186	0.330606
0.264186	0.425472
0.264186	0.372158
0.264186	0.447313
0.264186	0.351668
0.264186	0.349793
0.264186	0.306881
0.264186	0.374413
0.264186	0.391235
0.163147	0.288071
0.163147	0.305753
0.163147	0.330351
0.163147	0.286613
0.163147	0.277386
0.163147	0.324919
0.163147	0.288687
0.163147	0.353203
0.163147	0.336693
0.163147	0.405822
0.163147	0.406723
0.193547	0.206399
0.193547	0.198026
0.193547	0.190111
0.193547	0.203611
0.193547	0.194714
0.193547	0.206957
0.193547	0.201977
0.193547	0.191477
0.193547	0.239146
0.193547	0.200954
0.193547	0.197778
0.193547	0.287679
0.104586	0.130189
0.104586	0.116995
0.104586	0.122863
0.104586	0.125574
0.104586	0.109586
0.104586	0.116688
0.104586	0.117606
0.104586	0.116394
0.104586	0.117571
0.104586	0.110847
0.104586	0.121668
0.062104	0.102209
0.062104	0.090135
0.062104	0.129031
0.062104	0.122098
0.093552	0.167327
0.093552	0.237117
0.093552	0.167801
0.093552	0.175801
0.092405	0.215035
0.092405	0.174641
0.092405	0.198684
0.092405	0.201231
0.092405	0.224299
0.092405	0.247396
0.092405	0.251458
0.308479	0.280115
0.308479	0.255988
0.308479	0.283421
0.308479	0.244473
0.308479	0.274438
0.308479	0.309986
0.308479	0.269136
0.308479	0.301381
0.308479	0.372681
0.190396	0.278120
0.190396	0.233971
0.190396	0.273843
0.190396	0.392195
0.190396	0.478527
0.190396	0.288483
0.190396	0.286316
0.190396	0.279625
0.144010	0.345659
0.144010	0.369187
0.144010	0.363893
0.144010	0.464231
0.144010	0.412670
0.144010	0.344731
0.144010	0.293192
0.144010	0.372945
0.144010	0.327486
0.144010	0.343202
0.144010	0.387225
0.095795	0.166255
0.095795	0.155135
0.095795	0.155889
0.095795	0.227169
0.095795	0.141666
0.095795	0.140480
0.095795	0.125326
0.095795	0.144053
0.103000	0.153380
0.103000	0.143730
0.103000	0.155836
0.103000	0.154843
0.103000	0.196715
0.103000	0.176945
0.076611	0.157367
0.076611	0.140986
0.076611	0.159833
0.076611	0.148966
0.076611	0.131931
0.076611	0.130789
0.160888	0.217045
0.160888	0.204222
0.160888	0.228213
0.160888	0.298519
0.160888	0.273916
0.160888	0.240247
0.160888	0.256080
0.160888	0.250237
0.160888	0.253450
0.160888	0.283433
0.160888	0.296889
0.113975	0.208191
0.113975	0.243044
0.113975	0.203830
0.113975	0.196332
0.113975	0.284405
0.038597	0.386992
0.038597	0.311097
0.038597	0.309567
0.038597	0.403031
0.038597	0.385326
0.038597	0.357103
0.038597	0.321638
0.038597	0.301448
0.038597	0.380661
0.122402	0.236543
0.122402	0.258338
0.122402	0.232054
0.122402	0.241394
0.122402	0.252693
0.122402	0.292029
0.122402	0.249174
0.120180	0.204070
0.120180	0.156399
0.120180	0.181295
0.120180	0.220073
0.120180	0.200215
0.120180	0.165673
0.120180	0.193778
0.238678	0.217148
0.238678	0.219219
0.238678	0.219177
0.238678	0.208386
0.238678	0.252983
0.238678	0.254847
0.184977	0.226702
0.184977	0.212365
0.184977	0.225367
0.184977	0.219279
0.184977	0.288854
0.184977	0.232266
0.184977	0.245662
0.169073	0.187000
0.169073	0.174244
0.169073	0.186567
0.169073	0.182634
0.169073	0.262704
0.233426	0.238148
0.233426	0.198931
0.233426	0.225009
0.233426	0.226201
0.233426	0.209556
0.233426	0.227700
0.233426	0.215458
0.233426	0.187963
0.233426	0.286952
0.190019	0.207094
0.190019	0.183831
0.190019	0.194284
0.190019	0.228043
0.190019	0.198122
0.190019	0.193475
0.190019	0.210256
0.190019	0.258801
0.190019	0.287704
0.063229	0.155808
0.063229	0.148566
0.063229	0.147564
0.063229	0.145143
0.063229	0.143314
0.063229	0.144870
0.063229	0.141134
0.063229	0.143315
0.063229	0.141875
0.063229	0.146381
0.063229	0.129657
0.063229	0.143538
0.063229	0.133050
0.063229	0.137155
0.211881	0.114822
0.211881	0.110731
0.211881	0.108511
0.211881	0.122790
0.211881	0.180043
0.211881	0.292186
0.255920	0.097722
0.255920	0.060419
0.255920	0.095369
0.255920	0.118417
0.255920	0.072804
0.255920	0.053993
0.255920	0.039804
0.368120	0.195473
0.368120	0.207609
0.368120	0.213788
0.368120	0.208342
0.368120	0.284180
0.368120	0.286430
0.368120	0.216058
0.368120	0.296343
0.368120	0.288537
0.368120	0.223528
0.453346	0.119862
0.453346	0.106623
0.453346	0.143147
0.453346	0.197808
0.453346	0.153893
0.453346	0.101255
0.453346	0.137631
0.453346	0.112593
0.482223	0.154107
0.482223	0.175334
0.482223	0.214442
0.482223	0.270811
0.482223	0.212792
0.523746	0.197904
0.523746	0.280204
0.523746	0.253296
0.523746	0.249987
0.523746	0.337329
0.523746	0.185384
0.523746	0.148847
0.523746	0.253905
0.202924	0.516815
0.202924	0.445918
0.202924	0.399785
0.202924	0.517282
0.202924	0.545442
0.202924	0.415435
0.202924	0.456019
0.202924	0.489641
0.202924	0.320473
0.202924	0.361727
0.170877	0.271557
0.170877	0.263811
0.170877	0.298703
0.170877	0.276783
0.170877	0.280509
0.170877	0.233139
0.170877	0.194853
0.208272	0.419993
0.208272	0.449533
0.208272	0.458256
0.208272	0.584174
0.208272	0.439588
0.208272	0.463055
0.208272	0.439110
0.208272	0.407407
0.208272	0.495605
0.239576	0.140444
0.239576	0.149621
0.239576	0.179386
0.239576	0.163452
0.239576	0.119641
0.239576	0.154726
0.239576	0.097974
0.082225	0.267770
0.082225	0.198236
0.082225	0.305354
0.082225	0.286415
0.082225	0.303537
0.082225	0.272610
0.082225	0.300783
0.082225	0.451161
0.040990	0.197541
0.040990	0.154643
0.040990	0.172929
0.040990	0.154891
0.040990	0.139227
0.040990	0.155495
0.040990	0.155057
0.040990	0.158271
0.124484	0.290133
0.124484	0.244840
0.124484	0.249142
0.124484	0.278034
0.124484	0.280197
0.124484	0.303519
0.124484	0.280447
0.124484	0.317360
0.124484	0.372829
0.124484	0.417135
0.124484	0.353795
0.124484	0.351616
0.084378	0.190702
0.084378	0.176033
0.084378	0.221273
0.084378	0.212929
0.084378	0.176702
0.084378	0.192257
0.110395	0.236131
0.110395	0.264953
0.110395	0.265278
0.110395	0.306714
0.110395	0.244180
0.110395	0.481260
0.110395	0.239283
0.070129	0.320453
0.070129	0.315589
0.070129	0.338782
0.070129	0.376777
0.070129	0.305501
0.070129	0.309374
0.070129	0.376815
0.239104	0.423381
0.239104	0.415803
0.239104	0.439968
0.239104	0.464757
0.239104	0.419914
0.239104	0.411041
0.239104	0.459948
0.239104	0.447834
0.239104	0.422137
0.239104	0.440930
0.239104	0.451601
0.071147	0.406853
0.071147	0.387884
0.071147	0.405750
0.071147	0.487531
0.071147	0.445792
0.071147	0.414119
0.071147	0.477792
0.071147	0.526854
0.071147	0.334680
0.077990	0.393855
0.077990	0.384989
0.077990	0.406056
0.077990	0.377657
0.077990	0.340410
0.077990	0.443484
0.077990	0.363450
0.077990	0.418092
0.077990	0.400658
0.077990	0.475833
0.077990	0.390893
0.065961	0.301443
0.065961	0.255155
0.065961	0.282493
0.065961	0.287457
0.065961	0.294743
0.065961	0.335167
0.065961	0.296138
0.065961	0.317983
0.065961	0.365018
0.065961	0.320302
0.065961	0.325155
0.065961	0.463739
0.035038	0.079154
0.035038	0.074078
0.035038	0.088849
0.035038	0.104284
0.035038	0.064999
0.173490	0.175646
0.173490	0.163321
0.173490	0.188679
0.173490	0.172325
0.173490	0.172858
0.173490	0.180333
0.173490	0.219260
0.173490	0.181769
0.173490	0.375465
0.173490	0.232056
0.217515	0.133797
0.217515	0.135617
0.217515	0.167828
0.217515	0.171939
0.217515	0.146638
0.217515	0.185420
0.217515	0.139852
0.217515	0.214902
0.349720	0.171205
0.349720	0.183604
0.349720	0.224529
0.349720	0.299932
0.349720	0.179564
0.349720	0.207484
0.402347	0.251175
0.402347	0.278306
0.402347	0.232860
0.402347	0.291943
0.402347	0.380796
0.838269	0.494215
0.838269	0.483713
0.838269	0.436915
0.838269	0.443620
0.838269	0.489161
0.838269	0.407003
0.838269	0.451019
0.838269	0.453475
0.838269	0.434016
0.838269	0.467287
0.838269	0.486536
0.717103	0.386696
0.717103	0.431110
0.717103	0.400548
0.717103	0.423737
0.717103	0.374338
0.717103	0.340410
0.717103	0.412084
0.368594	0.294274
0.368594	0.303736
0.368594	0.284615
0.368594	0.373266
0.368594	0.308942
0.335840	0.307421
0.335840	0.315420
0.335840	0.304371
0.335840	0.370163
0.335840	0.360575
0.335840	0.277381
0.335840	0.344655
0.335840	0.339384
0.170907	0.297559
0.170907	0.234347
0.170907	0.253502
0.170907	0.271615
0.170907	0.276208
0.170907	0.243054
0.170907	0.259327
0.170907	0.333122
0.170907	0.264424
0.056439	0.130542
0.056439	0.112986
0.056439	0.116651
0.056439	0.126636
0.056439	0.092945
0.056439	0.100337
0.056439	0.087411
0.056439	0.082879
0.179427	0.113950
0.179427	0.133985
0.179427	0.128376
0.179427	0.110803
0.179427	0.129093
0.101212	0.212763
0.101212	0.190349
0.101212	0.223279
0.101212	0.233395
0.101212	0.183231
0.101212	0.169897
0.101212	0.166400
0.404697	0.310675
0.404697	0.333351
0.404697	0.356393
0.404697	0.410861
0.404697	0.394397
0.404697	0.370112
0.404697	0.383671
0.404697	0.363669
0.243842	0.327860
0.243842	0.398893
0.243842	0.342465
0.243842	0.329813
0.243842	0.321686
0.243842	0.377757
0.243842	0.335164
0.243842	0.400722
0.243842	0.384877
0.243842	0.355971
0.243842	0.483657
0.144049	0.304582
0.144049	0.237018
0.144049	0.263037
0.144049	0.359450
0.144049	0.337112
0.144049	0.244429
0.144049	0.269777
0.144049	0.252551
0.214426	0.143780
0.214426	0.136805
0.214426	0.151761
0.214426	0.124483
0.214426	0.152703
0.214426	0.259446
0.214426	0.163417
0.080166	0.167733
0.080166	0.151958
0.080166	0.220390
0.080166	0.244519
0.080166	0.159231
0.080166	0.448194
0.080166	0.380001
0.577107	0.246407
0.577107	0.278682
0.577107	0.267652
0.577107	0.247463
0.577107	0.309950
0.577107	0.228330
0.577107	0.221485
0.577107	0.215299
0.577107	0.354827
0.577107	0.236215
0.577107	0.223621
0.577107	0.304175
0.577107	0.458014
0.577107	0.365550
0.270966	0.124499
0.270966	0.172436
0.270966	0.136561
0.270966	0.164525
0.138696	0.226776
0.138696	0.134718
0.138696	0.167385
0.138696	0.154497
0.138696	0.168803
0.138696	0.179823
0.138696	0.224027
0.165589	0.295245
0.165589	0.231062
0.165589	0.245112
0.165589	0.218181
0.165589	0.190495
0.165589	0.228339
0.165589	0.294965
0.165589	0.383618
0.153553	0.125079
0.153553	0.083922
0.153553	0.108375
0.153553	0.135047
0.153553	0.101398
0.153553	0.149892
0.154436	0.204159
0.154436	0.183520
0.154436	0.139028
0.154436	0.193421
0.154436	0.275377
0.154436	0.232520
0.154436	0.178764
0.154436	0.242196
0.067332	0.106428
0.067332	0.099928
0.067332	0.108373
0.067332	0.101517
0.067332	0.074792
0.067332	0.075704
0.067332	0.075835
0.067332	0.103996
0.124073	0.172380
0.124073	0.173772
0.124073	0.181857
0.124073	0.223275
0.124073	0.184146
0.124073	0.258174
0.124073	0.288862
0.204336	0.180105
0.204336	0.167919
0.204336	0.185366
0.204336	0.196547
0.204336	0.199271
0.204336	0.152359
0.204336	0.227785
0.204336	0.177787
0.117439	0.200444
0.117439	0.193577
0.117439	0.230977
0.117439	0.183034
0.117439	0.472552
0.191058	0.446278
0.191058	0.308639
0.191058	0.398226
0.191058	0.643024
0.191058	0.621963
0.191058	0.439356
0.191058	0.539308
0.191058	0.649273
0.191058	0.522452
0.191058	0.536749
0.191058	0.484058
0.236087	0.517777
0.236087	0.526128
0.236087	0.470043
0.236087	0.426059
0.236087	0.448836
0.236087	0.523419
0.236087	0.374436
0.236087	0.432953
0.236087	0.422485
0.336767	0.574444
0.336767	0.496040
0.336767	0.468690
0.336767	0.693581
0.336767	0.455493
0.336767	0.349407
0.336767	0.346649
0.336767	0.597215
0.350128	0.396500
0.350128	0.393053
0.350128	0.413728
0.350128	0.493073
0.350128	0.422353
0.350128	0.307208
0.350128	0.300013
0.350128	0.707816
0.350128	0.280737
0.348025	0.434802
0.348025	0.437895
0.348025	0.466416
0.348025	0.545367
0.348025	0.403844
0.348025	0.465021
0.348025	0.405538
0.348025	0.459272
0.348025	0.376193
0.348025	0.432354
0.348025	0.482635
0.218161	0.187024
0.218161	0.195594
0.218161	0.189385
0.218161	0.184183
0.218161	0.190023
0.218161	0.201809
0.218161	0.216517
0.218161	0.288207
0.218161	0.409213
0.218161	0.242359
0.218161	0.250791
0.218161	0.207834
0.067155	0.155464
0.067155	0.143647
0.067155	0.148649
0.067155	0.163965
0.067155	0.145552
0.067155	0.167017
0.047709	0.135363
0.047709	0.135439
0.047709	0.139510
0.047709	0.137827
0.047709	0.122864
0.047709	0.115514
0.047709	0.120255
0.117672	0.325309
0.117672	0.277682
0.117672	0.349751
0.117672	0.365559
0.117672	0.342845
0.117672	0.356983
0.117672	0.387731
0.117672	0.532840
0.117672	0.635261
0.056421	0.110370
0.056421	0.100637
0.056421	0.122652
0.056421	0.114741
0.056421	0.104712
0.056421	0.122498
0.056421	0.088174
0.061274	0.190960
0.061274	0.158499
0.061274	0.181712
0.061274	0.232413
0.061274	0.200738
0.106148	0.281926
0.106148	0.306348
0.106148	0.258550
0.106148	0.281179
0.106148	0.280453
0.106148	0.217297
0.106148	0.209250
0.106148	0.234823
0.196774	0.292768
0.196774	0.283531
0.196774	0.288663
0.196774	0.315912
0.196774	0.414714
0.196774	0.280626
0.196774	0.432601
0.196774	0.301382
0.196774	0.297852
0.196774	0.369736
0.145811	0.625968
0.145811	0.561670
0.145811	0.591585
0.145811	0.582343
0.145811	0.524395
0.145811	0.606165
0.145811	0.543996
0.145811	0.490109
0.145811	0.443594
0.145811	0.485499
0.145811	0.508612
0.103234	0.268561
0.103234	0.264683
0.103234	0.294122
0.103234	0.264698
0.103234	0.300642
0.103234	0.422756
0.103234	0.384448
0.103234	0.387227
0.103234	0.549335
0.103234	0.473434
0.103234	0.637008
0.064909	0.162995
0.064909	0.157542
0.064909	0.171343
0.064909	0.162271
0.064909	0.141027
0.064909	0.152005
0.064909	0.158641
0.064909	0.144112
0.328969	0.431008
0.328969	0.372766
0.328969	0.384196
0.328969	0.417504
0.328969	0.399572
0.328969	0.340923
0.328969	0.356542
0.328969	0.359284
0.328969	0.346987
0.328969	0.416266
0.328969	0.372774
0.205844	0.284810
0.205844	0.273233
0.205844	0.321145
0.205844	0.321351
0.205844	0.289153
0.205844	0.304885
0.205844	0.299678
0.205844	0.338802
0.205844	0.335681
0.205844	0.322183
0.382095	0.339552
0.382095	0.345813
0.382095	0.377231
0.382095	0.503114
0.382095	0.378064
0.382095	0.335538
0.382095	0.340096
0.382095	0.314777
0.071673	0.179941
0.071673	0.170006
0.071673	0.216547
0.071673	0.224576
0.601830	0.507824
0.601830	0.544931
0.601830	0.568024
0.601830	0.554935
0.601830	0.569163
0.601830	0.620024
0.601830	0.484063
0.601830	0.413164
0.601830	0.367173
0.601830	0.415414
0.601830	0.307740
0.147629	0.315483
0.147629	0.243228
0.147629	0.296478
0.147629	0.355903
0.147629	0.289827
0.147629	0.316986
0.147629	0.281956
0.147629	0.237590
0.156826	0.285862
0.156826	0.257518
0.156826	0.304872
0.156826	0.301733
0.156826	0.274414
0.156826	0.304308
0.156826	0.258115
0.271701	0.286244
0.271701	0.296660
0.271701	0.304358
0.271701	0.371076
0.271701	0.373436
0.305924	0.451787
0.305924	0.503064
0.305924	0.573431
0.305924	0.609396
0.305924	0.495474
0.305924	0.408408
0.305924	0.495516
0.305924	0.393336
0.305924	0.606049
0.305924	0.629907
0.305924	0.385825
0.193772	0.369458
0.193772	0.288705
0.193772	0.358035
0.193772	0.375981
0.193772	0.400729
0.193772	0.516663
0.193772	0.437382
0.146788	0.534316
0.146788	0.471527
0.146788	0.546236
0.146788	0.469342
0.146788	0.482613
0.146788	0.416739
0.146788	0.374394
0.146788	0.448718
0.146788	0.474814
0.255033	0.293504
0.255033	0.319618
0.255033	0.277749
0.255033	0.282553
0.255033	0.299432
0.255033	0.177412
0.255033	0.257797
0.097662	0.240781
0.097662	0.215699
0.097662	0.227486
0.097662	0.246912
0.097662	0.217849
0.094100	0.207931
0.094100	0.172679
0.094100	0.184375
0.094100	0.183756
0.094100	0.170395
0.094100	0.205397
0.094100	0.176832
0.126925	0.155717
0.126925	0.146503
0.126925	0.157086
0.126925	0.159179
0.112053	0.179150
0.112053	0.167047
0.112053	0.164657
0.112053	0.148139
0.112053	0.113232
0.112053	0.119108
0.112053	0.111913
0.112053	0.118225
0.112053	0.129258
0.112053	0.118885
0.112053	0.123906
0.112053	0.120007
0.404862	0.096681
0.404862	0.084825
0.404862	0.087016
0.404862	0.086659
0.404862	0.097110
0.404862	0.112923
0.404862	0.085861
0.328941	0.089465
0.328941	0.073557
0.328941	0.083285
0.328941	0.080117
0.328941	0.090917
0.328941	0.095689
0.328941	0.122792
0.328941	0.079234
0.487816	0.173154
0.487816	0.166320
0.487816	0.177645
0.487816	0.182975
0.487816	0.176458
0.487816	0.187403
0.487816	0.194937
0.487816	0.202009
0.487816	0.205826
0.616162	0.128789
0.616162	0.117009
0.616162	0.146618
0.616162	0.165473
0.616162	0.109862
0.616162	0.131421
0.616162	0.118751
0.616162	0.117991
0.616162	0.127242
0.616162	0.120872
0.616162	0.126944
0.651240	0.289365
0.651240	0.284324
0.651240	0.329157
0.651240	0.313478
0.651240	0.291445
0.651240	0.312287
0.651240	0.400783
0.651240	0.271420
0.651240	0.331241
0.651240	0.364675
0.651240	0.385925
0.648468	0.233743
0.648468	0.237488
0.648468	0.260094
0.648468	0.270349
0.648468	0.304177
0.648468	0.424911
0.552469	0.229022
0.552469	0.337833
0.552469	0.225751
0.552469	0.440977
0.284878	0.305754
0.284878	0.303777
0.284878	0.290318
0.284878	0.252618
0.284878	0.287370
0.284878	0.340793
0.284878	0.256674
0.284878	0.455141
0.284878	0.428823
0.138044	0.144195
0.138044	0.136828
0.138044	0.136238
0.138044	0.132190
0.138044	0.109923
0.138044	0.090970
0.138044	0.073615
0.130927	0.139669
0.130927	0.086922
0.130927	0.123685
0.130927	0.105525
0.130927	0.137983
0.062976	0.131057
0.062976	0.085104
0.062976	0.097559
0.062976	0.116945
0.062976	0.087067
0.062976	0.092715
0.062976	0.101060
0.062976	0.103410
0.062976	0.115275
0.062976	0.105641
0.062976	0.122883
0.397660	0.298338
0.397660	0.282731
0.397660	0.314060
0.397660	0.317203
0.397660	0.271973
0.397660	0.315245
0.397660	0.304225
0.397660	0.331631
0.397660	0.325402
0.397660	0.355318
0.397660	0.385459
0.215599	0.228201
0.215599	0.166165
0.215599	0.245241
0.215599	0.295860
0.215599	0.226161
0.215599	0.251891
0.215599	0.247635
0.215599	0.253567
0.235562	0.183427
0.235562	0.201536
0.235562	0.227484
0.235562	0.191599
0.235562	0.235816
0.235562	0.151519
0.178726	0.349371
0.178726	0.242842
0.178726	0.392710
0.178726	0.305682
0.178726	0.226481
0.178726	0.214947
0.178726	0.217516
0.178726	0.247536
0.178726	0.224196
0.222476	0.198209
0.222476	0.178732
0.222476	0.205078
0.222476	0.212372
0.119783	0.396971
0.119783	0.396035
0.119783	0.416760
0.119783	0.390730
0.119783	0.378481
0.119783	0.287356
0.119783	0.278606
0.119783	0.372451
0.119783	0.221416
0.119783	0.324624
0.119783	0.328335
0.150857	0.304828
0.150857	0.174289
0.150857	0.272742
0.150857	0.309532
0.150857	0.276161
0.150857	0.275764
0.150857	0.294728
0.150857	0.197411
0.150857	0.274814
0.150857	0.208247
0.150857	0.285078
0.150857	0.366712
0.087831	0.164049
0.087831	0.152142
0.087831	0.172614
0.087831	0.175979
0.087831	0.118552
0.087831	0.109584
0.087831	0.098861
0.087831	0.104637
0.076029	0.161510
0.076029	0.160720
0.076029	0.187153
0.076029	0.189917
0.076029	0.267132
0.110870	0.217411
0.110870	0.178951
0.110870	0.235766
0.110870	0.329790
0.110870	0.194444
0.110870	0.191513
0.110870	0.211784
0.130931	0.264561
0.130931	0.237657
0.130931	0.285663
0.130931	0.290084
0.130931	0.285040
0.130931	0.370281
0.183955	0.337843
0.183955	0.342070
0.183955	0.313697
0.183955	0.313916
0.412632	0.385712
0.412632	0.415195
0.412632	0.408939
0.412632	0.501162
0.412632	0.433505
0.412632	0.358195
0.412632	0.427606
0.447607	0.223275
0.447607	0.204633
0.447607	0.226528
0.447607	0.206993
0.447607	0.195856
0.447607	0.276723
0.111463	0.225156
0.111463	0.200776
0.111463	0.213108
0.111463	0.198741
0.088103	0.267950
0.088103	0.262986
0.088103	0.237921
0.088103	0.255298
0.088103	0.254317
0.088103	0.321406
0.088103	0.332747
0.050926	0.159981
0.050926	0.151903
0.050926	0.163188
0.050926	0.165474
0.050926	0.144508
0.050926	0.131577
0.050926	0.144261
0.050926	0.148775
0.075708	0.261240
0.075708	0.255328
0.075708	0.304935
0.075708	0.293728
0.075708	0.268621
0.075708	0.276331
0.075708	0.314884
0.075708	0.310840
0.075708	0.240177
0.103747	0.195507
0.103747	0.192232
0.103747	0.228755
0.103747	0.327546
0.103747	0.215437
0.139181	0.237808
0.139181	0.377890
0.139181	0.265128
0.139181	0.256950
0.186086	0.516052
0.186086	0.410484
0.186086	0.448049
0.186086	0.363903
0.186086	0.410388
0.186086	0.470511
0.186086	0.249701
0.186086	0.353614
0.186086	0.161253
0.070609	0.309825
0.070609	0.186234
0.070609	0.290675
0.070609	0.286972
0.070609	0.229696
0.089507	0.218203
0.089507	0.228851
0.089507	0.259936
0.089507	0.277405
0.089507	0.214108
0.089507	0.176917
0.089507	0.151715
0.159830	0.270779
0.159830	0.254363
0.159830	0.264274
0.159830	0.275033
0.159830	0.336328
0.159830	0.280197
0.159830	0.231951
0.159830	0.229874
0.159830	0.175028
0.152142	0.174007
0.152142	0.148826
0.152142	0.158693
0.152142	0.194539
0.152142	0.144478
0.152142	0.142297
0.152142	0.131174
0.099998	0.265943
0.099998	0.176997
0.099998	0.288165
0.099998	0.265318
0.069920	0.420781
0.069920	0.393223
0.069920	0.374910
0.069920	0.384833
0.069920	0.404965
0.069920	0.397265
0.069920	0.386965
0.069920	0.437861
0.069920	0.418064
0.098907	0.421581
0.098907	0.321722
0.098907	0.430991
0.098907	0.426239
0.098907	0.445616
0.098907	0.342049
0.098907	0.318279
0.098907	0.339718
0.081556	0.377691
0.081556	0.330494
0.081556	0.366184
0.081556	0.376648
0.081556	0.313702
0.081556	0.357920
0.081556	0.345664
0.081556	0.323993
0.081556	0.479017
0.074248	0.183525
0.074248	0.195494
0.074248	0.194156
0.074248	0.212953
0.074248	0.219972
0.074248	0.188567
0.074248	0.460170
0.074248	0.235083
0.057232	0.204541
0.057232	0.174726
0.057232	0.220365
0.057232	0.195379
0.057232	0.170001
0.057232	0.164785
0.057232	0.156841
0.057232	0.168701
0.057232	0.179565
0.057232	0.179439
0.057232	0.167806
0.103355	0.190249
0.103355	0.179953
0.103355	0.198190
0.103355	0.187179
0.103355	0.337039
0.428202	0.233694
0.428202	0.158375
0.428202	0.231316
0.428202	0.334870
0.428202	0.216410
0.428202	0.162514
0.428202	0.200287
0.428202	0.150991
0.287323	0.432903
0.287323	0.483065
0.287323	0.502183
0.287323	0.444037
0.287323	0.641946
0.287323	0.595436
0.287323	0.528954
0.287323	0.643676
0.287323	0.539793
0.427784	0.818691
0.427784	0.570719
0.427784	0.638671
0.427784	0.816182
0.427784	0.859439
0.427784	0.702064
0.427784	0.676903
0.427784	0.751685
0.427784	0.715285
0.188277	0.356522
0.188277	0.329941
0.188277	0.358041
0.188277	0.357999
0.188277	0.275890
0.188277	0.359877
0.219971	0.401975
0.219971	0.282054
0.219971	0.237538
0.219971	0.305145
0.219971	0.404964
0.219971	0.760294
0.133417	0.151646
0.133417	0.112978
0.133417	0.104767
0.133417	0.105882
0.133417	0.082020
0.163175	0.183047
0.163175	0.156220
0.163175	0.158950
0.163175	0.151551
0.163175	0.158955
0.163175	0.187835
0.163175	0.194905
0.163175	0.181215
0.163175	0.300123
0.063819	0.063867
0.063819	0.062661
0.063819	0.073206
0.063819	0.066010
0.063819	0.039872
0.063819	0.043397
0.063819	0.047286
0.048735	0.063329
0.048735	0.055657
0.048735	0.056290
0.048735	0.065633
0.048735	0.086908
0.048735	0.090111
0.048735	0.082780
0.073031	0.085144
0.073031	0.062257
0.073031	0.085323
0.073031	0.086604
0.073031	0.068856
0.073031	0.061158
0.073031	0.065837
0.073031	0.055952
0.128638	0.153581
0.128638	0.143208
0.128638	0.147530
0.128638	0.161906
0.128638	0.167472
0.128638	0.163571
0.128638	0.221060
0.128638	0.252959
0.128638	0.219099
0.089780	0.129103
0.089780	0.111660
0.089780	0.156197
0.089780	0.161358
0.089780	0.107709
0.124867	0.169098
0.124867	0.237390
0.124867	0.198454
0.124867	0.185251
0.124867	0.208899
0.127822	0.275265
0.127822	0.242567
0.127822	0.273458
0.127822	0.275678
0.127822	0.341121
0.127822	0.278046
0.127822	0.268750
0.127822	0.290539
0.284917	0.248208
0.284917	0.228311
0.284917	0.260398
0.284917	0.353191
0.284917	0.266416
0.284917	0.261370
0.284917	0.260370
0.284917	0.309876
0.284917	0.355058
0.296720	0.268385
0.296720	0.266995
0.296720	0.285385
0.296720	0.236300
0.296720	0.215875
0.296720	0.335871
0.296720	0.262198
0.296720	0.354635
0.296720	0.299544
0.296720	0.332073
0.296720	0.285862
0.142393	0.176360
0.142393	0.153163
0.142393	0.168373
0.142393	0.164238
0.142393	0.157808
0.142393	0.180868
0.142393	0.201301
0.142393	0.269285
0.107454	0.077569
0.107454	0.079707
0.107454	0.075396
0.107454	0.089152
0.107454	0.058557
0.107454	0.058378
0.107454	0.066717
0.200337	0.098867
0.200337	0.096879
0.200337	0.115223
0.200337	0.136231
0.200337	0.110234
0.200337	0.141980
0.398212	0.150241
0.398212	0.149876
0.398212	0.166405
0.398212	0.172494
0.398212	0.160737
0.398212	0.191528
0.398212	0.122966
0.407572	0.303737
0.407572	0.279316
0.407572	0.296223
0.407572	0.393723
0.407572	0.296342
0.407572	0.285319
0.407572	0.301883
0.407572	0.283528
0.407572	0.290657
0.407572	0.389219
0.407572	0.259045
0.470553	0.301172
0.470553	0.262701
0.470553	0.285563
0.470553	0.324511
0.470553	0.361685
0.470553	0.304735
0.470553	0.247697
0.470553	0.341599
0.470553	0.279348
0.319916	0.248448
0.319916	0.255953
0.319916	0.218336
0.319916	0.221561
0.617548	0.225138
0.617548	0.203549
0.617548	0.220238
0.617548	0.198270
0.617548	0.224550
0.617548	0.248322
0.617548	0.211423
0.617548	0.357544
0.298830	0.243116
0.298830	0.196824
0.298830	0.222309
0.298830	0.237674
0.298830	0.311814
0.298830	0.219312
0.298830	0.209321
0.298830	0.284177
0.130370	0.131692
0.130370	0.118555
0.130370	0.135869
0.130370	0.139193
0.130370	0.079376
0.130370	0.104374
0.130370	0.084411
0.130370	0.097349
0.276733	0.110461
0.276733	0.102205
0.276733	0.114569
0.276733	0.122732
0.276733	0.152855
0.276733	0.136228
0.176333	0.148467
0.176333	0.128669
0.176333	0.163356
0.176333	0.158655
0.176333	0.121101
0.393130	0.211940
0.393130	0.197379
0.393130	0.217794
0.393130	0.259895
0.393130	0.261087
0.393130	0.201243
0.393130	0.204464
0.393130	0.304544
0.286232	0.242479
0.286232	0.234033
0.286232	0.255403
0.286232	0.248105
0.286232	0.242017
0.286232	0.201125
0.286232	0.222954
0.286232	0.358954
0.286232	0.309555
0.237385	0.254366
0.237385	0.246279
0.237385	0.254256
0.237385	0.352821
0.237385	0.288292
0.237385	0.229885
0.237385	0.304591
0.237385	0.247503
0.213220	0.243825
0.213220	0.295998
0.213220	0.266182
0.213220	0.256355
0.213220	0.295389
0.213220	0.327531
0.213220	0.306310
0.213220	0.349615
0.213220	0.207262
0.182866	0.307843
0.182866	0.217738
0.182866	0.273130
0.182866	0.410435
0.182866	0.300105
0.182866	0.277670
0.182866	0.275193
0.182866	0.379088
0.182866	0.366248
0.203012	0.183338
0.203012	0.232523
0.203012	0.193748
0.203012	0.178361
0.203012	0.215825
0.203012	0.173352
0.203012	0.246604
0.312185	0.209596
0.312185	0.189974
0.312185	0.173138
0.312185	0.175784
0.312185	0.174151
0.312185	0.202574
0.312185	0.242936
0.312185	0.223963
0.386295	0.206083
0.386295	0.179034
0.386295	0.196677
0.386295	0.189185
0.386295	0.173394
0.386295	0.213854
0.386295	0.240547
0.386295	0.289090
0.386295	0.328119
0.136445	0.178325
0.136445	0.167245
0.136445	0.191432
0.136445	0.188328
0.136445	0.198408
0.136445	0.165898
0.136445	0.188121
0.136445	0.197676
0.136445	0.194285
0.180062	0.100303
0.180062	0.092870
0.180062	0.073518
0.180062	0.120083
0.180062	0.098902
0.180062	0.138068
0.180062	0.094381
0.097551	0.090001
0.097551	0.078127
0.097551	0.102596
0.097551	0.094468
0.097551	0.087990
0.097551	0.087259
0.097551	0.082681
0.097551	0.095379
0.097551	0.086172
0.097551	0.095660
0.097551	0.087379
0.224412	0.147708
0.224412	0.145905
0.224412	0.175914
0.224412	0.155385
0.224412	0.169372
0.224412	0.169860
0.224412	0.213717
0.224412	0.338480
0.224412	0.480790
0.138033	0.096354
0.138033	0.072492
0.138033	0.116363
0.138033	0.164641
0.138033	0.063116
0.138033	0.079960
0.138033	0.058224
0.138033	0.073022
0.153413	0.180516
0.153413	0.240698
0.153413	0.225579
0.153413	0.209804
0.153413	0.366130
0.153413	0.366636
0.153413	0.357328
0.153413	0.188018
0.153413	0.390669
0.140151	0.189231
0.140151	0.133008
0.140151	0.179219
0.140151	0.243943
0.140151	0.144650
0.140151	0.159399
0.140151	0.161741
0.140151	0.156661
0.137392	0.349882
0.137392	0.403642
0.137392	0.362910
0.137392	0.386145
0.137392	0.272241
0.137392	0.389563
0.137392	0.397986
0.137392	0.369341
0.263904	0.705453
0.263904	0.679520
0.263904	0.685382
0.263904	0.770729
0.263904	0.736465
0.263904	0.651304
0.263904	0.727216
0.263904	0.685403
0.263904	0.653616
0.263904	0.755540
0.263904	0.825222
0.106354	0.561159
0.106354	0.521236
0.106354	0.586973
0.106354	0.522804
0.106354	0.471969
0.106354	0.394501
0.106354	0.491898
0.106354	0.457605
0.110417	0.275933
0.110417	0.242193
0.110417	0.300439
0.110417	0.318239
0.110417	0.217651
0.110417	0.255604
0.110417	0.345538
0.114866	0.365640
0.114866	0.369109
0.114866	0.390509
0.114866	0.585615
0.114866	0.417327
0.114866	0.374360
0.114866	0.436655
0.114866	0.482705
0.114866	0.633630
0.099490	0.260016
0.099490	0.227094
0.099490	0.244777
0.099490	0.216029
0.099490	0.208691
0.099490	0.310529
0.099490	0.258888
0.099490	0.365621
0.099490	0.382892
0.100225	0.108000
0.100225	0.086358
0.100225	0.085218
0.100225	0.084275
0.100225	0.073519
0.100225	0.088847
0.078598	0.099930
0.078598	0.096289
0.078598	0.101792
0.078598	0.099497
0.078598	0.103470
0.076311	0.094980
0.076311	0.082284
0.076311	0.092274
0.076311	0.093080
0.076311	0.079281
0.076311	0.091842
0.076311	0.085148
0.076311	0.088063
0.076311	0.091260
0.076311	0.084899
0.076311	0.087698
0.191550	0.226791
0.191550	0.194656
0.191550	0.220980
0.191550	0.210127
0.191550	0.214406
0.191550	0.216938
0.191550	0.372081
0.191550	0.351146
0.191550	0.370466
0.191550	0.512639
0.191550	0.381006
0.197612	0.116419
0.197612	0.093076
0.197612	0.127761
0.197612	0.137019
0.197612	0.128795
0.197612	0.136332
0.197612	0.094208
0.243115	0.209416
0.243115	0.241142
0.243115	0.225281
0.243115	0.323765
0.243115	0.215510
0.243115	0.202725
0.243115	0.216913
0.243115	0.280622
0.243115	0.215316
0.243115	0.249382
0.298632	0.189157
0.298632	0.220207
0.298632	0.226020
0.298632	0.266958
0.298632	0.225167
0.298632	0.209159
0.298632	0.261284
0.037675	0.149662
0.037675	0.164019
0.037675	0.157111
0.037675	0.251947
0.181879	0.266575
0.181879	0.251965
0.181879	0.270267
0.181879	0.228765
0.181879	0.211018
0.181879	0.290913
0.181879	0.235308
0.181879	0.353252
0.181879	0.293291
0.055592	0.185180
0.055592	0.169366
0.055592	0.165550
0.055592	0.175592
0.055592	0.179664
0.055592	0.177181
0.055592	0.188419
0.055592	0.153467
0.055592	0.273151
0.055592	0.167519
0.055592	0.185536
0.055592	0.358736
0.096611	0.125485
0.096611	0.114690
0.096611	0.124460
0.096611	0.127088
0.096611	0.099027
0.096611	0.110092
0.096611	0.116349
0.096611	0.104065
0.096611	0.100068
0.096611	0.111145
0.096611	0.108866
0.096611	0.092978
0.096611	0.109511
0.096611	0.101349
0.092609	0.108918
0.092609	0.107838
0.092609	0.133465
0.092609	0.134955
0.092609	0.121720
0.092609	0.176803
0.092609	0.156430
0.139187	0.151414
0.139187	0.144145
0.139187	0.156860
0.139187	0.215360
0.139187	0.151516
0.139187	0.152614
0.139187	0.137416
0.139187	0.178739
0.149121	0.187995
0.149121	0.239836
0.149121	0.258201
0.149121	0.271977
0.149121	0.248814
0.149121	0.223930
0.149121	0.260191
0.064710	0.300337
0.064710	0.281913
0.064710	0.253544
0.064710	0.332990
0.064710	0.272437
0.220155	0.278121
0.220155	0.260119
0.220155	0.279463
0.220155	0.385478
0.220155	0.315986
0.220155	0.364721
0.220155	0.277516
0.167746	0.214203
0.167746	0.216839
0.167746	0.210271
0.167746	0.195381
0.109385	0.183655
0.109385	0.206355
0.109385	0.176347
0.109385	0.170563
0.115898	0.129991
0.115898	0.088654
0.115898	0.093793
0.115898	0.103637
0.115898	0.078912
0.115898	0.074282
0.115898	0.092824
0.219332	0.180521
0.219332	0.172642
0.219332	0.193655
0.219332	0.179527
0.219332	0.177427
0.219332	0.200355
0.219332	0.212213
0.219332	0.239980
0.219332	0.298836
0.242361	0.148216
0.242361	0.113649
0.242361	0.157093
0.242361	0.157876
0.242361	0.120526
0.242361	0.154378
0.189598	0.198668
0.189598	0.199368
0.189598	0.218152
0.189598	0.267917
0.189598	0.210982
0.189598	0.228024
0.189598	0.224208
0.066811	0.193270
0.066811	0.212484
0.066811	0.208981
0.066811	0.199056
0.066811	0.209412
0.050454	0.251228
0.050454	0.237107
0.050454	0.238102
0.050454	0.393062
0.050454	0.316643
0.050454	0.231832
0.080082	0.226907
0.080082	0.308779
0.080082	0.217848
0.080082	0.242224
0.080082	0.279765
0.080082	0.276053
0.140467	0.392985
0.140467	0.247904
0.140467	0.300925
0.140467	0.396863
0.140467	0.333959
0.140467	0.257925
0.140467	0.281112
0.140467	0.459975
0.140467	0.700899
0.114708	0.313797
0.114708	0.343049
0.114708	0.322623
0.114708	0.290906
0.114708	0.350388
0.114708	0.288946
0.114708	0.280519
0.114708	0.370203
0.089397	0.268680
0.089397	0.265372
0.089397	0.213885
0.089397	0.234654
0.089397	0.302472
0.055910	0.200009
0.055910	0.171022
0.055910	0.186538
0.055910	0.183753
0.055910	0.213544
0.055910	0.204079
0.057264	0.139005
0.057264	0.119007
0.057264	0.126634
0.057264	0.122764
0.057264	0.133313
0.057264	0.121364
0.130361	0.170513
0.130361	0.165129
0.130361	0.178761
0.130361	0.220688
0.130361	0.214844
0.130361	0.219938
0.130361	0.222661
0.130361	0.217378
0.130361	0.268834
0.130361	0.219316
0.130361	0.215737
0.130361	0.296041
0.107595	0.125674
0.107595	0.121324
0.107595	0.136327
0.107595	0.129360
0.107595	0.106382
0.107595	0.117823
0.107595	0.108593
0.107595	0.109326
0.107595	0.116113
0.107595	0.113210
0.107595	0.125242
0.110304	0.175233
0.110304	0.169747
0.110304	0.156601
0.110304	0.168156
0.110304	0.200306
0.110304	0.258071
0.110304	0.268827
0.110304	0.263129
0.222078	0.109504
0.222078	0.076833
0.222078	0.109837
0.222078	0.165595
0.222078	0.103167
0.222078	0.075154
0.222078	0.083518
0.222078	0.087902
0.175574	0.186039
0.175574	0.231195
0.175574	0.188241
0.175574	0.177171
0.175574	0.224149
0.175574	0.229192
0.175574	0.199599
0.175574	0.219788
0.175574	0.209251
0.355585	0.182375
0.355585	0.137239
0.355585	0.154013
0.355585	0.241260
0.355585	0.195658
0.355585	0.147377
0.355585	0.224030
0.355585	0.146053
0.355585	0.214663
0.355585	0.140046
0.355585	0.161454
0.355585	0.132688
0.355585	0.156264
0.355585	0.128706
0.186526	0.251013
0.186526	0.299188
0.186526	0.292271
0.186526	0.322138
0.186526	0.303774
0.186526	0.268471
0.186526	0.277689
0.186526	0.240565
0.186526	0.248363
0.186526	0.328867
0.186526	0.312129
0.420044	0.207241
0.420044	0.196385
0.420044	0.203149
0.420044	0.221626
0.420044	0.194736
0.420044	0.205829
0.420044	0.249357
0.420044	0.246782
0.143204	0.242252
0.143204	0.197334
0.143204	0.235151
0.143204	0.223245
0.143204	0.261427
0.143204	0.210221
0.143204	0.232550
0.143204	0.214882
0.143204	0.216527
0.143204	0.204329
0.143204	0.249726
0.099492	0.244795
0.099492	0.226132
0.099492	0.241496
0.099492	0.232832
0.099492	0.241418
0.099492	0.285479
0.099492	0.195757
0.099492	0.306768
0.099492	0.228562
0.099492	0.205774
0.099492	0.335286
0.066813	0.108093
0.066813	0.116056
0.066813	0.117598
0.066813	0.099636
0.066813	0.092607
0.066813	0.092580
0.066813	0.089660
0.066813	0.089072
0.100569	0.124426
0.100569	0.094305
0.100569	0.100947
0.100569	0.112428
0.100569	0.111892
0.100569	0.120581
0.100569	0.109774
0.078086	0.091882
0.078086	0.071292
0.078086	0.070247
0.078086	0.079994
0.078086	0.060993
0.078086	0.070240
0.078086	0.080092
0.078086	0.064660
0.110030	0.221867
0.110030	0.202743
0.110030	0.224054
0.110030	0.256283
0.110030	0.229988
0.110030	0.230860
0.110030	0.261184
0.110030	0.296801
0.110030	0.275692
0.110030	0.301738
0.110030	0.350925
0.102547	0.118083
0.102547	0.112746
0.102547	0.141585
0.102547	0.152577
0.102547	0.114060
0.121259	0.170117
0.121259	0.201260
0.121259	0.189395
0.121259	0.245170
0.121259	0.202603
0.121259	0.196148
0.074631	0.267284
0.074631	0.296902
0.074631	0.286859
0.074631	0.307714
0.074631	0.306213
0.074631	0.245151
0.074631	0.252544
0.074631	0.362226
0.058825	0.196534
0.058825	0.249849
0.058825	0.200797
0.058825	0.247200
0.113233	0.250983
0.113233	0.251050
0.113233	0.245619
0.113233	0.221552
0.113233	0.224695
0.113233	0.319722
0.113233	0.246267
0.113233	0.321724
0.113233	0.340547
0.126385	0.212097
0.126385	0.197519
0.126385	0.210281
0.126385	0.222215
0.126385	0.218277
0.126385	0.221882
0.126385	0.224363
0.126385	0.203389
0.126385	0.272172
0.126385	0.242446
0.126385	0.297084
0.070830	0.088597
0.070830	0.082291
0.070830	0.102567
0.070830	0.086349
0.070830	0.066190
0.070830	0.065727
0.070830	0.071275
0.125214	0.117434
0.125214	0.122000
0.125214	0.126570
0.125214	0.146962
0.125214	0.143968
0.125214	0.127623
0.125214	0.139583
0.177539	0.173097
0.177539	0.158408
0.177539	0.191883
0.177539	0.218988
0.177539	0.173865
0.177539	0.152400
0.260597	0.315453
0.260597	0.302714
0.260597	0.357153
0.260597	0.364000
0.260597	0.266743
0.260597	0.314991
0.260597	0.250818
0.260597	0.348376
0.260597	0.341101
0.228217	0.371850
0.228217	0.423195
0.228217	0.384675
0.228217	0.454596
0.228217	0.368706
0.228217	0.478869
0.228217	0.340439
0.228217	0.395787
0.228217	0.216054
0.236631	0.357249
0.236631	0.336419
0.236631	0.351931
0.236631	0.394698
0.236631	0.376290
0.236631	0.334195
0.236631	0.319511
0.236631	0.299491
0.096054	0.183017
0.096054	0.166207
0.096054	0.185997
0.096054	0.182773
0.210498	0.293575
0.210498	0.255508
0.210498	0.257574
0.210498	0.282112
0.210498	0.259857
0.210498	0.287431
0.210498	0.262734
0.210498	0.282544
0.210498	0.292232
0.112028	0.134999
0.112028	0.096710
0.112028	0.135199
0.112028	0.147916
0.112028	0.094689
0.112028	0.096959
0.112028	0.089961
0.112028	0.092183
0.174173	0.142077
0.174173	0.133768
0.174173	0.145208
0.174173	0.136697
0.174173	0.213157
0.120024	0.165641
0.120024	0.141941
0.120024	0.183862
0.120024	0.182583
0.120024	0.141342
0.232187	0.223146
0.232187	0.230991
0.232187	0.238477
0.232187	0.225726
0.232187	0.199536
0.232187	0.208413
0.107756	0.219284
0.107756	0.227392
0.107756	0.230201
0.107756	0.219687
0.107756	0.181469
0.107756	0.169464
0.107756	0.162101
0.131605	0.334397
0.131605	0.332630
0.131605	0.351057
0.131605	0.439757
0.131605	0.385778
0.131605	0.344874
0.131605	0.321425
0.131605	0.368468
0.131605	0.370831
0.053586	0.274630
0.053586	0.301023
0.053586	0.284858
0.053586	0.271263
0.053586	0.219671
0.053586	0.271506
0.053586	0.294866
0.078802	0.234865
0.078802	0.224360
0.078802	0.231631
0.078802	0.260645
0.078802	0.224725
0.104914	0.242309
0.104914	0.199797
0.104914	0.259197
0.104914	0.245687
0.055743	0.273161
0.055743	0.286060
0.055743	0.268507
0.055743	0.347261
0.055743	0.323878
0.055743	0.314433
0.055743	0.333727
0.055743	0.203947
0.109745	0.257862
0.109745	0.212869
0.109745	0.240841
0.109745	0.258688
0.109745	0.211889
0.109745	0.197272
0.078413	0.266283
0.078413	0.238371
0.078413	0.240719
0.078413	0.231419
0.078413	0.225502
0.078413	0.236537
0.078413	0.260603
0.078413	0.201904
0.078413	0.219803
0.063929	0.172223
0.063929	0.148486
0.063929	0.146265
0.063929	0.191544
0.063929	0.182865
0.063929	0.165334
0.063929	0.237768
0.063929	0.159290
0.069872	0.137594
0.069872	0.115673
0.069872	0.114950
0.069872	0.117108
0.069872	0.101972
0.069872	0.115734
0.069872	0.106031
0.069872	0.112720
0.069872	0.112767
0.069872	0.114160
0.069872	0.118092
0.065503	0.114498
0.065503	0.103960
0.065503	0.087478
0.065503	0.101050
0.065503	0.118928
0.065503	0.114140
0.065503	0.106548
0.065503	0.159261
0.148315	0.088780
0.148315	0.069659
0.148315	0.083251
0.148315	0.100564
0.148315	0.061606
0.148315	0.050568
0.148315	0.064104
0.148315	0.079302
0.087018	0.141414
0.087018	0.134676
0.087018	0.147241
0.087018	0.137794
0.087018	0.165838
0.087018	0.140631
0.087018	0.196455
0.087018	0.273098
0.087018	0.235093
0.097401	0.067729
0.097401	0.055143
0.097401	0.082638
0.097401	0.118625
0.097401	0.056300
0.097401	0.077428
0.097401	0.053139
0.097401	0.069765
0.091364	0.094364
0.091364	0.155544
0.091364	0.165998
0.091364	0.195613
0.091364	0.147078
0.091364	0.124968
0.091364	0.123946
0.091364	0.150226
0.258134	0.162790
0.258134	0.218155
0.258134	0.207548
0.258134	0.210203
0.258134	0.263350
0.258134	0.147764
0.258134	0.186149
0.258134	0.229223
0.126048	0.352714
0.126048	0.275435
0.126048	0.309090
0.126048	0.246527
0.126048	0.263271
0.126048	0.316653
0.126048	0.353883
0.126048	0.383309
0.126048	0.402311
0.126048	0.381812
0.126048	0.509960
0.132245	0.182359
0.132245	0.181482
0.132245	0.147176
0.132245	0.207321
0.132245	0.281490
0.132245	0.160325
0.132245	0.175338
0.150572	0.187803
0.150572	0.170029
0.150572	0.177507
0.150572	0.178465
0.150572	0.165838
0.150572	0.180030
0.150572	0.154513
0.150572	0.201480
0.069085	0.136340
0.069085	0.126732
0.069085	0.133762
0.069085	0.116653
0.069085	0.115507
0.069085	0.088834
0.069085	0.099616
0.069085	0.104876
0.116702	0.072055
0.116702	0.090946
0.116702	0.081141
0.116702	0.075530
0.116702	0.074168
0.116702	0.076392
0.116702	0.101234
0.090216	0.162935
0.090216	0.125752
0.090216	0.160778
0.090216	0.160764
0.090216	0.103464
0.090216	0.134645
0.090216	0.136319
0.090216	0.127242
0.090216	0.123044
0.090216	0.092764
0.090216	0.102270
0.397309	0.478584
0.397309	0.459662
0.397309	0.462888
0.397309	0.516625
0.397309	0.501395
0.397309	0.530394
0.397309	0.492505
0.397309	0.492268
0.397309	0.520711
0.397309	0.766704
0.397309	0.699954
0.045498	0.210123
0.045498	0.213673
0.045498	0.303047
0.045498	0.332568
0.324231	0.606128
0.324231	0.676348
0.324231	0.514500
0.324231	0.767234
0.324231	0.506795
0.324231	0.649340
0.324231	0.440733
0.324231	0.469856
0.324231	0.547219
0.350306	0.484812
0.350306	0.496290
0.350306	0.496311
0.350306	0.517207
0.350306	0.530540
0.350306	0.473850
0.350306	0.509248
0.350306	0.583991
0.350306	0.490590
0.350306	0.480083
0.204301	0.308284
0.204301	0.409626
0.204301	0.278406
0.204301	0.261567
0.284865	0.496555
0.284865	0.535717
0.284865	0.592149
0.284865	0.521522
0.284865	0.522805
0.284865	0.539742
0.284865	0.583582
0.284865	0.477994
0.284865	0.701377
0.284865	0.503296
0.284865	0.550326
0.093843	0.260159
0.093843	0.236774
0.093843	0.307052
0.093843	0.286669
0.093843	0.229704
0.093843	0.224266
0.093843	0.195735
0.093843	0.198238
0.091014	0.213556
0.091014	0.171386
0.091014	0.184487
0.091014	0.160263
0.103717	0.201587
0.103717	0.185966
0.103717	0.219931
0.103717	0.307898
0.103717	0.340731
0.103717	0.211681
0.173131	0.419696
0.173131	0.455470
0.173131	0.464508
0.173131	0.434282
0.173131	0.392253
0.173131	0.475870
0.173131	0.401628
0.173131	0.357625
0.173131	0.317298
0.173131	0.443130
0.173131	0.512982
0.250037	0.472488
0.250037	0.474512
0.250037	0.457724
0.250037	0.426088
0.250037	0.450231
0.250037	0.639318
0.250037	0.431005
0.250037	0.636978
0.250037	0.218253
0.153173	0.535576
0.153173	0.391689
0.153173	0.392323
0.153173	0.350742
0.153173	0.276356
0.153173	0.340105
0.153173	0.308468
0.109003	0.371410
0.109003	0.311517
0.109003	0.404136
0.109003	0.340961
0.109003	0.296763
0.109003	0.326290
0.109003	0.312974
0.145723	0.253730
0.145723	0.245715
0.145723	0.217566
0.145723	0.200898
0.124232	0.256731
0.124232	0.225889
0.124232	0.246197
0.124232	0.243487
0.124232	0.212160
0.124232	0.308910
0.124232	0.367383
0.053790	0.185576
0.053790	0.149522
0.053790	0.180670
0.053790	0.183300
0.053790	0.117517
0.053790	0.121669
0.053790	0.101690
0.053790	0.133902
0.186296	0.373295
0.186296	0.360140
0.186296	0.531055
0.186296	0.515492
0.186296	0.431857
0.186296	0.508804
0.186296	0.504310
0.186296	0.499065
0.140401	0.350929
0.140401	0.289342
0.140401	0.472512
0.140401	0.530348
0.140401	0.384025
0.269519	0.657871
0.269519	0.620217
0.269519	0.659952
0.269519	0.708586
0.269519	0.703755
0.269519	0.521124
0.269519	0.632520
0.269519	0.736882
0.124085	0.718759
0.124085	0.781614
0.124085	0.751528
0.124085	0.728279
0.124085	0.760652
0.124085	0.733394
0.124085	0.720849
0.124085	0.607550
0.124085	0.592619
0.124085	0.735335
0.124085	0.665063
0.524930	0.463681
0.524930	0.386154
0.524930	0.332932
0.524930	0.406413
0.524930	0.361329
0.524930	0.426156
0.200661	0.306562
0.200661	0.210255
0.200661	0.337218
0.200661	0.398064
0.200661	0.461915
0.200661	0.344496
0.128728	0.488073
0.128728	0.400204
0.128728	0.486168
0.128728	0.719114
0.128728	0.357184
0.128728	0.380451
0.128728	0.444704
0.128728	0.447197
0.128728	0.571826
0.128728	0.442942
0.128728	0.399325
0.128728	0.382004
0.119017	0.372484
0.119017	0.520611
0.119017	0.451571
0.119017	0.439868
0.119017	0.526236
0.119017	0.530433
0.119017	0.672717
0.119017	0.474696
0.197295	0.392316
0.197295	0.182404
0.197295	0.252187
0.197295	0.474797
0.197295	0.462442
0.197295	0.330655
0.197295	0.445238
0.091426	0.154240
0.091426	0.171422
0.091426	0.178927
0.091426	0.174707
0.091426	0.122442
0.091426	0.158705
0.091426	0.177986
0.091426	0.153881
0.091426	0.164628
0.091426	0.149847
0.091426	0.157038
0.202794	0.186888
0.202794	0.199213
0.202794	0.220756
0.202794	0.193881
0.202794	0.293448
0.202794	0.295302
0.202794	0.248272
0.202794	0.191314
0.202794	0.400179
0.058881	0.105055
0.058881	0.097838
0.058881	0.113902
0.058881	0.177841
0.058881	0.110753
0.058881	0.114234
0.058881	0.069728
0.058881	0.096602
0.113472	0.169237
0.113472	0.216685
0.113472	0.202327
0.113472	0.181937
0.113472	0.214177
0.113472	0.242161
0.113472	0.200127
0.113472	0.220020
0.113472	0.231368
0.087172	0.205094
0.087172	0.125158
0.087172	0.156649
0.087172	0.206458
0.087172	0.175179
0.087172	0.162059
0.087172	0.124713
0.087172	0.173529
0.087172	0.134439
0.087172	0.178874
0.087172	0.141949
0.094234	0.167441
0.094234	0.173147
0.094234	0.162288
0.094234	0.154331
0.094234	0.178303
0.094234	0.171118
0.094234	0.175515
0.094234	0.226930
0.095316	0.191569
0.095316	0.173404
0.095316	0.161380
0.095316	0.153669
0.095316	0.166761
0.095316	0.152442
0.095316	0.178483
0.095316	0.172296
0.238021	0.091110
0.238021	0.079952
0.238021	0.077740
0.238021	0.098340
0.085374	0.103702
0.085374	0.088030
0.085374	0.111253
0.085374	0.110954
0.085374	0.097056
0.107589	0.107584
0.107589	0.119593
0.107589	0.129461
0.107589	0.103091
0.107589	0.089933
0.107589	0.109159
0.107589	0.098884
0.107589	0.098957
0.107589	0.114625
0.107589	0.106036
0.107589	0.092999
0.107589	0.099771
0.091833	0.146704
0.091833	0.142380
0.091833	0.154184
0.091833	0.150906
0.091833	0.143054
0.091833	0.134511
0.091833	0.136965
0.091833	0.202404
0.083845	0.091917
0.083845	0.081890
0.083845	0.091300
0.083845	0.084143
0.083845	0.076420
0.083845	0.084602
0.083845	0.067649
0.083845	0.078536
0.162108	0.186193
0.162108	0.178870
0.162108	0.203842
0.162108	0.206247
0.162108	0.203477
0.162108	0.191541
0.162108	0.208268
0.162108	0.295643
0.162108	0.266290
0.106950	0.218986
0.106950	0.206956
0.106950	0.254664
0.106950	0.239528
0.106950	0.284552
0.106950	0.233296
0.106950	0.227398
0.106950	0.334533
0.245911	0.217270
0.245911	0.294556
0.245911	0.218163
0.245911	0.264949
0.245911	0.425880
0.245911	0.469652
0.208116	0.283658
0.208116	0.269836
0.208116	0.300745
0.208116	0.289904
0.208116	0.281608
0.208116	0.288465
0.208116	0.545268
0.159587	0.202273
0.159587	0.202854
0.159587	0.209623
0.159587	0.236800
0.106859	0.334189
0.106859	0.313899
0.106859	0.345199
0.106859	0.301539
0.106859	0.268226
0.106859	0.406972
0.106859	0.331061
0.106859	0.413017
0.106859	0.396415
0.106457	0.251445
0.106457	0.248069
0.106457	0.239921
0.106457	0.243578
0.106457	0.253973
0.106457	0.247194
0.106457	0.240189
0.106457	0.236750
0.106457	0.273407
0.106457	0.244721
0.106457	0.232835
0.106457	0.297347
0.102553	0.154791
0.102553	0.133593
0.102553	0.149566
0.102553	0.169431
0.102553	0.128659
0.102553	0.143185
0.102553	0.130260
0.102553	0.125900
0.102553	0.142627
0.102553	0.154631
0.102553	0.151060
0.102553	0.142175
0.102553	0.148419
0.102553	0.155924
0.088776	0.121983
0.088776	0.141881
0.088776	0.131153
0.088776	0.142064
0.088776	0.156703
0.088776	0.198801
0.088776	0.172734
0.219103	0.159600
0.219103	0.110396
0.219103	0.160590
0.219103	0.184366
0.219103	0.161138
0.219103	0.187376
0.219103	0.132800
0.144174	0.210697
0.144174	0.299943
0.144174	0.238593
0.144174	0.259563
0.146744	0.358684
0.146744	0.319773
0.146744	0.312364
0.146744	0.357819
0.146744	0.253521
0.146744	0.322324
0.135234	0.364789
0.135234	0.362085
0.135234	0.381285
0.135234	0.404694
0.135234	0.437730
0.135234	0.337561
0.135234	0.335795
0.135234	0.370086
0.258310	0.230749
0.258310	0.210130
0.258310	0.223037
0.258310	0.198940
0.258310	0.215536
0.258310	0.304955
0.139259	0.184470
0.139259	0.161610
0.139259	0.165563
0.139259	0.172921
0.139259	0.372127
0.106958	0.106174
0.106958	0.078367
0.106958	0.100972
0.106958	0.106441
0.106958	0.072230
0.106958	0.070429
0.106958	0.085195
0.098344	0.111597
0.098344	0.108202
0.098344	0.133069
0.098344	0.128819
0.098344	0.133497
0.098344	0.152141
0.098344	0.202650
0.083650	0.134663
0.083650	0.113304
0.083650	0.162242
0.083650	0.163952
0.083650	0.104206
0.083650	0.127153
0.078347	0.232204
0.078347	0.226023
0.078347	0.258613
0.078347	0.322566
0.078347	0.266139
0.078347	0.238084
0.073498	0.224331
0.073498	0.256302
0.073498	0.225314
0.073498	0.225463
0.127737	0.401362
0.127737	0.352875
0.127737	0.359467
0.127737	0.406726
0.127737	0.404595
0.127737	0.357401
0.127737	0.450482
0.127737	0.281659
0.132422	0.261752
0.132422	0.221015
0.132422	0.248216
0.132422	0.285163
0.132422	0.230942
0.132422	0.304330
0.132422	0.241050
0.105314	0.207367
0.105314	0.163496
0.105314	0.195612
0.105314	0.256443
0.105314	0.186907
0.105314	0.235867
0.105314	0.196416
0.079634	0.108812
0.079634	0.118381
0.079634	0.100639
0.079634	0.099027
0.079634	0.082095
0.079634	0.113119
0.079634	0.127950
0.136771	0.186325
0.136771	0.142609
0.136771	0.172718
0.136771	0.208470
0.136771	0.177318
0.136771	0.157446
0.136771	0.174334
0.136771	0.201065
0.102836	0.100324
0.102836	0.114506
0.102836	0.121567
0.102836	0.097407
0.102836	0.089916
0.102836	0.118404
0.102836	0.109553
0.102836	0.105136
0.102836	0.105578
0.102836	0.108845
0.102836	0.113537
0.281864	0.109727
0.281864	0.115149
0.281864	0.116351
0.281864	0.116259
0.281864	0.149711
0.281864	0.136944
0.281864	0.150665
0.281864	0.135668
0.281864	0.188238
0.281864	0.126526
0.281864	0.159665
0.136318	0.096128
0.136318	0.071393
0.136318	0.097612
0.136318	0.098514
0.136318	0.070578
0.136318	0.089210
0.136318	0.086883
0.136318	0.091035
0.136318	0.089011
0.136318	0.088843
0.136318	0.076241
0.258617	0.143065
0.258617	0.158015
0.258617	0.203030
0.258617	0.194370
0.258617	0.154659
0.258617	0.166638
0.258617	0.164121
0.258617	0.232861
0.258617	0.231397
0.331920	0.116055
0.331920	0.103015
0.331920	0.139212
0.331920	0.148384
0.331920	0.096520
0.331920	0.103707
0.331920	0.081200
0.331920	0.120839
0.331920	0.109678
0.331920	0.102511
0.331920	0.097581
0.265883	0.173014
0.265883	0.267861
0.265883	0.196381
0.265883	0.286017
0.265883	0.299931
0.265883	0.217742
0.250964	0.414889
0.250964	0.386438
0.250964	0.413966
0.250964	0.426068
0.250964	0.478644
0.250964	0.430471
0.250964	0.456275
0.250964	0.625233
0.365742	0.518118
0.365742	0.490676
0.365742	0.541652
0.365742	0.711249
0.365742	0.735258
0.365742	0.590567
0.365742	0.780217
0.365742	0.553175
0.365742	0.811134
0.365742	0.716129
0.365742	0.595263
0.365742	0.864931
0.425675	0.492315
0.425675	0.471028
0.425675	0.450465
0.425675	0.482457
0.425675	0.611534
0.425675	0.533043
0.425675	0.550792
0.425675	0.697053
0.352813	0.462139
0.352813	0.402766
0.352813	0.487992
0.352813	0.437756
0.352813	0.492318
0.352813	0.460627
0.352813	0.488627
0.352813	0.752378
0.352813	0.741540
0.109295	0.144784
0.109295	0.129847
0.109295	0.128609
0.109295	0.089126
0.109295	0.080253
0.109295	0.074921
0.109295	0.061204
0.105971	0.144457
0.105971	0.097349
0.105971	0.104873
0.105971	0.096440
0.105971	0.102368
0.061033	0.100146
0.061033	0.065016
0.061033	0.083829
0.061033	0.074020
0.061033	0.063008
0.061033	0.081844
0.061033	0.060848
0.061033	0.079636
0.198802	0.179857
0.198802	0.171302
0.198802	0.183554
0.198802	0.194435
0.198802	0.193518
0.198802	0.191027
0.198802	0.218948
0.198802	0.223071
0.198802	0.331746
0.074816	0.092647
0.074816	0.109432
0.074816	0.109150
0.074816	0.111663
0.074816	0.082887
0.074816	0.069909
0.074816	0.099972
0.214905	0.175342
0.214905	0.159418
0.214905	0.143666
0.214905	0.166103
0.329976	0.196896
0.329976	0.181920
0.329976	0.180196
0.329976	0.252536
0.322219	0.320344
0.322219	0.335952
0.322219	0.344387
0.322219	0.311396
0.322219	0.313501
0.322219	0.398456
0.322219	0.293687
0.322219	0.386185
0.322219	0.346033
0.322219	0.377059
0.322219	0.334493
0.117799	0.224147
0.117799	0.206789
0.117799	0.227851
0.117799	0.217788
0.117799	0.237067
0.117799	0.260093
0.117799	0.242902
0.117799	0.229882
0.117799	0.322972
0.117799	0.228257
0.117799	0.236656
0.117799	0.306646
0.039291	0.094379
0.039291	0.087820
0.039291	0.102755
0.039291	0.103902
0.039291	0.087768
0.039291	0.086169
0.039291	0.087863
0.039291	0.073165
0.216277	0.222070
0.216277	0.225681
0.216277	0.291080
0.216277	0.253591
0.216277	0.258806
0.216277	0.258037
0.216277	0.370482
0.216277	0.312953
0.216277	0.371864
0.124643	0.384786
0.124643	0.383485
0.124643	0.382252
0.124643	0.470397
0.090437	0.444578
0.090437	0.532545
0.090437	0.523184
0.090437	0.495155
0.090437	0.504444
0.090437	0.444993
0.090437	0.438389
0.090437	0.457617
0.116339	0.566754
0.116339	0.593601
0.116339	0.517439
0.116339	0.599823
0.116339	0.518124
0.116339	0.486274
0.116339	0.521616
0.116339	0.503517
0.116339	0.505657
0.116339	0.476035
0.154586	0.350118
0.154586	0.411219
0.154586	0.396969
0.154586	0.490891
0.154586	0.404537
0.123370	0.385296
0.123370	0.489458
0.123370	0.403273
0.123370	0.405057
0.137513	0.331509
0.137513	0.273467
0.137513	0.308214
0.137513	0.328282
0.137513	0.262251
0.137513	0.408089
0.137513	0.495230
0.109829	0.135067
0.109829	0.118388
0.109829	0.128501
0.109829	0.129945
0.109829	0.110912
0.109829	0.099615
0.109829	0.114404
0.109829	0.093369
0.075533	0.213946
0.075533	0.203165
0.075533	0.244981
0.075533	0.235967
0.075533	0.244065
0.075533	0.226460
0.075533	0.297262
0.075533	0.279486
0.075533	0.374424
0.238378	0.143620
0.238378	0.141234
0.238378	0.169808
0.238378	0.194969
0.238378	0.139233
0.218209	0.186404
0.218209	0.215034
0.218209	0.226280
0.218209	0.288322
0.218209	0.254214
0.218209	0.250182
0.152524	0.214709
0.152524	0.203063
0.152524	0.209466
0.152524	0.204304
0.152524	0.194483
0.297876	0.412436
0.297876	0.350891
0.297876	0.376838
0.297876	0.460915
0.297876	0.432836
0.297876	0.393933
0.297876	0.354582
0.297876	0.328141
0.297876	0.329057
0.126447	0.242031
0.126447	0.220992
0.126447	0.246203
0.126447	0.294398
0.126447	0.195695
0.126447	0.266742
0.126447	0.319485
0.136841	0.178124
0.136841	0.158066
0.136841	0.200794
0.136841	0.254009
0.136841	0.253871
0.136841	0.268943
0.136841	0.222081
0.135456	0.427331
0.135456	0.479121
0.135456	0.473739
0.135456	0.429527
0.135456	0.446407
0.135456	0.452576
0.135456	0.429164
0.135456	0.490277
0.067317	0.429315
0.067317	0.429664
0.067317	0.446603
0.067317	0.494698
0.067317	0.568987
0.067317	0.437241
0.067317	0.371742
0.145165	0.397851
0.145165	0.405892
0.145165	0.383715
0.145165	0.393715
0.145165	0.458534
0.056201	0.199162
0.056201	0.136480
0.056201	0.210578
0.056201	0.238401
0.056201	0.144664
0.056201	0.157571
0.178376	0.220909
0.178376	0.244327
0.178376	0.297531
0.178376	0.434675
0.178376	0.325757
0.178376	0.237536
0.178376	0.635773
0.178376	0.231406
0.119000	0.348698
0.119000	0.339726
0.119000	0.365794
0.119000	0.287189
0.119000	0.255197
0.119000	0.287452
0.119000	0.254260
0.119000	0.280552
0.119000	0.233868
0.119000	0.266274
0.119000	0.261531
0.119000	0.251992
0.119000	0.278259
0.119000	0.257963
0.273811	0.539064
0.273811	0.438193
0.273811	0.471921
0.273811	0.492484
0.273811	0.620463
0.273811	0.565380
0.273811	0.549461
0.273811	0.827612
0.273811	0.739536
0.301597	0.282044
0.301597	0.197113
0.301597	0.270926
0.301597	0.528271
0.301597	0.198760
0.301597	0.171095
0.301597	0.187966
0.301597	0.186355
0.301597	0.263235
0.301597	0.181438
0.301597	0.173712
0.301597	0.263817
