Ground Truth	Predictions
0.374859	0.350148
0.374859	0.293502
0.374859	0.264081
0.374859	0.288785
0.374859	0.278334
0.374859	0.270856
0.374859	0.274675
0.374859	0.271789
0.239025	0.348253
0.239025	0.369215
0.239025	0.339952
0.239025	0.334915
0.239025	0.314775
0.239025	0.315643
0.529824	0.336746
0.529824	0.291115
0.529824	0.330937
0.529824	0.346001
0.529824	0.351784
0.398162	0.267727
0.398162	0.274733
0.398162	0.268389
0.398162	0.299293
0.398162	0.256267
0.398162	0.251830
0.398162	0.314680
0.398162	0.346552
0.311349	0.411707
0.311349	0.329223
0.311349	0.360181
0.311349	0.343660
0.311349	0.430239
0.311349	0.383813
0.311349	0.359926
0.311349	0.340816
0.253332	0.316460
0.253332	0.321428
0.253332	0.311783
0.253332	0.295886
0.253332	0.324455
0.253332	0.292808
0.253332	0.318948
0.181104	0.379302
0.181104	0.376746
0.181104	0.375763
0.181104	0.348680
0.181104	0.431253
0.181104	0.391722
0.181104	0.394849
0.181104	0.379915
0.181104	0.301526
0.196528	0.223268
0.196528	0.267396
0.196528	0.212102
0.196528	0.192358
0.196528	0.251719
0.196528	0.204393
0.196528	0.256252
0.196528	0.240974
0.372714	0.156633
0.372714	0.142986
0.372714	0.162378
0.372714	0.156512
0.372714	0.166669
0.372714	0.286625
0.372714	0.242332
0.314377	0.325476
0.314377	0.323778
0.314377	0.309123
0.314377	0.318434
0.314377	0.336750
0.314377	0.330692
0.314377	0.337586
0.314377	0.339838
0.314377	0.306805
0.131198	0.216344
0.131198	0.235039
0.131198	0.218913
0.131198	0.229447
0.131198	0.250380
0.244306	0.140544
0.244306	0.142869
0.244306	0.149325
0.244306	0.134680
0.244306	0.144638
0.244306	0.117339
0.244306	0.148416
0.173145	0.218074
0.173145	0.215906
0.173145	0.230078
0.173145	0.223599
0.173145	0.245981
0.173145	0.231034
0.173145	0.209746
0.173145	0.214564
0.173145	0.216784
0.435132	0.256396
0.435132	0.227291
0.435132	0.252236
0.435132	0.295642
0.435132	0.231793
0.435132	0.215804
0.435132	0.216046
0.435132	0.254315
0.435132	0.224867
0.435132	0.233995
0.424387	0.098462
0.424387	0.104831
0.424387	0.108943
0.424387	0.098896
0.424387	0.099193
0.424387	0.071254
0.424387	0.089075
0.290164	0.097714
0.290164	0.096256
0.290164	0.102431
0.290164	0.171517
0.290164	0.096006
0.290164	0.183599
0.290164	0.193448
0.137066	0.100385
0.137066	0.116509
0.137066	0.120867
0.137066	0.120187
0.137066	0.086052
0.137066	0.173902
0.137066	0.095964
0.137066	0.096643
0.173489	0.182804
0.173489	0.186351
0.173489	0.126748
0.173489	0.117082
0.262954	0.127406
0.262954	0.145074
0.262954	0.114008
0.262954	0.138227
0.262954	0.167331
0.262954	0.193482
0.262954	0.188138
0.195555	0.236678
0.195555	0.224355
0.195555	0.233660
0.195555	0.260766
0.195555	0.202657
0.195555	0.236445
0.128985	0.189991
0.128985	0.196782
0.128985	0.206211
0.128985	0.185040
0.128985	0.211278
0.128985	0.240234
0.203004	0.136103
0.203004	0.128605
0.203004	0.141414
0.203004	0.179891
0.203004	0.136105
0.203004	0.125101
0.203004	0.132693
0.203004	0.139941
0.133580	0.122544
0.133580	0.145145
0.133580	0.135073
0.133580	0.126961
0.133580	0.128012
0.133580	0.173328
0.133580	0.165858
0.133580	0.211588
0.119796	0.139412
0.119796	0.080188
0.119796	0.108565
0.119796	0.152825
0.119796	0.104283
0.119796	0.106781
0.119796	0.139116
0.259510	0.225331
0.259510	0.221345
0.259510	0.223604
0.259510	0.221227
0.259510	0.224607
0.259510	0.226163
0.259510	0.225891
0.259510	0.265111
0.259510	0.242442
0.259510	0.236547
0.101098	0.216876
0.101098	0.190304
0.101098	0.222738
0.101098	0.239151
0.101098	0.233989
0.101098	0.188044
0.101098	0.193592
0.101098	0.225036
0.101098	0.203547
0.101098	0.270707
0.101098	0.213936
0.162869	0.285876
0.162869	0.258237
0.162869	0.286246
0.162869	0.293561
0.162869	0.273641
0.162869	0.235843
0.162869	0.251457
0.162869	0.203961
0.161136	0.262347
0.161136	0.292573
0.161136	0.292774
0.161136	0.248080
0.161136	0.254144
0.161136	0.292282
0.161136	0.271238
0.161136	0.313268
0.161136	0.217887
0.304742	0.232874
0.304742	0.184991
0.304742	0.241850
0.304742	0.295396
0.304742	0.235610
0.304742	0.243696
0.304742	0.242203
0.298441	0.162743
0.298441	0.228381
0.298441	0.223930
0.298441	0.295087
0.298441	0.162498
0.298441	0.211257
0.298441	0.478961
0.298441	0.204243
0.325222	0.156634
0.325222	0.275638
0.325222	0.168211
0.325222	0.158045
0.366954	0.452460
0.366954	0.387919
0.366954	0.416400
0.366954	0.476875
0.366954	0.412453
0.366954	0.464605
0.366954	0.414153
0.366954	0.412590
0.366954	0.403150
0.366954	0.470377
0.366954	0.315773
0.211967	0.400692
0.211967	0.414844
0.211967	0.342898
0.211967	0.363291
0.363877	0.547331
0.363877	0.509524
0.363877	0.536492
0.363877	0.609492
0.363877	0.521181
0.363877	0.549036
0.363877	0.553437
0.363877	0.553015
0.363877	0.595058
0.363877	0.610866
0.621171	0.432178
0.621171	0.543955
0.621171	0.444407
0.621171	0.502722
0.621171	0.630458
0.621171	0.637037
0.621171	0.616047
0.621171	0.642042
0.621171	0.610310
0.621171	0.618656
0.621171	0.617092
0.374591	0.265809
0.374591	0.274988
0.374591	0.254718
0.374591	0.249844
0.366960	0.217293
0.366960	0.206722
0.366960	0.216220
0.366960	0.203814
0.366960	0.252151
0.366960	0.248852
0.287834	0.122285
0.287834	0.102365
0.287834	0.105954
0.287834	0.110474
0.287834	0.134271
0.287834	0.154700
0.287834	0.338706
0.205978	0.150028
0.205978	0.141188
0.205978	0.155012
0.205978	0.144738
0.205978	0.138103
0.205978	0.169167
0.205978	0.173171
0.205978	0.155853
0.205978	0.162596
0.205978	0.153562
0.205978	0.167885
0.205978	0.210667
0.260324	0.161605
0.260324	0.155544
0.260324	0.178109
0.260324	0.169274
0.260324	0.184556
0.260324	0.179273
0.260324	0.169327
0.260324	0.210104
0.260324	0.176019
0.260324	0.207398
0.344915	0.083162
0.344915	0.074801
0.344915	0.084777
0.344915	0.090257
0.151821	0.132881
0.151821	0.117081
0.151821	0.129097
0.151821	0.136301
0.151821	0.136715
0.151821	0.204658
0.151821	0.157985
0.108832	0.117187
0.108832	0.113069
0.108832	0.141163
0.108832	0.137480
0.108832	0.114521
0.108832	0.147330
0.108832	0.161845
0.108832	0.207034
0.121909	0.207349
0.121909	0.225049
0.121909	0.264369
0.121909	0.239359
0.121909	0.211510
0.121909	0.223942
0.121909	0.243633
0.121909	0.199381
0.205897	0.344663
0.205897	0.306174
0.205897	0.329317
0.205897	0.325772
0.205897	0.320727
0.205897	0.258072
0.205897	0.312946
0.205897	0.298596
0.205897	0.262371
0.191085	0.186202
0.191085	0.228474
0.191085	0.207016
0.191085	0.170161
0.191085	0.201274
0.191085	0.215174
0.191085	0.354252
0.191085	0.292175
0.337094	0.223922
0.337094	0.208674
0.337094	0.205913
0.337094	0.238986
0.337094	0.259698
0.337094	0.211955
0.337094	0.200714
0.337094	0.199259
0.337094	0.221300
0.337094	0.196257
0.326737	0.076127
0.326737	0.074570
0.326737	0.079872
0.326737	0.074681
0.326737	0.074715
0.326737	0.080085
0.103010	0.069336
0.103010	0.066429
0.103010	0.081732
0.103010	0.077725
0.103010	0.158184
0.146750	0.068379
0.146750	0.065059
0.146750	0.071974
0.146750	0.068235
0.146750	0.073424
0.146750	0.070909
0.146750	0.070893
0.521481	0.153818
0.521481	0.141608
0.521481	0.140438
0.521481	0.130817
0.521481	0.165809
0.521481	0.149157
0.521481	0.311759
0.521481	0.209770
0.521481	0.402277
0.240957	0.094337
0.240957	0.085311
0.240957	0.111432
0.240957	0.111983
0.240957	0.100637
0.240957	0.158793
0.633374	0.195889
0.633374	0.196638
0.633374	0.210355
0.633374	0.265720
0.633374	0.270707
0.633374	0.195300
0.633374	0.319006
0.633374	0.282277
0.507361	0.310188
0.507361	0.333507
0.507361	0.321020
0.507361	0.409817
0.507361	0.360063
0.507361	0.296645
0.507361	0.312498
0.507361	0.338095
0.746796	0.352488
0.746796	0.332848
0.746796	0.375450
0.746796	0.381983
0.746796	0.357562
0.746796	0.390508
0.746796	0.345099
0.746796	0.349199
0.746796	0.310923
0.746796	0.351078
0.746796	0.367459
0.190161	0.365509
0.190161	0.306436
0.190161	0.332028
0.190161	0.336584
0.448699	0.371742
0.448699	0.348684
0.448699	0.347515
0.448699	0.336211
0.448699	0.352216
0.448699	0.422559
0.448699	0.368037
0.448699	0.366066
0.448699	0.441824
0.393785	0.199042
0.393785	0.200438
0.393785	0.176476
0.393785	0.158006
0.393785	0.198881
0.393785	0.168613
0.393785	0.305537
0.231588	0.216524
0.231588	0.206514
0.231588	0.218276
0.231588	0.200778
0.231588	0.259785
0.231588	0.264783
0.094301	0.327582
0.094301	0.315713
0.094301	0.312013
0.094301	0.290833
0.094301	0.338756
0.094301	0.382305
0.094301	0.354529
0.094301	0.320258
0.094301	0.381799
0.503054	0.178140
0.503054	0.187352
0.503054	0.168071
0.503054	0.170900
0.503054	0.212160
0.503054	0.175831
0.503054	0.303476
0.503054	0.191883
0.503054	0.164071
0.503054	0.180713
0.503054	0.169684
0.241712	0.121680
0.241712	0.123596
0.241712	0.139905
0.241712	0.130998
0.241712	0.123741
0.241712	0.130256
0.241712	0.151376
0.241712	0.150014
0.150118	0.210890
0.150118	0.219831
0.150118	0.220223
0.150118	0.208427
0.150118	0.210084
0.150118	0.241566
0.150118	0.281441
0.359675	0.287948
0.359675	0.289699
0.359675	0.283204
0.359675	0.279367
0.359675	0.282760
0.359675	0.365945
0.359675	0.271306
0.359675	0.351955
0.359675	0.347403
0.505760	0.117007
0.505760	0.102649
0.505760	0.111961
0.505760	0.104969
0.332809	0.162555
0.332809	0.179475
0.332809	0.179750
0.332809	0.182306
0.332809	0.178657
0.332809	0.164903
0.332809	0.260156
0.332809	0.198521
0.238282	0.205588
0.238282	0.242555
0.238282	0.196174
0.238282	0.210120
0.238282	0.207739
0.238282	0.249336
0.238282	0.286622
0.238282	0.318919
0.506151	0.177208
0.506151	0.161722
0.506151	0.171720
0.506151	0.192217
0.506151	0.186368
0.506151	0.182257
0.506151	0.158693
0.506151	0.241289
0.527848	0.180696
0.527848	0.183187
0.527848	0.203840
0.527848	0.268984
0.527848	0.182290
0.527848	0.185141
0.527848	0.176901
0.527848	0.216206
0.527848	0.217485
0.507631	0.296365
0.507631	0.308111
0.507631	0.295349
0.507631	0.314778
0.507631	0.332267
0.507631	0.280466
0.507631	0.291712
0.507631	0.299101
0.502594	0.248462
0.502594	0.269195
0.502594	0.307445
0.502594	0.338963
0.502594	0.236093
0.502594	0.259761
0.502594	0.288903
0.502594	0.297149
0.502594	0.280397
0.502594	0.358268
0.502594	0.349894
0.273646	0.196306
0.273646	0.219773
0.273646	0.179562
0.273646	0.186704
0.273646	0.221753
0.273646	0.183604
0.034327	0.383556
0.034327	0.367714
0.034327	0.350256
0.034327	0.378728
0.034327	0.311061
0.034327	0.335668
0.034327	0.273339
0.034327	0.344436
0.034327	0.359328
0.034327	0.365390
0.070710	0.223464
0.070710	0.273062
0.070710	0.324316
0.070710	0.355956
0.070710	0.222662
0.070710	0.216851
0.070710	0.196232
0.041087	0.297572
0.041087	0.262412
0.041087	0.297064
0.041087	0.331134
0.041087	0.224169
0.041087	0.275858
0.041087	0.307789
0.041087	0.302244
0.274833	0.158338
0.274833	0.151160
0.274833	0.140025
0.274833	0.186464
0.274833	0.153630
0.274833	0.111201
0.274833	0.096455
0.271740	0.122231
0.271740	0.121344
0.271740	0.119077
0.271740	0.137765
0.271740	0.137640
0.271740	0.126452
0.271740	0.127481
0.271740	0.214142
0.278211	0.143614
0.278211	0.133049
0.278211	0.113855
0.278211	0.101241
0.278211	0.229677
0.278211	0.158408
0.345101	0.141925
0.345101	0.089572
0.345101	0.112845
0.345101	0.127617
0.345101	0.092105
0.345101	0.088797
0.345101	0.077018
0.345101	0.078373
0.373557	0.119214
0.373557	0.123278
0.373557	0.114079
0.373557	0.152986
0.373557	0.108460
0.373557	0.116655
0.373557	0.109961
0.373557	0.247625
0.088465	0.057912
0.088465	0.058180
0.088465	0.066363
0.088465	0.055934
0.439450	0.061325
0.439450	0.053404
0.439450	0.070065
0.439450	0.057009
0.439450	0.051745
0.439450	0.061590
0.439450	0.049298
0.439450	0.077814
0.303937	0.052281
0.303937	0.062680
0.303937	0.062932
0.303937	0.059225
0.303937	0.074162
0.303937	0.067773
0.522827	0.105490
0.522827	0.072103
0.522827	0.088580
0.522827	0.157651
0.522827	0.125772
0.522827	0.085065
0.522827	0.097110
0.522827	0.108765
0.349987	0.197581
0.349987	0.215288
0.349987	0.228558
0.349987	0.207356
0.349987	0.211007
0.349987	0.217610
0.349987	0.226354
0.349987	0.208742
0.349987	0.194412
0.349987	0.212245
0.349987	0.287718
0.340819	0.278910
0.340819	0.279852
0.340819	0.244321
0.340819	0.299363
0.340819	0.231667
0.340819	0.250383
0.599546	0.330762
0.599546	0.342857
0.599546	0.335307
0.599546	0.339360
0.599546	0.329319
0.599546	0.331015
0.599546	0.350389
0.599546	0.349206
0.599546	0.290934
0.671273	0.203495
0.671273	0.238851
0.671273	0.197097
0.671273	0.208283
0.614060	0.177786
0.614060	0.173372
0.614060	0.166138
0.614060	0.173703
0.614060	0.179458
0.614060	0.273466
0.466966	0.160424
0.466966	0.128487
0.466966	0.145932
0.466966	0.154790
0.466966	0.150790
0.466966	0.176670
0.466966	0.145058
0.219724	0.058430
0.219724	0.058945
0.219724	0.071467
0.219724	0.057680
0.219724	0.058246
0.219724	0.079058
0.219724	0.097738
0.219724	0.080356
0.424104	0.056403
0.424104	0.042646
0.424104	0.060211
0.424104	0.064292
0.424104	0.064311
0.424104	0.059815
0.424104	0.063792
0.169882	0.058417
0.169882	0.057063
0.169882	0.063258
0.169882	0.056514
0.169882	0.049578
0.169882	0.062687
0.169882	0.057621
0.223104	0.080321
0.223104	0.085004
0.223104	0.089149
0.223104	0.075072
0.223104	0.105303
0.223104	0.093938
0.223104	0.402010
0.223104	0.090717
0.149014	0.121878
0.149014	0.129657
0.149014	0.122600
0.149014	0.137387
0.149014	0.205986
0.149014	0.125583
0.149014	0.114901
0.175116	0.192223
0.175116	0.164147
0.175116	0.175048
0.175116	0.258032
0.175116	0.165457
0.175116	0.180353
0.175116	0.181673
0.175116	0.215636
0.175116	0.199035
0.175116	0.189408
0.175116	0.178909
0.175116	0.242438
0.127103	0.224380
0.127103	0.174947
0.127103	0.204832
0.127103	0.271283
0.127103	0.260431
0.127103	0.186682
0.127103	0.200908
0.127103	0.197811
0.062574	0.246060
0.062574	0.226011
0.062574	0.233157
0.062574	0.290429
0.062574	0.235149
0.062574	0.254100
0.062574	0.205976
0.062574	0.193925
0.062574	0.177701
0.095044	0.236345
0.095044	0.211738
0.095044	0.215160
0.095044	0.255338
0.095044	0.163215
0.095044	0.224132
0.095044	0.242408
0.095044	0.222947
0.095044	0.237950
0.095044	0.243288
0.171553	0.142410
0.171553	0.265467
0.171553	0.255720
0.171553	0.198856
0.132565	0.435370
0.132565	0.376301
0.132565	0.421363
0.132565	0.382059
0.132565	0.477598
0.132565	0.461143
0.132565	0.501328
0.132565	0.455806
0.051112	0.169717
0.051112	0.141916
0.051112	0.135884
0.051112	0.113910
0.051112	0.156689
0.051112	0.124431
0.051112	0.131751
0.051112	0.146801
0.052106	0.353819
0.052106	0.318050
0.052106	0.289266
0.052106	0.433399
0.052106	0.399805
0.052106	0.353814
0.052106	0.443524
0.052106	0.474822
0.052106	0.442268
0.052106	0.309489
0.052106	0.308648
0.104397	0.472110
0.104397	0.462590
0.104397	0.454193
0.104397	0.445439
0.104397	0.471453
0.104397	0.498674
0.104397	0.484976
0.104397	0.491843
0.091779	0.179711
0.091779	0.147974
0.091779	0.128663
0.091779	0.146535
0.091779	0.142677
0.091779	0.135548
0.091779	0.156763
0.091779	0.139542
0.091779	0.117557
0.091779	0.183234
0.091779	0.160132
0.050373	0.106908
0.050373	0.092118
0.050373	0.081778
0.050373	0.093704
0.050373	0.085681
0.050373	0.084542
0.050373	0.080750
0.050373	0.089145
0.137146	0.298946
0.137146	0.309671
0.137146	0.320358
0.137146	0.326909
0.137146	0.318898
0.137146	0.290121
0.137146	0.293247
0.137146	0.310677
0.137146	0.302640
0.137146	0.312674
0.137146	0.346263
0.273784	0.264377
0.273784	0.268630
0.273784	0.278550
0.273784	0.231136
0.273784	0.245565
0.273784	0.202911
0.273784	0.201902
0.273784	0.264889
0.250179	0.253136
0.250179	0.328514
0.250179	0.285905
0.250179	0.295637
0.250179	0.324329
0.250179	0.183848
0.250179	0.197498
0.250179	0.392597
0.250179	0.229381
0.154966	0.219661
0.154966	0.152856
0.154966	0.233494
0.154966	0.202786
0.154966	0.164684
0.154966	0.206419
0.154966	0.172932
0.118596	0.213783
0.118596	0.201693
0.118596	0.220658
0.118596	0.216664
0.118596	0.223983
0.118596	0.200934
0.118596	0.188822
0.118596	0.193840
0.118596	0.204688
0.118596	0.221959
0.044212	0.216634
0.044212	0.213889
0.044212	0.223359
0.044212	0.210681
0.044212	0.214785
0.044212	0.151868
0.044212	0.194972
0.044212	0.174187
0.019656	0.098439
0.019656	0.134170
0.019656	0.124269
0.019656	0.081225
0.019656	0.135651
0.019656	0.120417
0.019656	0.126495
0.043258	0.122191
0.043258	0.127404
0.043258	0.129159
0.043258	0.066629
0.043258	0.130091
0.043258	0.085416
0.043258	0.145529
0.123313	0.047433
0.123313	0.044236
0.123313	0.040425
0.123313	0.034701
0.123313	0.044814
0.123313	0.034389
0.123313	0.036925
0.036460	0.190308
0.036460	0.165974
0.036460	0.180549
0.036460	0.162235
0.036460	0.184153
0.036460	0.184558
0.036460	0.114138
0.036460	0.150367
0.036460	0.201480
0.041881	0.106258
0.041881	0.079119
0.041881	0.098225
0.041881	0.111340
0.041881	0.134022
0.041881	0.111057
0.041881	0.120111
0.041881	0.091377
0.083594	0.032052
0.083594	0.028851
0.083594	0.032940
0.083594	0.030048
0.083594	0.027090
0.083594	0.026102
0.083594	0.023093
0.083594	0.031933
0.074994	0.023729
0.074994	0.032242
0.074994	0.035896
0.074994	0.029792
0.074994	0.022061
0.074994	0.019720
0.074994	0.019273
0.074994	0.018168
0.081458	0.028284
0.081458	0.085572
0.081458	0.049327
0.081458	0.046294
0.059773	0.063345
0.059773	0.074851
0.059773	0.073969
0.059773	0.068707
0.059773	0.053318
0.059773	0.068029
0.059773	0.071268
0.059773	0.056501
0.059773	0.119721
0.059773	0.069371
0.059773	0.117138
0.088899	0.019025
0.088899	0.019595
0.088899	0.023359
0.088899	0.018985
0.063198	0.053710
0.063198	0.051568
0.063198	0.076005
0.063198	0.065203
0.063198	0.053700
0.063198	0.055277
0.063198	0.037839
0.063198	0.097120
0.068977	0.136683
0.068977	0.182463
0.068977	0.187283
0.068977	0.198505
0.068977	0.152805
0.068977	0.260482
0.068977	0.168613
0.068977	0.170113
0.068977	0.264096
0.059894	0.036583
0.059894	0.047840
0.059894	0.043305
0.059894	0.035296
0.059894	0.033354
0.059894	0.029158
0.059894	0.043513
0.056249	0.045879
0.056249	0.046942
0.056249	0.047293
0.056249	0.040548
0.056249	0.033515
0.067756	0.142309
0.067756	0.231332
0.067756	0.198588
0.067756	0.312990
0.067756	0.197816
0.067756	0.194959
0.067756	0.231566
0.067756	0.183570
0.067756	0.276121
0.044074	0.064775
0.044074	0.053095
0.044074	0.084086
0.044074	0.078983
0.042556	0.094263
0.042556	0.118445
0.042556	0.113173
0.042556	0.131711
0.042556	0.110311
0.042556	0.114093
0.042556	0.128281
0.042556	0.247866
0.061461	0.216922
0.061461	0.236517
0.061461	0.248327
0.061461	0.236674
0.061461	0.204370
0.061461	0.250416
0.061461	0.212342
0.061461	0.198865
0.061461	0.274494
0.112550	0.360753
0.112550	0.379472
0.112550	0.360883
0.112550	0.337825
0.112550	0.341367
0.112550	0.346147
0.112550	0.313746
0.112550	0.303419
0.112550	0.314857
0.112550	0.331599
0.112550	0.355099
0.198728	0.207295
0.198728	0.197738
0.198728	0.200916
0.198728	0.197069
0.198728	0.197080
0.198728	0.176598
0.198728	0.206401
0.198728	0.262403
0.063971	0.328992
0.063971	0.349662
0.063971	0.335693
0.063971	0.286109
0.063971	0.383472
0.104566	0.383799
0.104566	0.291661
0.104566	0.345398
0.104566	0.353922
0.104566	0.343277
0.104566	0.292308
0.259981	0.400074
0.259981	0.379047
0.259981	0.407580
0.259981	0.438487
0.259981	0.384672
0.259981	0.381014
0.259981	0.409798
0.259981	0.384006
0.259981	0.333480
0.025144	0.406118
0.025144	0.429558
0.025144	0.411214
0.025144	0.459883
0.025144	0.454679
0.025144	0.469997
0.025144	0.441051
0.025144	0.366255
0.025144	0.203119
0.257542	0.362780
0.257542	0.384158
0.257542	0.366522
0.257542	0.390681
0.257542	0.368286
0.257542	0.343477
0.257542	0.467587
0.257542	0.316913
0.257542	0.550051
0.257542	0.328820
0.257542	0.554734
0.018777	0.429266
0.018777	0.407530
0.018777	0.451772
0.018777	0.470783
0.018777	0.414526
0.018777	0.340005
0.018777	0.350339
0.199880	0.415124
0.199880	0.470552
0.199880	0.491669
0.199880	0.567449
0.199880	0.474121
0.199880	0.446212
0.199880	0.526201
0.199880	0.455529
0.199880	0.513409
0.199880	0.505422
0.064128	0.552674
0.064128	0.583194
0.064128	0.616042
0.064128	0.620770
0.064128	0.588221
0.064128	0.487519
0.064128	0.518197
0.064128	0.486989
0.064128	0.468227
0.064128	0.527700
0.064128	0.487674
0.137326	0.482614
0.137326	0.467681
0.137326	0.438302
0.137326	0.437767
0.137326	0.509641
0.137326	0.461963
0.137326	0.486528
0.137326	0.505669
0.081418	0.256578
0.081418	0.225516
0.081418	0.220899
0.081418	0.227748
0.081418	0.213214
0.081418	0.191068
0.081418	0.208120
0.081418	0.139193
0.079926	0.166419
0.079926	0.142935
0.079926	0.177876
0.079926	0.155050
0.079926	0.158349
0.079902	0.137019
0.079902	0.128108
0.079902	0.147247
0.079902	0.131690
0.079902	0.161036
0.104337	0.530678
0.104337	0.466112
0.104337	0.597017
0.104337	0.569094
0.104337	0.505089
0.104337	0.551295
0.104337	0.496892
0.104337	0.574071
0.104337	0.576969
0.104337	0.577299
0.104337	0.557548
0.304621	0.403720
0.304621	0.420407
0.304621	0.395297
0.304621	0.415874
0.304621	0.390191
0.304621	0.405047
0.304621	0.600053
0.304621	0.403522
0.095185	0.263396
0.095185	0.178027
0.095185	0.186209
0.095185	0.190067
0.095185	0.144446
0.095185	0.185706
0.258099	0.256493
0.258099	0.254701
0.258099	0.328679
0.258099	0.224713
0.258099	0.226894
0.258099	0.360617
0.258099	0.411143
0.258099	0.386641
0.064982	0.164971
0.064982	0.122117
0.064982	0.118824
0.064982	0.127378
0.064982	0.177956
0.064982	0.087136
0.064982	0.096390
0.064982	0.090608
0.060462	0.209427
0.060462	0.225831
0.060462	0.200826
0.060462	0.173165
0.060462	0.240555
0.060462	0.223701
0.060462	0.206695
0.060462	0.295953
0.125288	0.268621
0.125288	0.267630
0.125288	0.289912
0.125288	0.269922
0.125288	0.257775
0.125288	0.217916
0.125288	0.259115
0.125288	0.315436
0.125288	0.356318
0.054612	0.303198
0.054612	0.250430
0.054612	0.310394
0.054612	0.276679
0.054612	0.250525
0.054612	0.234326
0.054612	0.319496
0.054612	0.269542
0.054612	0.287029
0.090663	0.198443
0.090663	0.195011
0.090663	0.210093
0.090663	0.190002
0.090663	0.233008
0.090663	0.216303
0.090663	0.138491
0.090663	0.239823
0.090663	0.173653
0.090663	0.204602
0.090663	0.169326
0.064725	0.189155
0.064725	0.201437
0.064725	0.277802
0.064725	0.305947
0.064725	0.161275
0.064725	0.284723
0.064725	0.241148
0.054220	0.125261
0.054220	0.103068
0.054220	0.175688
0.054220	0.140088
0.054220	0.131629
0.054220	0.110916
0.054220	0.111526
0.078006	0.322268
0.078006	0.325276
0.078006	0.370449
0.078006	0.394897
0.078006	0.305778
0.078006	0.352020
0.078006	0.240686
0.078006	0.337989
0.078006	0.297509
0.286107	0.111746
0.286107	0.125434
0.286107	0.138699
0.286107	0.092528
0.286107	0.113105
0.286107	0.132280
0.286107	0.103800
0.407750	0.113982
0.407750	0.106839
0.407750	0.147127
0.407750	0.141393
0.407750	0.136933
0.484690	0.355921
0.484690	0.514465
0.484690	0.324255
0.484690	0.470195
0.484690	0.531354
0.484690	0.499460
0.484690	0.438799
0.484690	0.472992
0.737680	0.324750
0.737680	0.492731
0.737680	0.307239
0.737680	0.350458
0.737680	0.284992
0.737680	0.270187
0.737680	0.322522
0.737680	0.255389
0.737680	0.278311
0.737680	0.251670
0.737680	0.239429
0.578678	0.354473
0.578678	0.414354
0.578678	0.185796
0.578678	0.416088
1.000000	0.174057
1.000000	0.246592
1.000000	0.257682
1.000000	0.218615
1.000000	0.136679
1.000000	0.147209
1.000000	0.138727
1.000000	0.278580
0.139096	0.590523
0.139096	0.491439
0.139096	0.515314
0.139096	0.501239
0.139096	0.389424
0.139096	0.435679
0.139096	0.462179
0.139096	0.525218
0.126878	0.468752
0.126878	0.417515
0.126878	0.442807
0.126878	0.350008
0.126878	0.512631
0.126878	0.527422
0.126878	0.510263
0.226620	0.406562
0.226620	0.294820
0.226620	0.275431
0.226620	0.322068
0.226620	0.301986
0.226620	0.244109
0.226620	0.350548
0.227737	0.158721
0.227737	0.145940
0.227737	0.161329
0.227737	0.159091
0.227737	0.126300
0.227737	0.209625
0.227737	0.212435
0.227737	0.189657
0.227737	0.242859
0.061540	0.159521
0.061540	0.121857
0.061540	0.136116
0.061540	0.151158
0.061540	0.208695
0.061540	0.264448
0.061540	0.232754
0.061540	0.295180
0.061540	0.229027
0.061540	0.255071
0.061540	0.244537
0.061540	0.280574
0.061540	0.336359
0.061540	0.390471
0.078646	0.244527
0.078646	0.260865
0.078646	0.227343
0.078646	0.228036
0.078646	0.248500
0.078646	0.253227
0.078646	0.249201
0.078646	0.250162
0.150254	0.219168
0.150254	0.161066
0.150254	0.163920
0.150254	0.152006
0.150254	0.217099
0.086838	0.244078
0.086838	0.197912
0.086838	0.232643
0.086838	0.207185
0.086838	0.253020
0.086838	0.194814
0.086838	0.190447
0.086838	0.335247
0.222302	0.334621
0.222302	0.338456
0.222302	0.381948
0.222302	0.343130
0.222302	0.456352
0.222302	0.404091
0.222302	0.327204
0.222302	0.411948
0.222302	0.365696
0.087823	0.263834
0.087823	0.262742
0.087823	0.268679
0.087823	0.303073
0.087823	0.315479
0.087823	0.402217
0.141317	0.307175
0.141317	0.363000
0.141317	0.337707
0.141317	0.390449
0.141317	0.346095
0.141317	0.342976
0.141317	0.351656
0.141317	0.351213
0.101468	0.376075
0.101468	0.392647
0.101468	0.394236
0.101468	0.410652
0.101468	0.375658
0.101468	0.366207
0.101468	0.324137
0.101468	0.394046
0.101468	0.389292
0.032242	0.396940
0.032242	0.379279
0.032242	0.429109
0.032242	0.421754
0.032242	0.354289
0.032242	0.457185
0.032242	0.457796
0.087579	0.450086
0.087579	0.467490
0.087579	0.490377
0.087579	0.489235
0.087579	0.411343
0.087579	0.432475
0.087579	0.393739
0.087579	0.439394
0.087579	0.467053
0.048905	0.446889
0.048905	0.408518
0.048905	0.492265
0.048905	0.509483
0.048905	0.439246
0.048905	0.355318
0.048905	0.385864
0.048905	0.319064
0.048905	0.251591
0.063054	0.440780
0.063054	0.451322
0.063054	0.454113
0.063054	0.476128
0.063054	0.482516
0.063054	0.503387
0.063054	0.438656
0.063054	0.547498
0.063054	0.507221
0.063054	0.539752
0.063054	0.531551
0.046994	0.393588
0.046994	0.416335
0.046994	0.441206
0.046994	0.416645
0.046994	0.366099
0.046994	0.438078
0.046994	0.460299
0.046102	0.384170
0.046102	0.363965
0.046102	0.322866
0.046102	0.315380
0.046102	0.416226
0.046102	0.373371
0.046102	0.407966
0.046016	0.414385
0.046016	0.337464
0.046016	0.434162
0.046016	0.377828
0.046016	0.357086
0.046016	0.375398
0.046016	0.318718
0.046016	0.346707
0.046016	0.314958
0.121901	0.287249
0.121901	0.287046
0.121901	0.296837
0.121901	0.297133
0.121901	0.370204
0.121901	0.254566
0.049054	0.270498
0.049054	0.255316
0.049054	0.252488
0.049054	0.256290
0.049054	0.272324
0.049054	0.310596
0.049054	0.382764
0.049054	0.372917
0.055638	0.067462
0.055638	0.048741
0.055638	0.052617
0.055638	0.038988
0.055638	0.049586
0.055638	0.035420
0.055638	0.058190
0.115611	0.122140
0.115611	0.089741
0.115611	0.078246
0.115611	0.082182
0.115611	0.098214
0.115611	0.120165
0.115611	0.066149
0.115611	0.088213
0.115611	0.087417
0.115611	0.071274
0.115611	0.070731
0.115611	0.075240
0.115611	0.088552
0.115611	0.091556
0.030059	0.043760
0.030059	0.049032
0.030059	0.059026
0.030059	0.052673
0.030059	0.052078
0.030059	0.166406
0.044653	0.039876
0.044653	0.039752
0.044653	0.038311
0.044653	0.030634
0.044653	0.030345
0.044653	0.035195
0.044653	0.043498
0.044653	0.037899
0.044653	0.034386
0.044653	0.035130
0.044653	0.027090
0.133176	0.014041
0.133176	0.014948
0.133176	0.014164
0.133176	0.012302
0.122013	0.021005
0.122013	0.023823
0.122013	0.029814
0.122013	0.021183
0.122013	0.023557
0.122013	0.025174
0.122013	0.026742
0.081696	0.032278
0.081696	0.035006
0.081696	0.033114
0.081696	0.030772
0.081696	0.042295
0.081696	0.064678
0.081696	0.055509
0.081696	0.032200
0.097831	0.011888
0.097831	0.014391
0.097831	0.013996
0.097831	0.011734
0.097831	0.014361
0.097831	0.015736
0.097831	0.015413
0.097831	0.022599
0.116986	0.051591
0.116986	0.050841
0.116986	0.064001
0.116986	0.046240
0.116986	0.042527
0.116986	0.053968
0.116986	0.054335
0.116986	0.063778
0.116986	0.078124
0.116986	0.060254
0.116986	0.072436
0.116986	0.079479
0.116986	0.060795
0.116986	0.070993
0.077302	0.080893
0.077302	0.112497
0.077302	0.095576
0.077302	0.091515
0.077302	0.130855
0.077302	0.129894
0.077302	0.174656
0.077302	0.177203
0.077302	0.258823
0.064577	0.031522
0.064577	0.022935
0.064577	0.021192
0.064577	0.018198
0.064577	0.025071
0.064577	0.034055
0.064577	0.020406
0.064577	0.032168
0.158259	0.032923
0.158259	0.033054
0.158259	0.045740
0.158259	0.071384
0.158259	0.036462
0.158259	0.032736
0.158259	0.036887
0.158259	0.028403
0.129233	0.048350
0.129233	0.090508
0.129233	0.071617
0.129233	0.095614
0.129233	0.056423
0.129233	0.057758
0.129233	0.053196
0.134423	0.171177
0.134423	0.168374
0.134423	0.183922
0.134423	0.191153
0.134423	0.170076
0.134423	0.174523
0.134423	0.166279
0.134423	0.161206
0.134423	0.195359
0.134423	0.218455
0.134423	0.186158
0.059741	0.062433
0.059741	0.082825
0.059741	0.086974
0.059741	0.110115
0.100697	0.110920
0.100697	0.116232
0.100697	0.136047
0.100697	0.155675
0.100697	0.087353
0.079273	0.307333
0.079273	0.303599
0.079273	0.270572
0.079273	0.274523
0.079273	0.382507
0.079273	0.266582
0.079273	0.324831
0.136136	0.095874
0.136136	0.065306
0.136136	0.091895
0.136136	0.100384
0.136136	0.091423
0.136136	0.101725
0.136136	0.133096
0.502559	0.140894
0.502559	0.176554
0.502559	0.175285
0.502559	0.181307
0.502559	0.201093
0.502559	0.152277
0.502559	0.152285
0.502559	0.171753
0.502559	0.150733
0.502559	0.157910
0.502559	0.140663
0.502559	0.157094
0.284956	0.150181
0.284956	0.203068
0.284956	0.321250
0.284956	0.275452
0.284956	0.216153
0.284956	0.156995
0.284956	0.212413
0.894079	0.448735
0.894079	0.390430
0.894079	0.396401
0.894079	0.365310
0.894079	0.399039
0.894079	0.302729
0.894079	0.414349
0.894079	0.378383
0.521482	0.234764
0.521482	0.271852
0.521482	0.235818
0.521482	0.205502
0.521482	0.296211
0.521482	0.383777
0.521482	0.310651
0.521482	0.397613
0.227235	0.322799
0.227235	0.227315
0.227235	0.245043
0.227235	0.225266
0.227235	0.263963
0.227235	0.302929
0.227235	0.274795
0.300753	0.317258
0.300753	0.303966
0.300753	0.284808
0.300753	0.260020
0.300753	0.274118
0.300753	0.392098
0.300753	0.368536
0.333629	0.309736
0.333629	0.332310
0.333629	0.271490
0.333629	0.293219
0.333629	0.380220
0.333629	0.374491
0.333629	0.411394
0.333629	0.339159
0.333629	0.356476
0.333629	0.350858
0.333629	0.372714
0.333629	0.450006
0.245978	0.164518
0.245978	0.167521
0.245978	0.188731
0.245978	0.197210
0.245978	0.218661
0.245978	0.187236
0.245978	0.178961
0.245978	0.187948
0.040462	0.237269
0.040462	0.236321
0.040462	0.257730
0.040462	0.298553
0.040462	0.321466
0.040462	0.252159
0.040462	0.348872
0.040462	0.319432
0.097937	0.308799
0.097937	0.279350
0.097937	0.334113
0.097937	0.335316
0.097937	0.270148
0.097937	0.283532
0.097937	0.265015
0.097937	0.369184
0.097937	0.371726
0.135832	0.123801
0.135832	0.163456
0.135832	0.127026
0.135832	0.146406
0.169639	0.310057
0.169639	0.308138
0.169639	0.298990
0.169639	0.264681
0.169639	0.285174
0.169639	0.306350
0.169639	0.260425
0.169639	0.254475
0.169639	0.227016
0.169639	0.253753
0.169639	0.291875
0.146310	0.203449
0.146310	0.187807
0.146310	0.197600
0.146310	0.249386
0.146310	0.179785
0.146310	0.181178
0.146310	0.178676
0.146310	0.211356
0.146310	0.150807
0.146310	0.239299
0.146310	0.191410
0.217268	0.042421
0.217268	0.046843
0.217268	0.038747
0.217268	0.048165
0.217268	0.034835
0.217268	0.035757
0.217268	0.034423
0.217268	0.043345
0.186098	0.155778
0.186098	0.152671
0.186098	0.126789
0.186098	0.076325
0.186098	0.087220
0.186098	0.196830
0.186098	0.189420
0.186098	0.156068
0.069140	0.215627
0.069140	0.161894
0.069140	0.176276
0.069140	0.154925
0.069140	0.082031
0.069140	0.179278
0.069140	0.133735
0.069140	0.132657
0.069140	0.119784
0.077468	0.053408
0.077468	0.073394
0.077468	0.067550
0.077468	0.068878
0.077468	0.047348
0.077468	0.045853
0.077468	0.043408
0.133037	0.273234
0.133037	0.199329
0.133037	0.232671
0.133037	0.222949
0.133037	0.214360
0.133037	0.213260
0.133037	0.117368
0.133037	0.252594
0.133037	0.218128
0.233304	0.201046
0.233304	0.196168
0.233304	0.200043
0.233304	0.179393
0.233304	0.175180
0.233304	0.194017
0.233304	0.196084
0.233304	0.202351
0.233304	0.193380
0.233304	0.112628
0.233304	0.207352
0.233304	0.126678
0.089156	0.043886
0.089156	0.031472
0.089156	0.047062
0.089156	0.073921
0.089156	0.029729
0.089156	0.030702
0.116942	0.075987
0.116942	0.085874
0.116942	0.079490
0.116942	0.054326
0.116942	0.076844
0.116942	0.075066
0.116942	0.079176
0.054260	0.181347
0.054260	0.219919
0.054260	0.218153
0.054260	0.203449
0.054260	0.233541
0.054260	0.111134
0.054260	0.119046
0.054260	0.104198
0.064233	0.137488
0.064233	0.147170
0.064233	0.126212
0.064233	0.072462
0.064233	0.082817
0.064233	0.120740
0.064233	0.087921
0.074804	0.036858
0.074804	0.035812
0.074804	0.032501
0.074804	0.024351
0.074804	0.034090
0.074804	0.027623
0.074804	0.042913
0.074804	0.028520
0.058254	0.095057
0.058254	0.118186
0.058254	0.092252
0.058254	0.080236
0.058254	0.091494
0.058254	0.096545
0.058254	0.081527
0.058254	0.114585
0.058254	0.095451
0.058254	0.107579
0.058254	0.091233
0.058254	0.134157
0.045059	0.184523
0.045059	0.197013
0.045059	0.192420
0.045059	0.174630
0.045059	0.113694
0.045059	0.185525
0.045059	0.137436
0.045059	0.165123
0.045059	0.120958
0.125020	0.034434
0.125020	0.039326
0.125020	0.032496
0.125020	0.032462
0.125020	0.026768
0.125020	0.040339
0.125020	0.066292
0.143268	0.027835
0.143268	0.033137
0.143268	0.040676
0.143268	0.032966
0.143268	0.026004
0.143268	0.026679
0.143268	0.032244
0.143268	0.024698
0.029935	0.061102
0.029935	0.081597
0.029935	0.086665
0.029935	0.103908
0.029935	0.094491
0.029935	0.072922
0.029935	0.103887
0.029935	0.082678
0.084139	0.161777
0.084139	0.150672
0.084139	0.167596
0.084139	0.108091
0.084139	0.167742
0.084139	0.164415
0.084139	0.182068
0.084139	0.144576
0.084139	0.164793
0.070352	0.042059
0.070352	0.036905
0.070352	0.040911
0.070352	0.034685
0.070352	0.029817
0.070352	0.032709
0.114098	0.080855
0.114098	0.072571
0.114098	0.094010
0.114098	0.078816
0.114098	0.070109
0.114098	0.080715
0.114098	0.066348
0.114098	0.106801
0.114098	0.063237
0.114098	0.086993
0.114098	0.091295
0.114098	0.074043
0.114098	0.099389
0.114098	0.083807
0.054562	0.230385
0.054562	0.228160
0.054562	0.222735
0.054562	0.191505
0.054562	0.216735
0.054562	0.203175
0.054562	0.196089
0.054562	0.287264
0.054562	0.178195
0.054562	0.225688
0.134865	0.196360
0.134865	0.216865
0.134865	0.189871
0.134865	0.252816
0.134865	0.248321
0.134865	0.225473
0.134865	0.198703
0.145342	0.325143
0.145342	0.293157
0.145342	0.328158
0.145342	0.331162
0.145342	0.275750
0.145342	0.289707
0.145342	0.258711
0.145342	0.236158
0.145342	0.302186
0.140660	0.272560
0.140660	0.232848
0.140660	0.274956
0.140660	0.267172
0.140660	0.425874
0.045404	0.349267
0.045404	0.338953
0.045404	0.335087
0.045404	0.371452
0.045404	0.299716
0.045404	0.363742
0.045404	0.279604
0.045404	0.276452
0.045404	0.199773
0.105127	0.282653
0.105127	0.252481
0.105127	0.346238
0.105127	0.459508
0.105127	0.244812
0.105127	0.234847
0.105127	0.284377
0.105127	0.251453
0.143902	0.272854
0.143902	0.267354
0.143902	0.271592
0.143902	0.235572
0.143902	0.239234
0.143902	0.234285
0.143902	0.237245
0.143902	0.247911
0.143902	0.250559
0.143902	0.267736
0.143902	0.262420
0.148717	0.078868
0.148717	0.111891
0.148717	0.087099
0.148717	0.106296
0.148717	0.104889
0.148717	0.104883
0.148717	0.104561
0.075094	0.131085
0.075094	0.130170
0.075094	0.117759
0.075094	0.110091
0.075094	0.149436
0.075094	0.112849
0.038251	0.134414
0.038251	0.102875
0.038251	0.103440
0.038251	0.108177
0.038251	0.107085
0.038251	0.094400
0.038251	0.199638
0.038251	0.111815
0.038251	0.232654
0.038251	0.096635
0.038251	0.151285
0.118140	0.153425
0.118140	0.135373
0.118140	0.163625
0.118140	0.137849
0.118140	0.100649
0.118140	0.156856
0.126980	0.194106
0.126980	0.197806
0.126980	0.193579
0.126980	0.183599
0.126980	0.154385
0.126980	0.151468
0.126980	0.101897
0.126980	0.164042
0.126980	0.145709
0.073624	0.061660
0.073624	0.059214
0.073624	0.049436
0.073624	0.054527
0.073624	0.048310
0.073624	0.048343
0.073624	0.052688
0.073624	0.054666
0.042631	0.062562
0.042631	0.058535
0.042631	0.075069
0.042631	0.068078
0.042631	0.075683
0.042631	0.098586
0.042631	0.067330
0.077013	0.153608
0.077013	0.097352
0.077013	0.170112
0.077013	0.107245
0.077013	0.111516
0.077013	0.090151
0.134863	0.217972
0.134863	0.172208
0.134863	0.226555
0.134863	0.222643
0.134863	0.227927
0.134863	0.164436
0.134863	0.176337
0.134863	0.103766
0.134863	0.217124
0.134863	0.216212
0.134863	0.211413
0.043979	0.049333
0.043979	0.052544
0.043979	0.053424
0.043979	0.048126
0.043979	0.042132
0.043979	0.063523
0.043979	0.049372
0.043979	0.065255
0.081625	0.088848
0.081625	0.122830
0.081625	0.147800
0.081625	0.097253
0.081625	0.074529
0.081625	0.104178
0.073448	0.175813
0.073448	0.089583
0.073448	0.189712
0.073448	0.183445
0.073448	0.154573
0.083016	0.150003
0.083016	0.168750
0.083016	0.146225
0.083016	0.101477
0.083016	0.138008
0.083016	0.144783
0.083016	0.152512
0.083016	0.126201
0.059685	0.171519
0.059685	0.175642
0.059685	0.185948
0.059685	0.192834
0.059685	0.162764
0.059685	0.180377
0.059685	0.165269
0.059685	0.135890
0.059685	0.170171
0.059685	0.156564
0.059685	0.098051
0.052754	0.203160
0.052754	0.201482
0.052754	0.244633
0.052754	0.217870
0.052754	0.194932
0.052754	0.173826
0.115764	0.248875
0.115764	0.203977
0.115764	0.282082
0.115764	0.252170
0.115764	0.209706
0.115764	0.224855
0.115764	0.236587
0.251390	0.264103
0.251390	0.275007
0.251390	0.278938
0.251390	0.272066
0.251390	0.249809
0.251390	0.267228
0.251390	0.248857
0.251390	0.309750
0.251390	0.243729
0.251390	0.240600
0.251390	0.194567
0.102119	0.322775
0.102119	0.335706
0.102119	0.336031
0.102119	0.291181
0.102119	0.276510
0.102119	0.336194
0.102119	0.317923
0.102119	0.306034
0.059649	0.237976
0.059649	0.264757
0.059649	0.260574
0.059649	0.235641
0.275872	0.368322
0.275872	0.327654
0.275872	0.383479
0.275872	0.314876
0.275872	0.335486
0.275872	0.336866
0.275872	0.374106
0.275872	0.356921
0.275872	0.347705
0.419682	0.287626
0.419682	0.216381
0.419682	0.274680
0.419682	0.245099
0.419682	0.227311
0.419682	0.191718
0.419682	0.207198
0.419682	0.200199
0.419682	0.211210
0.419682	0.187311
0.095559	0.214454
0.095559	0.266822
0.095559	0.272450
0.095559	0.191221
0.095559	0.225413
0.095559	0.234292
0.095559	0.244170
0.095559	0.227534
0.095559	0.244778
0.095559	0.283640
0.095559	0.243617
0.095559	0.247473
0.112576	0.122054
0.112576	0.110710
0.112576	0.128320
0.112576	0.107497
0.112576	0.122983
0.112576	0.119152
0.112576	0.107631
0.133848	0.233636
0.133848	0.235399
0.133848	0.242885
0.133848	0.258867
0.133848	0.214773
0.133848	0.181242
0.133848	0.225792
0.133848	0.203343
0.133848	0.242145
0.133848	0.198790
0.217707	0.196179
0.217707	0.162928
0.217707	0.187538
0.217707	0.168295
0.217707	0.090497
0.217707	0.191799
0.217707	0.306283
0.130369	0.248721
0.130369	0.247460
0.130369	0.249592
0.130369	0.226603
0.130369	0.257681
0.130369	0.249167
0.130369	0.192249
0.130369	0.253606
0.047885	0.290229
0.047885	0.250324
0.047885	0.276793
0.047885	0.313238
0.047885	0.261749
0.034175	0.305056
0.034175	0.292553
0.034175	0.300338
0.034175	0.292860
0.034175	0.327287
0.034175	0.317625
0.034175	0.284381
0.167172	0.227225
0.167172	0.237561
0.167172	0.250730
0.167172	0.258360
0.167172	0.216557
0.167172	0.245872
0.167172	0.238279
0.167172	0.231173
0.167172	0.225479
0.167172	0.255236
0.167172	0.244391
0.167172	0.262830
0.170759	0.138359
0.170759	0.140857
0.170759	0.142601
0.170759	0.107225
0.170759	0.085147
0.170759	0.148613
0.170759	0.117586
0.063205	0.536248
0.063205	0.509932
0.063205	0.516674
0.063205	0.456627
0.063205	0.426458
0.063205	0.384749
0.063205	0.448193
0.063205	0.379873
0.108884	0.165524
0.108884	0.282291
0.108884	0.198772
0.108884	0.285820
0.108884	0.139012
0.108884	0.205357
0.108884	0.134659
0.106897	0.418380
0.106897	0.532288
0.106897	0.498511
0.106897	0.565646
0.106897	0.472958
0.106897	0.569561
0.106897	0.426831
0.106897	0.461641
0.106897	0.266754
