Ground Truth	Predictions
0.230392	0.628671
0.230392	0.450981
0.230392	0.458532
0.230392	0.381236
0.230392	0.479717
0.048935	0.508767
0.048935	0.438524
0.048935	0.506775
0.048935	0.494142
0.048935	0.405750
0.048935	0.473222
0.088315	0.452939
0.088315	0.451353
0.088315	0.445108
0.088315	0.461278
0.088315	0.483506
0.088315	0.353968
0.051802	0.412948
0.051802	0.444697
0.051802	0.433617
0.051802	0.489015
0.102937	0.448202
0.102937	0.407629
0.102937	0.452174
0.102937	0.435522
0.102937	0.418640
0.102937	0.370946
0.102937	0.442488
0.102937	0.372766
0.102937	0.401798
0.102937	0.405578
0.102937	0.311419
0.102937	0.323430
0.154034	0.459027
0.154034	0.466990
0.154034	0.517571
0.154034	0.457965
0.154034	0.428301
0.154034	0.517176
0.154034	0.453694
0.154034	0.507130
0.154034	0.456015
0.154034	0.550197
0.154034	0.502601
0.046722	0.240414
0.046722	0.171111
0.046722	0.189655
0.046722	0.177389
0.046722	0.208322
0.046722	0.206629
0.046611	0.145854
0.046611	0.133833
0.046611	0.150826
0.046611	0.129234
0.046611	0.104062
0.046611	0.120614
0.046611	0.150702
0.046030	0.165445
0.046030	0.163581
0.046030	0.246519
0.046030	0.203915
0.046030	0.168200
0.046030	0.197236
0.046030	0.195718
0.181943	0.352766
0.181943	0.309623
0.181943	0.461760
0.181943	0.450684
0.181943	0.450895
0.181943	0.395129
0.181943	0.345137
0.181943	0.414423
0.181943	0.343137
0.181943	0.417920
0.181943	0.417024
0.181943	0.402030
0.085713	0.316604
0.085713	0.293599
0.085713	0.342667
0.085713	0.283526
0.085713	0.271326
0.085713	0.265639
0.085713	0.225562
0.085713	0.284668
0.085713	0.276061
0.085713	0.244788
0.085713	0.270950
0.233535	0.323600
0.233535	0.241944
0.233535	0.291965
0.233535	0.274360
0.233535	0.298609
0.233535	0.575122
0.233535	0.511168
0.149575	0.313569
0.149575	0.293430
0.149575	0.327320
0.149575	0.320048
0.149575	0.268794
0.149575	0.313129
0.149575	0.322551
0.149575	0.376113
0.172838	0.515861
0.172838	0.538017
0.172838	0.587848
0.172838	0.685440
0.172838	0.653623
0.172838	0.614992
0.172838	0.665539
0.172838	0.630419
0.172838	0.673448
0.172838	0.633030
0.172838	0.606206
0.172838	0.569317
0.172838	0.520298
0.172838	0.459714
0.067319	0.348329
0.067319	0.359389
0.067319	0.390410
0.067319	0.359921
0.067319	0.346666
0.164526	0.423446
0.164526	0.423233
0.164526	0.420632
0.164526	0.434781
0.164526	0.384692
0.164526	0.383986
0.164526	0.361421
0.164526	0.354943
0.100036	0.569526
0.100036	0.476086
0.100036	0.501160
0.100036	0.585909
0.100036	0.559328
0.100036	0.590919
0.100036	0.524729
0.100036	0.512664
0.100036	0.525976
0.100036	0.452944
0.100036	0.537690
0.100036	0.456288
0.396444	0.425461
0.396444	0.402065
0.396444	0.402438
0.396444	0.378202
0.244565	0.482197
0.244565	0.460871
0.244565	0.474227
0.244565	0.545523
0.244565	0.457294
0.244565	0.522965
0.244565	0.471547
0.244565	0.519439
0.244565	0.536272
0.244565	0.475040
0.244565	0.730234
0.137996	0.433669
0.137996	0.441792
0.137996	0.444827
0.137996	0.477636
0.137996	0.434224
0.137996	0.396894
0.137996	0.415925
0.137996	0.403919
0.061705	0.441829
0.061705	0.447097
0.061705	0.454981
0.061705	0.427003
0.061705	0.468791
0.061705	0.449165
0.061705	0.506152
0.061705	0.424462
0.061705	0.528659
0.061705	0.425519
0.101552	0.397446
0.101552	0.352622
0.101552	0.349956
0.101552	0.394432
0.101552	0.398359
0.101552	0.341379
0.101552	0.344923
0.101552	0.423655
0.050906	0.253227
0.050906	0.234179
0.050906	0.241434
0.050906	0.252491
0.050906	0.220269
0.050906	0.217281
0.050906	0.221123
0.094171	0.392304
0.094171	0.360628
0.094171	0.414756
0.094171	0.441913
0.094171	0.424123
0.094171	0.402619
0.094171	0.387212
0.094171	0.408764
0.094171	0.422820
0.059284	0.400957
0.059284	0.406190
0.059284	0.421473
0.059284	0.467890
0.059284	0.437097
0.059284	0.434537
0.059284	0.398704
0.059284	0.426286
0.057508	0.338192
0.057508	0.336146
0.057508	0.318112
0.057508	0.345010
0.057508	0.299874
0.057508	0.291983
0.057508	0.305599
0.057508	0.311674
0.036104	0.337026
0.036104	0.343621
0.036104	0.320351
0.036104	0.301058
0.036104	0.344137
0.036104	0.358908
0.036104	0.394896
0.116514	0.267746
0.116514	0.240671
0.116514	0.243044
0.116514	0.231268
0.116514	0.230838
0.116514	0.266279
0.116514	0.400418
0.105549	0.390437
0.105549	0.395130
0.105549	0.391345
0.105549	0.432512
0.105549	0.399343
0.105549	0.364110
0.105549	0.360765
0.105549	0.395519
0.105549	0.391768
0.077471	0.376202
0.077471	0.364967
0.077471	0.385761
0.077471	0.355392
0.077471	0.365285
0.077471	0.384958
0.077471	0.378063
0.077471	0.353356
0.077471	0.375091
0.077471	0.393843
0.077471	0.477676
0.081523	0.384744
0.081523	0.301172
0.081523	0.330067
0.081523	0.441275
0.081523	0.292161
0.081523	0.291802
0.081523	0.302182
0.081523	0.294439
0.055157	0.218790
0.055157	0.289969
0.055157	0.239371
0.055157	0.299471
0.055157	0.376838
0.055157	0.249303
0.055157	0.346688
0.118932	0.348618
0.118932	0.317800
0.118932	0.337512
0.118932	0.328279
0.118932	0.344548
0.118932	0.378189
0.118932	0.374018
0.118932	0.387477
0.118932	0.463246
0.118932	0.531521
0.054003	0.126969
0.054003	0.113635
0.054003	0.130088
0.054003	0.129381
0.054003	0.119501
0.054003	0.121080
0.054003	0.157684
0.083903	0.162779
0.083903	0.164364
0.083903	0.218761
0.083903	0.203029
0.083903	0.163004
0.083903	0.165133
0.083903	0.151044
0.083903	0.182242
0.105413	0.221815
0.105413	0.208456
0.105413	0.263294
0.105413	0.260180
0.105413	0.218958
0.105413	0.245456
0.105413	0.260039
0.105413	0.277538
0.105413	0.266164
0.105413	0.284888
0.105413	0.271434
0.105413	0.297647
0.183792	0.245744
0.183792	0.228350
0.183792	0.409142
0.183792	0.322055
0.183792	0.256761
0.477462	0.594355
0.477462	0.374791
0.477462	0.476217
0.477462	0.655519
0.477462	0.417026
0.477462	0.554333
0.477462	0.641599
0.477462	0.417856
0.477462	0.588597
0.477462	0.450730
0.477462	0.503005
0.121572	0.237711
0.121572	0.275802
0.121572	0.288040
0.121572	0.252413
0.121572	0.203862
0.373482	0.453764
0.373482	0.392200
0.373482	0.375824
0.373482	0.362002
0.373482	0.418716
0.373482	0.446228
0.373482	0.443140
0.373482	0.482665
0.151159	0.330706
0.151159	0.223961
0.151159	0.313908
0.151159	0.296740
0.151159	0.253554
0.151159	0.195455
0.151159	0.216383
0.325904	0.498920
0.325904	0.521130
0.325904	0.487590
0.325904	0.451635
0.325904	0.507226
0.325904	0.556097
0.325904	0.484852
0.325904	0.467025
0.325904	0.419749
0.325904	0.413286
0.325904	0.408056
0.070990	0.313934
0.070990	0.316555
0.070990	0.317705
0.070990	0.362602
0.070990	0.356874
0.070990	0.371762
0.070990	0.388209
0.151108	0.489228
0.151108	0.426150
0.151108	0.477730
0.151108	0.490785
0.151108	0.374856
0.151108	0.448065
0.151108	0.332886
0.151108	0.407782
0.151108	0.292386
0.081114	0.301716
0.081114	0.316345
0.081114	0.342131
0.081114	0.340477
0.081114	0.330746
0.081114	0.308576
0.081114	0.173553
0.050682	0.224604
0.050682	0.180752
0.050682	0.233198
0.050682	0.202296
0.110717	0.374056
0.110717	0.365773
0.110717	0.355859
0.110717	0.403448
0.110717	0.362869
0.110717	0.360933
0.110717	0.349617
0.110717	0.335486
0.110717	0.422094
0.069282	0.184670
0.069282	0.182534
0.069282	0.163978
0.069282	0.247061
0.069282	0.158291
0.069282	0.124456
0.069282	0.107503
0.384541	0.340019
0.384541	0.379024
0.384541	0.370990
0.384541	0.399446
0.384541	0.447878
0.384541	0.398561
0.384541	0.414445
0.384541	0.419176
0.384541	0.433843
0.384541	0.416369
0.384541	0.369274
0.384541	0.434056
0.219897	0.265815
0.219897	0.264358
0.219897	0.295850
0.219897	0.290341
0.219897	0.362738
0.219897	0.288701
0.219897	0.264261
0.219897	0.317767
0.299218	0.335841
0.299218	0.328499
0.299218	0.363582
0.299218	0.372777
0.299218	0.360137
0.299218	0.431661
0.299218	0.293330
0.168304	0.407639
0.168304	0.379807
0.168304	0.377708
0.168304	0.366854
0.168304	0.382624
0.168304	0.384055
0.168304	0.384199
0.168304	0.383863
0.326451	0.358286
0.326451	0.325171
0.326451	0.321890
0.326451	0.305941
0.326451	0.372243
0.326451	0.330177
0.173237	0.445840
0.173237	0.419390
0.173237	0.418685
0.173237	0.426434
0.173237	0.429895
0.173237	0.405253
0.173237	0.411084
0.173237	0.413252
0.173237	0.432178
0.173237	0.396689
0.173237	0.441705
0.173237	0.417834
0.173237	0.438761
0.173237	0.450071
0.078249	0.310833
0.078249	0.268301
0.078249	0.298888
0.078249	0.286787
0.078249	0.313332
0.254818	0.275521
0.254818	0.246268
0.254818	0.254265
0.254818	0.237710
0.254818	0.263385
0.254818	0.236757
0.254818	0.256250
0.254818	0.311818
0.153284	0.265923
0.153284	0.251762
0.153284	0.286892
0.153284	0.299696
0.153284	0.260490
0.153284	0.267719
0.153284	0.239144
0.153284	0.418336
0.087567	0.411635
0.087567	0.447820
0.087567	0.439936
0.087567	0.451130
0.087567	0.418556
0.087567	0.425023
0.087567	0.382701
0.087567	0.406915
0.087567	0.387361
0.123245	0.408936
0.123245	0.414975
0.123245	0.397695
0.123245	0.387242
0.123245	0.409803
0.123245	0.436203
0.123245	0.398517
0.123245	0.436711
0.123245	0.456928
0.384645	0.486600
0.384645	0.404962
0.384645	0.445559
0.384645	0.518475
0.384645	0.439786
0.384645	0.429873
0.384645	0.433604
0.384645	0.479178
0.384645	0.449230
0.384645	0.476112
0.146776	0.399370
0.146776	0.429832
0.146776	0.427929
0.146776	0.427322
0.146776	0.488852
0.146776	0.434910
0.146776	0.451629
0.146776	0.536822
0.146776	0.450063
0.146776	0.461403
0.146776	0.466273
0.146776	0.487150
0.165294	0.439726
0.165294	0.433420
0.165294	0.440710
0.165294	0.518637
0.165294	0.398071
0.165294	0.464765
0.165294	0.506737
0.087285	0.374094
0.087285	0.389068
0.087285	0.345416
0.087285	0.438167
0.233257	0.425668
0.233257	0.412824
0.233257	0.404510
0.233257	0.431427
0.233257	0.384959
0.233257	0.423391
0.233257	0.481452
0.233257	0.436360
0.426097	0.450852
0.426097	0.426772
0.426097	0.434567
0.426097	0.440102
0.426097	0.454226
0.426097	0.408829
0.520826	0.471528
0.520826	0.505437
0.520826	0.500997
0.520826	0.541418
0.520826	0.474703
0.520826	0.447235
0.520826	0.472557
0.520826	0.455380
0.520826	0.514949
0.520826	0.451029
0.520826	0.490263
0.520826	0.519914
0.520826	0.502717
0.520826	0.545013
0.195590	0.473345
0.195590	0.472141
0.195590	0.490478
0.195590	0.453412
0.195590	0.438614
0.195590	0.466109
0.354427	0.461139
0.354427	0.428913
0.354427	0.463439
0.354427	0.523889
0.354427	0.449276
0.354427	0.451880
0.354427	0.468476
0.354427	0.441224
0.276572	0.456539
0.276572	0.484363
0.276572	0.476225
0.276572	0.493015
0.276572	0.455028
0.276572	0.468122
0.276572	0.425552
0.135199	0.339035
0.135199	0.305015
0.135199	0.307673
0.135199	0.404616
0.135585	0.403928
0.135585	0.388081
0.135585	0.376190
0.135585	0.364897
0.135585	0.324169
0.135585	0.324892
0.135585	0.403216
0.135585	0.364676
0.194668	0.409631
0.194668	0.348104
0.194668	0.362293
0.194668	0.424261
0.194668	0.366461
0.194668	0.365303
0.194668	0.370105
0.194668	0.382875
0.101358	0.226839
0.101358	0.214895
0.101358	0.231245
0.101358	0.234379
0.101358	0.183951
0.101358	0.200141
0.101358	0.172239
0.133062	0.350654
0.133062	0.338286
0.133062	0.356466
0.133062	0.332960
0.133062	0.357365
0.133062	0.369104
0.133062	0.395713
0.133062	0.357442
0.133062	0.405424
0.133062	0.372789
0.133062	0.365400
0.133062	0.389952
0.105604	0.228344
0.105604	0.200073
0.105604	0.198355
0.105604	0.228909
0.064055	0.196414
0.064055	0.198670
0.064055	0.194330
0.064055	0.182580
0.064055	0.170864
0.064055	0.209551
0.128292	0.141004
0.128292	0.130805
0.128292	0.175814
0.128292	0.173358
0.128292	0.149799
0.128292	0.126693
0.128292	0.147544
0.128292	0.169863
0.118201	0.288642
0.118201	0.314457
0.118201	0.348673
0.118201	0.332712
0.118201	0.307349
0.118201	0.335257
0.118201	0.343846
0.118201	0.390989
0.118201	0.390916
0.071131	0.296740
0.071131	0.327737
0.071131	0.308944
0.071131	0.296250
0.071131	0.296567
0.071131	0.391456
0.071131	0.302863
0.071131	0.292285
0.071131	0.373699
0.071459	0.188404
0.071459	0.198158
0.071459	0.193242
0.071459	0.186607
0.071459	0.195959
0.071459	0.174000
0.071459	0.207726
0.071459	0.226888
0.092457	0.280025
0.092457	0.267308
0.092457	0.302573
0.092457	0.299970
0.092457	0.280668
0.092457	0.245430
0.092457	0.273871
0.092457	0.292648
0.092457	0.289455
0.092457	0.293789
0.092457	0.298942
0.092457	0.323857
0.144225	0.261907
0.144225	0.288485
0.144225	0.312514
0.144225	0.314136
0.144225	0.336454
0.144225	0.261074
0.144225	0.441862
0.144225	0.329476
0.086225	0.237313
0.086225	0.286584
0.086225	0.264443
0.086225	0.275222
0.086225	0.284262
0.086225	0.249832
0.086225	0.312137
0.086225	0.338647
0.055291	0.378563
0.055291	0.380019
0.055291	0.381401
0.055291	0.411385
0.055291	0.370047
0.055291	0.386781
0.055291	0.405050
0.055291	0.388641
0.055291	0.374748
0.139308	0.358064
0.139308	0.379733
0.139308	0.395400
0.139308	0.378477
0.139308	0.376439
0.139308	0.389636
0.139308	0.395635
0.139308	0.401957
0.139308	0.405285
0.128003	0.385356
0.128003	0.371515
0.128003	0.402327
0.128003	0.411235
0.128003	0.396309
0.128003	0.386713
0.128003	0.374494
0.128003	0.435208
0.128003	0.424566
0.144480	0.369222
0.144480	0.363086
0.144480	0.356486
0.144480	0.348327
0.144480	0.389252
0.144480	0.385445
0.144480	0.385314
0.144480	0.432307
0.243586	0.591601
0.243586	0.550312
0.243586	0.621126
0.243586	0.612075
0.243586	0.504694
0.243586	0.517980
0.243586	0.498073
0.243586	0.571051
0.243586	0.531051
0.243586	0.428822
0.243586	0.530482
0.202707	0.536608
0.202707	0.538038
0.202707	0.593491
0.202707	0.635602
0.202707	0.623538
0.202707	0.503002
0.202707	0.530961
0.202707	0.525637
0.057472	0.407505
0.057472	0.370481
0.057472	0.365346
0.057472	0.363964
0.057472	0.398192
0.057472	0.303201
0.057472	0.321661
0.057472	0.373120
0.143749	0.394988
0.143749	0.365719
0.143749	0.361745
0.143749	0.346621
0.143749	0.360836
0.143749	0.393146
0.143749	0.358100
0.143749	0.431457
0.143749	0.444240
0.054203	0.155591
0.054203	0.123300
0.054203	0.151617
0.054203	0.144778
0.054203	0.143219
0.054203	0.135431
0.054203	0.173532
0.066863	0.128763
0.066863	0.133430
0.066863	0.139027
0.066863	0.157183
0.066863	0.147366
0.066863	0.159961
0.066863	0.218641
0.066863	0.202599
0.043358	0.110945
0.043358	0.131808
0.043358	0.125129
0.043358	0.141746
0.043358	0.126668
0.043358	0.132864
0.043358	0.162807
0.043358	0.178662
0.175650	0.151301
0.175650	0.134114
0.175650	0.163034
0.175650	0.158157
0.175650	0.161046
0.175650	0.167021
0.057255	0.174840
0.057255	0.202547
0.057255	0.211871
0.057255	0.181402
0.057255	0.168422
0.057255	0.160919
0.057255	0.170466
0.057255	0.157047
0.136190	0.226838
0.136190	0.237245
0.136190	0.303381
0.136190	0.399040
0.285567	0.536864
0.285567	0.666682
0.285567	0.693398
0.285567	0.660953
0.205865	0.866192
0.205865	0.848031
0.205865	0.837239
0.205865	0.882063
0.205865	0.922467
0.205865	0.861826
0.205865	0.905092
0.205865	0.894638
0.205865	0.808813
0.205865	0.883087
0.205865	0.897847
0.205865	0.668975
0.205865	0.853969
0.205865	0.636158
0.160304	0.830041
0.160304	0.827489
0.160304	0.825208
0.160304	0.757035
0.160304	0.873065
0.160304	0.821727
0.160304	0.678854
0.282654	0.807013
0.282654	0.822305
0.282654	0.779773
0.282654	0.807097
0.282654	0.758386
0.282654	0.797535
0.282654	0.761061
0.282654	0.719832
0.282654	0.813017
0.282654	0.722904
0.282654	0.811794
0.282654	0.777980
0.054399	0.543023
0.054399	0.496158
0.054399	0.653228
0.054399	0.645278
0.054399	0.539931
0.054399	0.653060
0.135116	0.664732
0.135116	0.599245
0.135116	0.630160
0.135116	0.533645
0.135116	0.451623
0.135116	0.617933
0.135116	0.606610
0.173106	0.482378
0.173106	0.449628
0.173106	0.448907
0.173106	0.433545
0.173106	0.454844
0.173106	0.473571
0.173106	0.481756
0.173106	0.551682
0.055034	0.373302
0.055034	0.319534
0.055034	0.349411
0.055034	0.292880
0.055034	0.316004
0.055034	0.324497
0.055034	0.354671
0.055034	0.361727
0.055034	0.384258
0.055034	0.333037
0.055034	0.327266
0.056613	0.379779
0.056613	0.350871
0.056613	0.343880
0.056613	0.359081
0.056613	0.470117
0.023194	0.356850
0.023194	0.324379
0.023194	0.345008
0.023194	0.416263
0.023194	0.338272
0.023194	0.352922
0.023194	0.337905
0.073128	0.308297
0.073128	0.339791
0.073128	0.286084
0.073128	0.346875
0.073128	0.291344
0.038495	0.215862
0.038495	0.208469
0.038495	0.223685
0.038495	0.196534
0.038495	0.265360
0.044904	0.279402
0.044904	0.273214
0.044904	0.303158
0.044904	0.321538
0.044904	0.271063
0.044904	0.324514
0.065576	0.224497
0.065576	0.257516
0.065576	0.200449
0.065576	0.239591
0.065576	0.160388
0.065576	0.238200
0.065576	0.166644
0.052208	0.332938
0.052208	0.325104
0.052208	0.338456
0.052208	0.334454
0.052208	0.307755
0.052208	0.278530
0.052208	0.336725
0.052208	0.285997
0.072229	0.303668
0.072229	0.308429
0.072229	0.311395
0.072229	0.302160
0.072229	0.347022
0.042954	0.242712
0.042954	0.276605
0.042954	0.247376
0.042954	0.251952
0.034245	0.346727
0.034245	0.348933
0.034245	0.373174
0.034245	0.372008
0.034245	0.361610
0.034245	0.302833
0.034245	0.312270
0.034245	0.374876
0.034245	0.318483
0.034245	0.374554
0.034245	0.350286
0.035598	0.267631
0.035598	0.287195
0.035598	0.304901
0.035598	0.304984
0.035598	0.241652
0.035598	0.224152
0.035598	0.212495
0.035598	0.237056
0.035598	0.141101
0.031121	0.258941
0.031121	0.280130
0.031121	0.283189
0.031121	0.307264
0.031121	0.313383
0.031121	0.258045
0.031121	0.308277
0.031121	0.298483
0.059156	0.187365
0.059156	0.172203
0.059156	0.185707
0.059156	0.186965
0.059156	0.207292
0.059156	0.189666
0.059156	0.211721
0.059156	0.162651
0.059156	0.198937
0.059156	0.214765
0.059156	0.205974
0.022590	0.137483
0.022590	0.133713
0.022590	0.164615
0.022590	0.164499
0.022590	0.166202
0.038154	0.284738
0.038154	0.274785
0.038154	0.295885
0.038154	0.293952
0.038154	0.291541
0.038154	0.270552
0.038154	0.247161
0.038154	0.218558
0.038154	0.144109
0.039479	0.195953
0.039479	0.235243
0.039479	0.227317
0.039479	0.238325
0.039479	0.257172
0.039479	0.156357
0.039479	0.300766
0.041415	0.151462
0.041415	0.137654
0.041415	0.139746
0.041415	0.152401
0.041415	0.131783
0.041966	0.097157
0.041966	0.099969
0.041966	0.126020
0.041966	0.122725
0.041966	0.117917
0.041966	0.112155
0.041966	0.098986
0.046246	0.300182
0.046246	0.329424
0.046246	0.332596
0.046246	0.318012
0.046246	0.367619
0.046246	0.305221
0.046246	0.304132
0.046246	0.263470
0.046246	0.218684
0.140293	0.187370
0.140293	0.217597
0.140293	0.178847
0.140293	0.165046
0.140293	0.170944
0.140293	0.234790
0.140293	0.184042
0.140293	0.414667
0.037141	0.169544
0.037141	0.170960
0.037141	0.199500
0.037141	0.183425
0.037141	0.174797
0.037141	0.139012
0.037141	0.167387
0.037141	0.188195
0.124048	0.282623
0.124048	0.278512
0.124048	0.339191
0.124048	0.334345
0.124048	0.364873
0.124048	0.305939
0.124048	0.306071
0.124048	0.373454
0.124048	0.361050
0.043802	0.255777
0.043802	0.209930
0.043802	0.277738
0.043802	0.206762
0.043802	0.296807
0.043802	0.243131
0.043802	0.306888
0.043802	0.400489
0.166569	0.178910
0.166569	0.148817
0.166569	0.151093
0.166569	0.210416
0.166569	0.123576
0.166569	0.253852
0.166569	0.259739
0.166569	0.236841
0.082518	0.135056
0.082518	0.110764
0.082518	0.114708
0.082518	0.175338
0.043285	0.172910
0.043285	0.204733
0.043285	0.195273
0.043285	0.212996
0.043285	0.167464
0.043285	0.179105
0.043285	0.199847
0.043285	0.181168
0.043285	0.226563
0.043285	0.201493
0.043285	0.237161
0.077540	0.285731
0.077540	0.260000
0.077540	0.283671
0.077540	0.322878
0.077540	0.337740
0.077540	0.319075
0.077540	0.319725
0.077540	0.278678
0.030888	0.116409
0.030888	0.117471
0.030888	0.119028
0.030888	0.121323
0.043781	0.162621
0.043781	0.127151
0.043781	0.149732
0.043781	0.133325
0.043781	0.178934
0.043781	0.146149
0.043781	0.159058
0.043781	0.129367
0.095704	0.272607
0.095704	0.247976
0.095704	0.288552
0.095704	0.279318
0.095704	0.243825
0.095704	0.271329
0.095704	0.260079
0.095704	0.267332
0.046189	0.155438
0.046189	0.138530
0.046189	0.195943
0.046189	0.172066
0.046189	0.141507
0.046189	0.175145
0.046189	0.154709
0.046189	0.145053
0.272190	0.315211
0.272190	0.345390
0.272190	0.432702
0.272190	0.458660
0.272190	0.430148
0.272190	0.410125
0.272190	0.441967
0.272190	0.457909
0.060754	0.387559
0.060754	0.426232
0.060754	0.508171
0.060754	0.496085
0.060754	0.373414
0.060754	0.377695
0.060754	0.387562
0.060754	0.330263
0.060754	0.638594
0.060754	0.330335
0.060754	0.329750
0.060754	0.398702
0.060754	0.373162
0.060754	0.452851
0.202388	0.483890
0.202388	0.419398
0.202388	0.578352
0.202388	0.645219
0.202388	0.586750
0.202388	0.534649
0.202388	0.581167
0.202388	0.722220
0.202388	0.631341
0.104122	0.665207
0.104122	0.438119
0.104122	0.480761
0.104122	0.610716
0.104122	0.588497
0.104122	0.582602
0.104122	0.490345
0.104122	0.668260
0.104122	0.593412
0.104122	0.578239
0.104122	0.520332
0.104122	0.427774
0.044012	0.292271
0.044012	0.232029
0.044012	0.255107
0.044012	0.298203
0.044012	0.222757
0.044012	0.184470
0.044012	0.247345
0.144195	0.397861
0.144195	0.427471
0.144195	0.446811
0.144195	0.404220
0.144195	0.328332
0.144195	0.462660
0.144195	0.383319
0.144195	0.354640
0.144195	0.508768
0.075985	0.376526
0.075985	0.291079
0.075985	0.342037
0.075985	0.326411
0.075985	0.277419
0.075985	0.246853
0.075985	0.331649
0.075985	0.315979
0.027948	0.403539
0.027948	0.326670
0.027948	0.356293
0.027948	0.367497
0.027948	0.344089
0.027948	0.311123
0.027948	0.413486
0.027948	0.306980
0.054545	0.410443
0.054545	0.393891
0.054545	0.420876
0.054545	0.396671
0.054545	0.348215
0.054545	0.380188
0.054545	0.306007
0.054545	0.344662
0.054545	0.416749
0.080027	0.410714
0.080027	0.459444
0.080027	0.407023
0.080027	0.374675
0.080027	0.373572
0.080027	0.457625
0.080027	0.393856
0.080027	0.520642
0.080027	0.448877
0.039587	0.104253
0.039587	0.094567
0.039587	0.102583
0.039587	0.108080
0.039587	0.097955
0.042315	0.302952
0.042315	0.302072
0.042315	0.337219
0.042315	0.338907
0.042315	0.333930
0.042315	0.263591
0.042315	0.315987
0.042315	0.302872
0.039192	0.337747
0.039192	0.343001
0.039192	0.332222
0.039192	0.324161
0.039192	0.313991
0.039192	0.323652
0.039192	0.392763
0.039192	0.414569
0.034420	0.178879
0.034420	0.189030
0.034420	0.189899
0.034420	0.182930
0.034420	0.197151
0.034420	0.202207
0.034420	0.219306
0.034420	0.228889
0.034420	0.264030
0.034420	0.222927
0.034420	0.285024
0.050664	0.155538
0.050664	0.150565
0.050664	0.203697
0.050664	0.191378
0.050664	0.206483
0.050664	0.209068
0.050664	0.170245
0.050592	0.286883
0.050592	0.296831
0.050592	0.311238
0.050592	0.312757
0.050592	0.277797
0.050592	0.282504
0.050592	0.288466
0.050592	0.316315
0.032560	0.162283
0.032560	0.172978
0.032560	0.176278
0.032560	0.164437
0.032560	0.132189
0.032560	0.145096
0.032560	0.172962
0.032560	0.230717
0.036543	0.147657
0.036543	0.156463
0.036543	0.193435
0.036543	0.179248
0.036543	0.198203
0.036543	0.162339
0.036543	0.210711
0.036543	0.161870
0.050765	0.306888
0.050765	0.327189
0.050765	0.344853
0.050765	0.316566
0.050765	0.337525
0.050765	0.270936
0.050765	0.292295
0.050765	0.294290
0.050765	0.176493
0.049999	0.318654
0.049999	0.311992
0.049999	0.281879
0.049999	0.328631
0.049999	0.254328
0.049999	0.297220
0.049999	0.272842
0.049999	0.349842
0.049999	0.352931
0.051238	0.106854
0.051238	0.126327
0.051238	0.108952
0.051238	0.121017
0.051238	0.098213
0.051238	0.104353
0.051238	0.097917
0.029703	0.279149
0.029703	0.276751
0.029703	0.305139
0.029703	0.306925
0.029703	0.293825
0.029703	0.348740
0.029703	0.368228
0.029703	0.333109
0.029703	0.363192
0.029703	0.367412
0.029703	0.334578
0.052589	0.262529
0.052589	0.282675
0.052589	0.266234
0.052589	0.262350
0.052589	0.244802
0.052589	0.299982
0.052589	0.147325
0.067586	0.187640
0.067586	0.210942
0.067586	0.195462
0.067586	0.155689
0.067586	0.253711
0.063813	0.176751
0.063813	0.192785
0.063813	0.197938
0.063813	0.198046
0.063813	0.247836
0.063813	0.163216
0.063813	0.265458
0.063813	0.208355
0.091202	0.276516
0.091202	0.278303
0.091202	0.306389
0.091202	0.312777
0.091202	0.332585
0.091202	0.304307
0.091202	0.387023
0.091202	0.323470
0.025821	0.239846
0.025821	0.253616
0.025821	0.246788
0.025821	0.247902
0.025821	0.181290
0.025821	0.250999
0.095209	0.161655
0.095209	0.174229
0.095209	0.172004
0.095209	0.182193
0.095209	0.159749
0.095209	0.144712
0.095209	0.133653
0.095209	0.148841
0.095209	0.150380
0.095209	0.172869
0.095209	0.132407
0.095209	0.164128
0.159399	0.252335
0.159399	0.235017
0.159399	0.253558
0.159399	0.249408
0.159399	0.255472
0.159399	0.318225
0.080869	0.298222
0.080869	0.299265
0.080869	0.268513
0.080869	0.318448
0.080869	0.330980
0.174390	0.355270
0.174390	0.296118
0.174390	0.368636
0.174390	0.354498
0.174390	0.348375
0.245378	0.363357
0.245378	0.385256
0.245378	0.382510
0.245378	0.384977
0.245378	0.367100
0.245378	0.357957
0.245378	0.387014
0.245378	0.415947
0.096030	0.267096
0.096030	0.294764
0.096030	0.297220
0.096030	0.316847
0.096030	0.283445
0.124151	0.342463
0.124151	0.317903
0.124151	0.290628
0.124151	0.308564
0.135372	0.296549
0.135372	0.323711
0.135372	0.313710
0.135372	0.355299
0.126198	0.382935
0.126198	0.414610
0.126198	0.393133
0.126198	0.419225
0.126198	0.382549
0.126198	0.457136
0.126198	0.386063
0.126198	0.481594
0.126198	0.522847
0.072707	0.392403
0.072707	0.402975
0.072707	0.416050
0.072707	0.523006
0.072707	0.417215
0.072707	0.343776
0.072707	0.380719
0.072707	0.414690
0.072707	0.392903
0.072707	0.372563
0.077557	0.363929
0.077557	0.325431
0.077557	0.339184
0.077557	0.372047
0.077557	0.293623
0.077557	0.312982
0.077557	0.314576
0.077557	0.313384
0.077557	0.299891
0.077557	0.327645
0.077557	0.369508
0.208860	0.230535
0.208860	0.219342
0.208860	0.245272
0.208860	0.224049
0.208860	0.237888
0.208860	0.272607
0.208860	0.340372
0.208860	0.419686
0.038456	0.184056
0.038456	0.165247
0.038456	0.150973
0.038456	0.172023
0.038456	0.154282
0.038456	0.150963
0.038456	0.162567
0.038456	0.171357
0.056225	0.151556
0.056225	0.177123
0.056225	0.163562
0.056225	0.159393
0.056225	0.135954
0.056225	0.169949
0.056225	0.156687
0.090122	0.139695
0.090122	0.099374
0.090122	0.155849
0.090122	0.138736
0.090122	0.125947
0.090122	0.109356
0.090122	0.144793
0.075262	0.103169
0.075262	0.118103
0.075262	0.165010
0.075262	0.241670
0.075262	0.191127
0.077239	0.143406
0.077239	0.121939
0.077239	0.163102
0.077239	0.136740
0.077239	0.066506
0.077239	0.106028
0.068679	0.194500
0.068679	0.211976
0.068679	0.198725
0.068679	0.171484
0.068679	0.198678
0.068679	0.194567
0.068679	0.204285
0.075984	0.196858
0.075984	0.073435
0.075984	0.100724
0.075984	0.154896
0.075984	0.128829
0.072361	0.181430
0.072361	0.213226
0.072361	0.084921
0.072361	0.083699
0.068024	0.145205
0.068024	0.136107
0.068024	0.191716
0.068024	0.166738
0.068024	0.176607
0.068024	0.191407
0.068024	0.221408
0.113720	0.292224
0.113720	0.267296
0.113720	0.300311
0.113720	0.280715
0.113720	0.402983
0.113720	0.209938
0.113720	0.248170
0.113720	0.218087
0.187537	0.407882
0.187537	0.379313
0.187537	0.397876
0.187537	0.371056
0.187537	0.282942
0.187537	0.394225
0.187537	0.362571
0.187537	0.461388
0.187537	0.650856
0.049038	0.179740
0.049038	0.168826
0.049038	0.257386
0.049038	0.229619
0.049038	0.146889
0.049038	0.101882
0.049038	0.138759
0.049038	0.097490
0.092539	0.345192
0.092539	0.302104
0.092539	0.373951
0.092539	0.403586
0.092539	0.310409
0.092539	0.264853
0.092539	0.270201
0.092539	0.293589
0.092539	0.292131
0.052270	0.260496
0.052270	0.301898
0.052270	0.306301
0.052270	0.309070
0.052270	0.192368
0.052270	0.215180
0.052270	0.402477
0.059823	0.212471
0.059823	0.179178
0.059823	0.231362
0.059823	0.215567
0.059823	0.109337
0.059823	0.116007
0.059823	0.138895
0.059823	0.112198
0.050538	0.347936
0.050538	0.289361
0.050538	0.340915
0.050538	0.296173
0.050538	0.266958
0.050538	0.335219
0.050538	0.321027
0.050538	0.307322
0.050538	0.320220
0.050538	0.330690
0.054843	0.143886
0.054843	0.173617
0.054843	0.199636
0.054843	0.144960
0.054843	0.158952
0.054843	0.165064
0.054843	0.184872
0.054843	0.090002
0.046297	0.269392
0.046297	0.341377
0.046297	0.339425
0.046297	0.310794
0.046297	0.304995
0.046297	0.310626
0.046297	0.345361
0.046297	0.310259
0.046297	0.256551
0.080076	0.353279
0.080076	0.339201
0.080076	0.365205
0.080076	0.426590
0.080076	0.308823
0.080076	0.315195
0.080076	0.333719
0.080076	0.381879
0.067882	0.192245
0.067882	0.260639
0.067882	0.233261
0.067882	0.235075
0.067882	0.199043
0.067882	0.235921
0.067882	0.258880
0.067882	0.295467
0.091990	0.270040
0.091990	0.275039
0.091990	0.334693
0.091990	0.362134
0.091990	0.335008
0.091990	0.296137
0.091990	0.346675
0.091990	0.396562
0.034467	0.407956
0.034467	0.425323
0.034467	0.459834
0.034467	0.453209
0.034467	0.354989
0.034467	0.374012
0.034467	0.301969
0.034467	0.386119
0.034467	0.294668
0.025476	0.356155
0.025476	0.369376
0.025476	0.397000
0.025476	0.337440
0.025476	0.338307
0.025476	0.350842
0.025476	0.322943
0.025476	0.371643
0.025476	0.361178
0.084901	0.267972
0.084901	0.220717
0.084901	0.301051
0.084901	0.356576
0.084901	0.299281
0.084901	0.234101
0.084901	0.212430
0.084901	0.216443
0.064140	0.294466
0.064140	0.335756
0.064140	0.356523
0.064140	0.365403
0.064140	0.363201
0.064140	0.304400
0.064140	0.371322
0.064140	0.306361
0.061800	0.408934
0.061800	0.419059
0.061800	0.391870
0.061800	0.369591
0.061800	0.413714
0.061800	0.369919
0.061800	0.328730
0.061800	0.416163
0.061800	0.325140
0.061800	0.423374
0.061800	0.390442
0.065044	0.320308
0.065044	0.225073
0.065044	0.227482
0.065044	0.280050
0.065044	0.221042
0.065044	0.222839
0.065044	0.290274
0.065044	0.252783
0.065044	0.267884
0.065044	0.250607
0.065044	0.267348
0.065044	0.191878
0.065044	0.215276
0.065044	0.195909
0.068795	0.176883
0.068795	0.177334
0.068795	0.195690
0.068795	0.193813
0.068795	0.178539
0.068795	0.159089
0.068795	0.210461
0.068795	0.173236
0.049845	0.102434
0.049845	0.091866
0.049845	0.124677
0.049845	0.100149
0.049845	0.092594
0.049845	0.141816
0.049845	0.088580
0.049845	0.151362
0.148850	0.257382
0.148850	0.277582
0.148850	0.300471
0.148850	0.454294
0.148850	0.450794
0.148850	0.321866
0.148850	0.490341
0.148850	0.455015
0.046061	0.090713
0.046061	0.085885
0.046061	0.097715
0.046061	0.091957
0.046061	0.076402
0.092546	0.331660
0.092546	0.295362
0.092546	0.378275
0.092546	0.461194
0.092546	0.255024
0.092546	0.246663
0.092546	0.337109
0.092546	0.340770
0.092546	0.445037
0.092546	0.320159
0.092546	0.362108
0.092546	0.495870
0.148756	0.266908
0.148756	0.289227
0.148756	0.272533
0.148756	0.394579
0.148756	0.467537
0.148756	0.319628
0.148756	0.329626
0.148756	0.564782
0.043778	0.192687
0.043778	0.239004
0.043778	0.310085
0.043778	0.307937
0.043778	0.175504
0.043778	0.208810
0.043778	0.364363
0.043778	0.185419
0.043778	0.263417
0.043778	0.173987
0.043778	0.185327
0.043778	0.165594
0.061802	0.143348
0.061802	0.124482
0.061802	0.146008
0.061802	0.152367
0.061802	0.106173
0.039085	0.152076
0.039085	0.143635
0.039085	0.151416
0.039085	0.131737
0.037958	0.323368
0.037958	0.233533
0.037958	0.302233
0.037958	0.291059
0.037958	0.339236
0.037958	0.384707
0.048137	0.487696
0.048137	0.435730
0.048137	0.363372
0.048137	0.481302
0.048137	0.510387
0.048137	0.448949
0.048137	0.516626
0.048137	0.562370
0.048137	0.510979
0.048137	0.528856
0.048137	0.475704
0.028369	0.188722
0.028369	0.216145
0.028369	0.185997
0.028369	0.192239
0.028369	0.203081
0.028369	0.214825
0.108574	0.235092
0.108574	0.201065
0.108574	0.203827
0.108574	0.221782
0.108574	0.240210
0.108574	0.194885
0.064281	0.174881
0.064281	0.153736
0.064281	0.149132
0.064281	0.183757
0.064281	0.163836
0.064281	0.159035
0.064281	0.186599
0.064281	0.164189
0.028657	0.124552
0.028657	0.115117
0.028657	0.125907
0.028657	0.126922
0.028657	0.111471
0.028657	0.112884
0.051660	0.104788
0.051660	0.091285
0.051660	0.107639
0.051660	0.107586
0.051623	0.166504
0.051623	0.145132
0.051623	0.164685
0.051623	0.187549
0.051623	0.167558
0.051623	0.150657
0.051623	0.163983
0.051623	0.153865
0.051623	0.160930
0.051623	0.156005
0.049705	0.179126
0.049705	0.171841
0.049705	0.182524
0.049705	0.191281
0.049705	0.238265
0.049705	0.156071
0.049705	0.136563
0.049705	0.137434
0.049705	0.141162
0.042517	0.113529
0.042517	0.079395
0.042517	0.099678
0.042517	0.079966
0.042517	0.099031
0.038013	0.152135
0.038013	0.122165
0.038013	0.115664
0.038013	0.130331
0.038013	0.120122
0.038013	0.122360
0.038013	0.143561
0.038013	0.118938
0.021096	0.065277
0.021096	0.065159
0.021096	0.085011
0.021096	0.083587
0.021096	0.077893
0.021096	0.069414
0.021096	0.066414
0.042821	0.150696
0.042821	0.167021
0.042821	0.174244
0.042821	0.147770
0.042821	0.191708
0.042821	0.167574
0.042821	0.169405
0.042821	0.188702
0.042821	0.187201
0.042821	0.171056
0.042821	0.163920
0.042821	0.203152
0.032551	0.206511
0.032551	0.163182
0.032551	0.185220
0.032551	0.231189
0.032551	0.212209
0.032551	0.186641
0.032551	0.192308
0.032551	0.218160
0.088314	0.201884
0.088314	0.197869
0.088314	0.202376
0.088314	0.194337
0.088314	0.170946
0.088314	0.203184
0.088314	0.213963
0.088314	0.238807
0.072718	0.225211
0.072718	0.220636
0.072718	0.224859
0.072718	0.224265
0.072718	0.204353
0.072718	0.251125
0.072718	0.234623
0.134529	0.209246
0.134529	0.203811
0.134529	0.225351
0.134529	0.224028
0.134529	0.219131
0.134529	0.246233
0.058482	0.203377
0.058482	0.204784
0.058482	0.193660
0.058482	0.189623
0.058482	0.210773
0.058482	0.205005
0.058482	0.249619
0.058482	0.219983
0.040015	0.203192
0.040015	0.184261
0.040015	0.205256
0.040015	0.231297
0.040015	0.218646
0.040015	0.193145
0.040015	0.202465
0.073157	0.168418
0.073157	0.176897
0.073157	0.166788
0.073157	0.218184
0.073157	0.159529
0.073157	0.177275
0.073157	0.196414
0.073157	0.218829
0.035647	0.147519
0.035647	0.122430
0.035647	0.128922
0.035647	0.133268
0.035647	0.121216
0.035647	0.144137
0.046990	0.153157
0.046990	0.156519
0.046990	0.164092
0.046990	0.180919
0.046990	0.138104
0.046990	0.151877
0.046990	0.124470
0.076877	0.175284
0.076877	0.202162
0.076877	0.168922
0.076877	0.223492
0.076877	0.232507
0.076877	0.186463
0.076877	0.153001
0.051248	0.162872
0.051248	0.176555
0.051248	0.171467
0.051248	0.150490
0.051248	0.146515
0.051248	0.178561
0.051248	0.169971
0.051248	0.193703
0.051248	0.257327
0.051248	0.259372
0.051248	0.393209
0.028051	0.150920
0.028051	0.126759
0.028051	0.129188
0.028051	0.154357
0.028051	0.127959
0.028051	0.133578
0.028051	0.169624
0.028051	0.179413
0.023302	0.079092
0.023302	0.075110
0.023302	0.077884
0.023302	0.067979
0.023302	0.066771
0.023302	0.074019
0.023302	0.067548
0.056057	0.146542
0.056057	0.134650
0.056057	0.145805
0.056057	0.140847
0.056057	0.142000
0.056057	0.167665
0.056057	0.149099
0.056057	0.143878
0.056057	0.151652
0.065674	0.131231
0.065674	0.146467
0.065674	0.138115
0.065674	0.125081
0.065674	0.125844
0.065674	0.173475
0.065674	0.184401
0.031767	0.083386
0.031767	0.079523
0.031767	0.072771
0.031767	0.067087
0.031767	0.068375
0.061377	0.095104
0.061377	0.096171
0.061377	0.139045
0.061377	0.123327
0.061377	0.087359
0.061377	0.078037
0.061377	0.081044
0.061377	0.079266
0.105583	0.207611
0.105583	0.225693
0.105583	0.225013
0.105583	0.222877
0.105583	0.225272
0.105583	0.154666
0.105583	0.175412
0.105583	0.195831
0.112000	0.221527
0.112000	0.227744
0.112000	0.215624
0.112000	0.237754
0.112000	0.159946
0.112000	0.223197
0.112000	0.135454
0.112000	0.357197
0.041991	0.211925
0.041991	0.247465
0.041991	0.258517
0.041991	0.250929
0.041991	0.199597
0.041991	0.245454
0.041991	0.222664
0.041991	0.253054
0.041991	0.178331
0.041991	0.209996
0.041991	0.207786
0.041991	0.152819
0.091179	0.293798
0.091179	0.281483
0.091179	0.264555
0.091179	0.300884
0.091179	0.323535
0.091179	0.324609
0.091179	0.306161
0.091179	0.295538
0.091179	0.303925
0.091179	0.332923
0.091179	0.265475
0.079529	0.259309
0.079529	0.219047
0.079529	0.215582
0.079529	0.267498
0.079529	0.270062
0.033020	0.228400
0.033020	0.203159
0.033020	0.168182
0.033020	0.234235
0.074814	0.272745
0.074814	0.257256
0.074814	0.295814
0.074814	0.281820
0.048324	0.213602
0.048324	0.202372
0.048324	0.246039
0.048324	0.255140
0.048324	0.158083
0.048324	0.160740
0.048324	0.199374
0.131666	0.273211
0.131666	0.222802
0.131666	0.247225
0.131666	0.266846
0.131666	0.207062
0.131666	0.247977
0.131666	0.237990
0.050148	0.156729
0.050148	0.111759
0.050148	0.173989
0.050148	0.151635
0.050148	0.144356
0.173789	0.275451
0.173789	0.234888
0.173789	0.267138
0.173789	0.370381
0.173789	0.311543
0.173789	0.191355
0.173789	0.243351
0.173789	0.333416
0.177612	0.275016
0.177612	0.257890
0.177612	0.260612
0.177612	0.234953
0.177612	0.239744
0.177612	0.242955
0.177612	0.210498
0.177612	0.208658
0.177612	0.220522
0.043956	0.132603
0.043956	0.102941
0.043956	0.132462
0.043956	0.095532
0.043956	0.102995
0.043956	0.119872
0.043956	0.092686
0.043956	0.132632
0.062837	0.103048
0.062837	0.118670
0.062837	0.116093
0.062837	0.094065
0.062837	0.084305
0.062837	0.048079
0.062837	0.091237
0.152253	0.070225
0.152253	0.070206
0.152253	0.071538
0.152253	0.076273
0.152253	0.056861
0.152253	0.063339
0.152253	0.078568
0.152253	0.066850
0.056838	0.069015
0.056838	0.054902
0.056838	0.081763
0.056838	0.076846
0.265789	0.129760
0.265789	0.137974
0.265789	0.210058
0.265789	0.175444
0.265789	0.150786
0.265789	0.091114
0.265789	0.182865
0.265789	0.100064
0.106150	0.187743
0.106150	0.187410
0.106150	0.172212
0.106150	0.221904
0.106150	0.196013
0.106150	0.206980
0.106150	0.104901
0.053484	0.217893
0.053484	0.222994
0.053484	0.249804
0.053484	0.211376
0.053484	0.261228
0.053484	0.249399
0.053484	0.230606
0.053484	0.211539
0.081236	0.226571
0.081236	0.190394
0.081236	0.222874
0.081236	0.258604
0.081236	0.427540
0.081236	0.369419
0.081236	0.230762
0.081236	0.525751
0.081236	0.483907
0.081236	0.403354
0.081236	0.493617
0.081236	0.431361
0.038694	0.094154
0.038694	0.067478
0.038694	0.089442
0.038694	0.086061
0.041833	0.209305
0.041833	0.178445
0.041833	0.179026
0.041833	0.192373
0.041833	0.219372
0.041833	0.252434
0.041833	0.218748
0.041833	0.302909
0.041833	0.376255
0.041833	0.475578
0.041833	0.489120
0.019631	0.240378
0.019631	0.221845
0.019631	0.247440
0.019631	0.253244
0.019631	0.195503
0.019631	0.233404
0.033597	0.165426
0.033597	0.146540
0.033597	0.164814
0.033597	0.153047
0.033597	0.137978
0.033597	0.144077
0.033597	0.163044
0.033597	0.160806
0.033597	0.146710
0.033597	0.172933
0.033597	0.161540
0.044278	0.297641
0.044278	0.294144
0.044278	0.311817
0.044278	0.298393
0.044278	0.357631
0.115033	0.417372
0.115033	0.416054
0.115033	0.426400
0.115033	0.427191
0.115033	0.349786
0.115033	0.335861
0.115033	0.405466
0.115033	0.436049
0.088854	0.138976
0.088854	0.153597
0.088854	0.147496
0.088854	0.161066
0.088854	0.121836
0.088854	0.136458
0.088854	0.123336
0.085227	0.228930
0.085227	0.212214
0.085227	0.213901
0.085227	0.246608
0.085227	0.201899
0.085227	0.209864
0.085227	0.207779
0.085227	0.219096
0.024468	0.122860
0.024468	0.123455
0.024468	0.119699
0.024468	0.121849
0.032491	0.131298
0.032491	0.116089
0.032491	0.134406
0.032491	0.151715
0.032491	0.133733
0.032491	0.129908
0.032491	0.172810
0.024135	0.129637
0.024135	0.134635
0.024135	0.148548
0.024135	0.196408
0.042125	0.212788
0.042125	0.228611
0.042125	0.234804
0.042125	0.228339
0.042125	0.206460
0.042125	0.236044
0.042125	0.197925
0.042125	0.239751
0.042125	0.199644
0.077259	0.185644
0.077259	0.184812
0.077259	0.194957
0.077259	0.198510
0.077259	0.215970
0.077259	0.184732
0.077259	0.225075
0.021541	0.237722
0.021541	0.225137
0.021541	0.239419
0.021541	0.284142
0.021541	0.186183
0.021541	0.203331
0.021541	0.224483
0.021541	0.221465
0.021541	0.279556
0.021541	0.232156
0.021541	0.256514
0.021541	0.253751
0.036179	0.426536
0.036179	0.455447
0.036179	0.422158
0.036179	0.442607
0.036179	0.403487
0.036179	0.433195
0.036179	0.455469
0.036179	0.355856
0.058079	0.393991
0.058079	0.416028
0.058079	0.350154
0.058079	0.341334
0.039256	0.365837
0.039256	0.305152
0.039256	0.318068
0.039256	0.302010
0.039256	0.276643
0.039256	0.315324
0.039256	0.403756
0.042266	0.342642
0.042266	0.351475
0.042266	0.325688
0.042266	0.340459
0.046017	0.429218
0.046017	0.400239
0.046017	0.403574
0.046017	0.397943
0.046017	0.454245
0.046017	0.390083
0.046017	0.397358
0.046017	0.451091
0.046017	0.393113
0.115929	0.326995
0.115929	0.270050
0.115929	0.311476
0.115929	0.378136
0.157249	0.315153
0.157249	0.335624
0.157249	0.317991
0.157249	0.359874
0.157249	0.373281
0.157249	0.322348
0.424032	0.515608
0.424032	0.470558
0.424032	0.481914
0.424032	0.574684
0.424032	0.722805
0.424032	0.548047
0.424032	0.496736
0.424032	0.554017
0.424032	0.535575
0.424032	0.555567
0.424032	0.582115
0.424032	0.533910
0.424032	0.510461
0.424032	0.463447
0.456558	0.397504
0.456558	0.414931
0.456558	0.403322
0.456558	0.379100
0.456558	0.438957
0.456558	0.404352
0.456558	0.451274
0.456558	0.483235
0.456558	0.636470
0.084764	0.450628
0.084764	0.371336
0.084764	0.385749
0.084764	0.494278
0.084764	0.461936
0.084764	0.448562
0.084764	0.465124
0.084764	0.414058
0.038430	0.255807
0.038430	0.240590
0.038430	0.252767
0.038430	0.237524
0.204351	0.253820
0.204351	0.231402
0.204351	0.241153
0.204351	0.252105
0.204351	0.251179
0.204351	0.381633
0.204351	0.336512
0.051903	0.308038
0.051903	0.320510
0.051903	0.330985
0.051903	0.312787
0.051903	0.322844
0.051903	0.329607
0.051903	0.310521
0.051903	0.328419
0.051903	0.329394
0.051903	0.335684
0.051903	0.335112
0.051903	0.324961
0.051903	0.390247
0.051903	0.350213
0.159072	0.308770
0.159072	0.278638
0.159072	0.293836
0.159072	0.302573
0.159072	0.309246
0.159072	0.312289
0.159072	0.381935
0.159072	0.373643
0.058215	0.310537
0.058215	0.308468
0.058215	0.328634
0.058215	0.309720
0.058215	0.305485
0.058215	0.283064
0.058215	0.306039
0.058215	0.324113
0.058215	0.283911
0.058215	0.324064
0.058215	0.309870
0.058215	0.316610
0.133910	0.391673
0.133910	0.382486
0.133910	0.390149
0.133910	0.397674
0.133910	0.393394
0.133910	0.379546
0.133910	0.423496
0.133910	0.412638
0.133910	0.465788
0.038327	0.306692
0.038327	0.310332
0.038327	0.308014
0.038327	0.330738
0.038327	0.383024
0.079153	0.286051
0.079153	0.276517
0.079153	0.305641
0.079153	0.290714
0.079153	0.245701
0.079153	0.268229
0.079153	0.233241
0.079153	0.271908
0.065675	0.323205
0.065675	0.304123
0.065675	0.351453
0.065675	0.405185
0.065675	0.333443
0.065675	0.343563
0.065675	0.359848
0.068906	0.401673
0.068906	0.440160
0.068906	0.402383
0.068906	0.411738
0.068906	0.442827
0.068906	0.417192
0.068906	0.366900
0.068906	0.403576
0.068906	0.398619
0.029527	0.483283
0.029527	0.415515
0.029527	0.393757
0.029527	0.441799
0.029527	0.371121
0.058352	0.402262
0.058352	0.368837
0.058352	0.374016
0.058352	0.385810
0.027767	0.347620
0.027767	0.326531
0.027767	0.352884
0.027767	0.372045
0.027767	0.348696
0.020114	0.354921
0.020114	0.348667
0.020114	0.370167
0.020114	0.284811
0.020114	0.240685
0.020114	0.361379
0.020114	0.348254
0.039036	0.220581
0.039036	0.168373
0.039036	0.205168
0.039036	0.212131
0.039036	0.235090
0.039036	0.203302
0.039036	0.212547
0.039036	0.245354
0.039036	0.243186
0.042289	0.199914
0.042289	0.213247
0.042289	0.212006
0.042289	0.205719
0.042289	0.208256
0.042289	0.186551
0.042289	0.198926
0.042289	0.196334
0.042289	0.191111
0.042289	0.208490
0.045324	0.136096
0.045324	0.093644
0.045324	0.109598
0.045324	0.137522
0.045324	0.132453
0.045324	0.119171
0.045324	0.141047
0.106066	0.128716
0.106066	0.131318
0.106066	0.135472
0.106066	0.127164
0.106066	0.144837
0.106066	0.127924
0.106066	0.170771
0.106066	0.220679
0.036154	0.135913
0.036154	0.129316
0.036154	0.171288
0.036154	0.189914
0.036154	0.178502
0.036154	0.169485
0.036154	0.168231
0.219965	0.200410
0.219965	0.197269
0.219965	0.200650
0.219965	0.232704
0.219965	0.235307
0.219965	0.189800
0.219965	0.176164
0.219965	0.216013
0.099390	0.119842
0.099390	0.119312
0.099390	0.118431
0.099390	0.110040
0.099390	0.112969
0.099390	0.116891
0.099390	0.123168
0.099390	0.114786
0.043158	0.131487
0.043158	0.142584
0.043158	0.133252
0.043158	0.135023
0.043158	0.114563
0.043158	0.140945
0.043158	0.118335
0.043158	0.217205
0.043189	0.100053
0.043189	0.095514
0.043189	0.098730
0.043189	0.094570
0.043189	0.105750
0.044066	0.103902
0.044066	0.086058
0.044066	0.096705
0.044066	0.107374
0.044066	0.090660
0.044066	0.097172
0.030653	0.154469
0.030653	0.136193
0.030653	0.157443
0.030653	0.145525
0.030653	0.128646
0.030653	0.136441
0.030653	0.125073
0.030653	0.141052
0.030653	0.146453
0.030653	0.139823
0.030653	0.134032
0.030653	0.197212
0.020522	0.093638
0.020522	0.082398
0.020522	0.098446
0.020522	0.085933
0.020522	0.098496
0.020522	0.111657
0.046032	0.267944
0.046032	0.257587
0.046032	0.281688
0.046032	0.314839
0.046032	0.278304
0.046032	0.288366
0.046032	0.285609
0.046032	0.332098
0.046032	0.274440
0.046032	0.281875
0.046032	0.275282
0.046032	0.256745
0.109768	0.407557
0.109768	0.415726
0.109768	0.429590
0.109768	0.406905
0.109768	0.412630
0.109768	0.419867
0.109768	0.439553
0.109768	0.444203
0.082158	0.336670
0.082158	0.288069
0.082158	0.314019
0.082158	0.278548
0.082158	0.380269
0.224413	0.501650
0.224413	0.352362
0.224413	0.506154
0.224413	0.469950
0.224413	0.460777
0.224413	0.513860
0.224413	0.467648
0.196535	0.468433
0.196535	0.435807
0.196535	0.456763
0.196535	0.495302
0.196535	0.456690
0.196535	0.437847
0.196535	0.425024
0.196535	0.483842
0.169423	0.470889
0.169423	0.458975
0.169423	0.449221
0.169423	0.435103
0.169423	0.387839
0.169423	0.397392
0.169423	0.424051
0.169423	0.442806
0.169423	0.433999
0.129464	0.284153
0.129464	0.279874
0.129464	0.270351
0.129464	0.276084
0.129464	0.370940
0.129464	0.345426
0.129464	0.331176
0.129464	0.426986
0.129464	0.293541
0.129464	0.316628
0.129464	0.282885
0.031690	0.121385
0.031690	0.103619
0.031690	0.130974
0.031690	0.122947
0.031690	0.102100
0.031690	0.106439
0.031690	0.103612
0.031690	0.121155
0.032721	0.089792
0.032721	0.095084
0.032721	0.103837
0.032721	0.091492
0.032721	0.093174
0.032721	0.099757
0.032721	0.091460
0.032721	0.109150
0.041410	0.072867
0.041410	0.070092
0.041410	0.091954
0.041410	0.095083
0.041410	0.082926
0.041410	0.092559
0.030012	0.138546
0.030012	0.163962
0.030012	0.143633
0.030012	0.138225
0.030012	0.122298
0.030012	0.123351
0.030012	0.129747
0.030012	0.109479
0.030012	0.174360
0.030012	0.117540
0.030012	0.148843
0.030012	0.124664
0.182377	0.144547
0.182377	0.129126
0.182377	0.142331
0.182377	0.141307
0.182377	0.171216
0.182377	0.129194
0.182377	0.194987
0.182377	0.142005
0.040349	0.145833
0.040349	0.147366
0.040349	0.145930
0.040349	0.138653
0.040349	0.146771
0.040349	0.138345
0.040349	0.137627
0.040349	0.171727
0.122709	0.143811
0.122709	0.144744
0.122709	0.145805
0.122709	0.147659
0.122709	0.228308
0.122709	0.251017
0.122709	0.222665
0.059325	0.231893
0.059325	0.203044
0.059325	0.214400
0.059325	0.190308
0.059325	0.208471
0.059325	0.210311
0.059325	0.179999
0.059325	0.172311
0.059325	0.210446
0.042608	0.099337
0.042608	0.089176
0.042608	0.094554
0.042608	0.088017
0.042608	0.085786
0.042608	0.079804
0.042608	0.092395
0.193694	0.086994
0.193694	0.094411
0.193694	0.102489
0.193694	0.080886
0.193694	0.115494
0.064324	0.199885
0.064324	0.159010
0.064324	0.211996
0.064324	0.192847
0.064324	0.180274
0.064324	0.156909
0.064324	0.180349
0.064324	0.251511
0.024091	0.134824
0.024091	0.153755
0.024091	0.135318
0.024091	0.136494
0.024091	0.127793
0.024091	0.125501
0.024091	0.149835
0.024091	0.238385
0.108815	0.131856
0.108815	0.122836
0.108815	0.135719
0.108815	0.124630
0.108815	0.132900
0.108815	0.128288
0.108815	0.129829
0.108815	0.132993
0.108815	0.134723
0.077955	0.094667
0.077955	0.090243
0.077955	0.103395
0.077955	0.093898
0.077955	0.087311
0.077955	0.094085
0.059974	0.116538
0.059974	0.191873
0.059974	0.124427
0.059974	0.112597
0.051837	0.249404
0.051837	0.257623
0.051837	0.227996
0.051837	0.217324
0.051837	0.176529
0.051837	0.216535
0.051837	0.252704
0.051837	0.141445
0.051837	0.211828
0.051837	0.136433
0.051837	0.189943
0.051837	0.198883
0.126222	0.096887
0.126222	0.088115
0.126222	0.116586
0.126222	0.102952
0.126222	0.078587
0.126222	0.079543
0.126222	0.094088
0.126222	0.108502
0.091527	0.341173
0.091527	0.335845
0.091527	0.395854
0.091527	0.308102
0.091527	0.275748
0.091527	0.319772
0.091527	0.270279
0.091527	0.258214
0.091527	0.267717
0.115531	0.237172
0.115531	0.158471
0.115531	0.269645
0.115531	0.276287
0.115531	0.211201
0.115531	0.254458
0.075010	0.238585
0.075010	0.144921
0.075010	0.142105
0.075010	0.151897
0.075010	0.168477
0.075010	0.216184
0.075010	0.117910
0.075010	0.315899
0.082213	0.209247
0.082213	0.234424
0.082213	0.225971
0.082213	0.209940
0.080757	0.220125
0.080757	0.147016
0.080757	0.192200
0.080757	0.256647
0.080757	0.100491
0.080757	0.132413
0.080757	0.091651
0.080757	0.116253
0.102578	0.076011
0.102578	0.132751
0.102578	0.121094
0.102578	0.111004
0.069285	0.070113
0.069285	0.057005
0.069285	0.078216
0.069285	0.072174
0.178279	0.066801
0.178279	0.058155
0.178279	0.090647
0.178279	0.082626
0.178279	0.052553
0.075006	0.155360
0.075006	0.166149
0.075006	0.209577
0.075006	0.181585
0.075006	0.117787
0.075006	0.105313
0.075006	0.162853
0.075006	0.319663
0.092437	0.272415
0.092437	0.253135
0.092437	0.396506
0.092437	0.409400
0.092437	0.304719
0.092437	0.417853
0.092437	0.329820
0.092437	0.341778
0.092437	0.442209
0.092437	0.351668
0.092437	0.389556
0.092437	0.325239
0.092437	0.364223
0.092437	0.399401
0.306498	0.498128
0.306498	0.522094
0.306498	0.585484
0.306498	0.540754
0.306498	0.548445
0.306498	0.588171
0.306498	0.623070
0.306498	0.632019
0.306498	0.770594
0.306498	0.664065
0.306498	0.612159
0.306498	0.751546
0.306498	0.625945
0.306498	0.685374
0.101605	0.500841
0.101605	0.436650
0.101605	0.423183
0.101605	0.451105
0.101605	0.501525
0.101605	0.534598
0.101605	0.507264
0.101605	0.599206
0.067076	0.229522
0.067076	0.185463
0.067076	0.252778
0.067076	0.389647
0.067076	0.188585
0.067076	0.205594
0.063872	0.270523
0.063872	0.291472
0.063872	0.313892
0.063872	0.470700
0.063872	0.282631
0.063872	0.290261
0.057721	0.284616
0.057721	0.306692
0.057721	0.332674
0.057721	0.307599
0.057721	0.292224
0.057721	0.310131
0.044955	0.376452
0.044955	0.331050
0.044955	0.366071
0.044955	0.416748
0.044955	0.406433
0.044955	0.309271
0.044955	0.338360
0.044955	0.303538
0.081338	0.409240
0.081338	0.415678
0.081338	0.407232
0.081338	0.417136
0.081338	0.410467
0.081338	0.397147
0.081338	0.400700
0.081338	0.379085
0.081338	0.421077
0.123101	0.418515
0.123101	0.386850
0.123101	0.378712
0.123101	0.402364
0.123101	0.393137
0.123101	0.367258
0.123101	0.557712
0.088020	0.434852
0.088020	0.371182
0.088020	0.382248
0.088020	0.361297
0.099113	0.396751
0.099113	0.407822
0.099113	0.388555
0.099113	0.413631
0.099113	0.384307
0.099113	0.358023
0.123453	0.381329
0.123453	0.375294
0.123453	0.387487
0.123453	0.410171
0.123453	0.383113
0.123453	0.397079
0.123453	0.383019
0.123453	0.395639
0.060485	0.313948
0.060485	0.287302
0.060485	0.297867
0.060485	0.297310
0.060485	0.300267
0.060485	0.324733
0.137344	0.238505
0.137344	0.261721
0.137344	0.240538
0.137344	0.239955
0.137344	0.253266
0.137344	0.234031
0.137344	0.264223
0.137344	0.237300
0.066809	0.228106
0.066809	0.215995
0.066809	0.220260
0.066809	0.204153
0.066809	0.250534
0.066809	0.179764
0.066809	0.252618
0.066809	0.307262
0.061538	0.270561
0.061538	0.277369
0.061538	0.295749
0.061538	0.281939
0.061538	0.270793
0.061538	0.300030
0.061538	0.357290
0.087211	0.300455
0.087211	0.324771
0.087211	0.299572
0.087211	0.309449
0.087211	0.271525
0.087211	0.341905
0.087211	0.323677
0.120941	0.135153
0.120941	0.129381
0.120941	0.152285
0.120941	0.141247
0.120941	0.088422
0.120941	0.085864
0.120941	0.115386
0.074092	0.238707
0.074092	0.249966
0.074092	0.273757
0.074092	0.264467
0.074092	0.252744
0.074092	0.251698
0.074092	0.241190
0.092373	0.330563
0.092373	0.355345
0.092373	0.368828
0.092373	0.348372
0.092373	0.338788
0.092373	0.305946
0.092373	0.387922
0.092373	0.361481
0.077855	0.212027
0.077855	0.187160
0.077855	0.205648
0.077855	0.202094
0.077855	0.180262
0.084556	0.270098
0.084556	0.267720
0.084556	0.341175
0.084556	0.250547
0.084556	0.260451
0.084556	0.130933
0.084556	0.297080
0.084556	0.138191
0.081106	0.339429
0.081106	0.318432
0.081106	0.325387
0.081106	0.326818
0.064883	0.328507
0.064883	0.322098
0.064883	0.335064
0.064883	0.323014
0.068128	0.374860
0.068128	0.348981
0.068128	0.379025
0.068128	0.413942
0.068128	0.418003
0.068128	0.360568
0.068128	0.383122
0.058172	0.431776
0.058172	0.437804
0.058172	0.397848
0.058172	0.463507
0.049865	0.141375
0.049865	0.155612
0.049865	0.181283
0.049865	0.170265
0.049865	0.152190
0.049865	0.217541
0.049865	0.123884
0.089652	0.485578
0.089652	0.472568
0.089652	0.518833
0.089652	0.543777
0.089652	0.495735
0.089652	0.520368
0.089652	0.502624
0.089652	0.601588
0.089652	0.497592
0.089652	0.495806
0.089652	0.472250
0.129239	0.519237
0.129239	0.498096
0.129239	0.553376
0.129239	0.618205
0.129239	0.530522
0.129239	0.514718
0.129239	0.474380
0.129239	0.577042
0.129239	0.523876
0.141650	0.582219
0.141650	0.564864
0.141650	0.584751
0.141650	0.566625
0.141650	0.479888
0.141650	0.493235
0.141650	0.479516
0.141650	0.487948
0.141650	0.580021
0.216708	0.455711
0.216708	0.443731
0.216708	0.370010
0.216708	0.421512
0.216708	0.503872
0.216708	0.552183
0.271565	0.545684
0.271565	0.467876
0.271565	0.551246
0.271565	0.584175
0.271565	0.491927
0.271565	0.465053
0.271565	0.409063
0.271565	0.432862
0.271565	0.486528
0.234451	0.460962
0.234451	0.455138
0.234451	0.463452
0.234451	0.573186
0.234451	0.416346
0.234451	0.449909
0.234451	0.454060
0.234451	0.449398
0.058517	0.466805
0.058517	0.448996
0.058517	0.405044
0.058517	0.411213
0.058517	0.433467
0.058517	0.381465
0.058517	0.417139
0.058517	0.407547
0.058517	0.388349
0.195574	0.383951
0.195574	0.290208
0.195574	0.333540
0.195574	0.349641
0.195574	0.376984
0.195574	0.342433
0.195574	0.361617
0.195574	0.358817
0.225316	0.374411
0.225316	0.308350
0.225316	0.312050
0.225316	0.417215
0.225316	0.343625
0.225316	0.288771
0.225316	0.334276
0.225316	0.338270
0.076901	0.179076
0.076901	0.174986
0.076901	0.181888
0.076901	0.178098
0.076901	0.150752
0.076901	0.177493
0.076901	0.190064
0.076901	0.181602
0.076901	0.224869
0.076901	0.190019
0.076901	0.246251
0.076901	0.276162
0.205265	0.314288
0.205265	0.255728
0.205265	0.290601
0.205265	0.224046
0.205265	0.209872
0.205265	0.235248
0.205265	0.276484
0.192906	0.228087
0.192906	0.254952
0.192906	0.249165
0.192906	0.247750
0.192906	0.199717
0.192906	0.107096
0.192906	0.247147
0.053296	0.275892
0.053296	0.257919
0.053296	0.273673
0.053296	0.288970
0.053296	0.236023
0.053296	0.229899
0.093147	0.328971
0.093147	0.292719
0.093147	0.371795
0.093147	0.302031
0.093147	0.295979
0.093147	0.297568
0.093147	0.336719
0.093147	0.308522
0.093147	0.451232
0.069222	0.290534
0.069222	0.272787
0.069222	0.299702
0.069222	0.264577
0.069222	0.262621
0.069222	0.273974
0.069222	0.264925
0.069222	0.278784
0.069222	0.284346
0.069222	0.329730
0.069222	0.287894
0.069222	0.314745
0.177165	0.318721
0.177165	0.308047
0.177165	0.322116
0.177165	0.309238
0.177165	0.307317
0.177165	0.263446
0.177165	0.326173
0.177165	0.266161
0.183014	0.351933
0.183014	0.362964
0.183014	0.315524
0.183014	0.354288
0.183014	0.361096
0.183014	0.376221
0.183014	0.393964
0.183014	0.424056
0.113431	0.201740
0.113431	0.196036
0.113431	0.221454
0.113431	0.236576
0.113431	0.195920
0.113431	0.207717
0.113431	0.184226
0.113431	0.198932
0.127808	0.356954
0.127808	0.363728
0.127808	0.381904
0.127808	0.349196
0.127808	0.378169
0.127808	0.350899
0.127808	0.363189
0.127808	0.379097
0.127808	0.376867
0.127808	0.300325
0.127808	0.243017
0.058325	0.367311
0.058325	0.315783
0.058325	0.342834
0.058325	0.311774
0.058325	0.335155
0.058325	0.280896
0.058325	0.331477
0.058325	0.342721
0.162432	0.244218
0.162432	0.319537
0.162432	0.266437
0.162432	0.308611
0.154983	0.327454
0.154983	0.344361
0.154983	0.352109
0.154983	0.356753
0.154983	0.312444
0.154983	0.275396
0.154983	0.249704
0.154983	0.331000
0.180690	0.436257
0.180690	0.420327
0.180690	0.470887
0.180690	0.453957
0.180690	0.405859
0.180690	0.382749
0.180690	0.376449
0.180690	0.391373
0.180690	0.445098
