Ground Truth	Predictions
1.000000	0.789658
1.000000	0.677990
1.000000	0.634664
1.000000	0.629744
1.000000	0.708238
1.000000	0.647511
1.000000	0.768967
1.000000	0.635508
1.000000	0.755334
0.744136	0.649374
0.744136	0.631801
0.744136	0.697503
0.744136	0.630054
0.744136	0.641621
0.744136	0.666601
0.744136	0.660670
0.744136	0.656401
0.517959	0.644885
0.517959	0.701318
0.517959	0.675346
0.517959	0.693972
0.517959	0.696620
0.517959	0.693650
0.517959	0.648037
0.517959	0.652933
0.517959	0.607357
0.364505	0.609649
0.364505	0.675946
0.364505	0.668353
0.364505	0.670156
0.364505	0.604612
0.364505	0.624678
0.364505	0.596595
0.364505	0.581192
0.364505	0.575468
0.449891	0.578795
0.449891	0.590958
0.449891	0.671874
0.449891	0.591107
0.509076	0.586115
0.509076	0.589903
0.509076	0.587749
0.509076	0.593431
0.509076	0.595929
0.509076	0.627611
0.509076	0.641763
0.509076	0.620428
0.509076	0.632744
0.104546	0.640372
0.104546	0.655255
0.104546	0.682185
0.104546	0.664956
0.104546	0.653381
0.104546	0.681253
0.104546	0.609453
0.104546	0.638962
0.304473	0.582981
0.304473	0.596830
0.304473	0.601742
0.304473	0.608575
0.304473	0.675332
0.304473	0.604643
0.304473	0.708536
0.086525	0.605257
0.086525	0.611118
0.086525	0.672286
0.086525	0.609627
0.086525	0.603408
0.086525	0.597283
0.086525	0.596281
0.086525	0.609451
0.259713	0.615169
0.259713	0.608340
0.259713	0.605867
0.259713	0.614870
0.259713	0.624210
0.259713	0.704316
0.259713	0.645056
0.259713	0.557654
0.259713	0.565695
0.259713	0.555205
0.259713	0.560362
0.259713	0.609610
0.259713	0.693123
0.259713	0.684977
0.111305	0.572555
0.111305	0.572714
0.111305	0.565293
0.111305	0.569960
0.111305	0.571086
0.111305	0.576899
0.111305	0.589721
0.111305	0.628893
0.176237	0.610601
0.176237	0.609029
0.176237	0.608432
0.176237	0.608773
0.176237	0.621182
0.176237	0.622593
0.176237	0.630231
0.176237	0.633954
0.130958	0.637138
0.130958	0.650629
0.130958	0.668246
0.130958	0.676072
0.305216	0.673531
0.305216	0.675266
0.305216	0.678951
0.305216	0.684573
0.305216	0.593639
0.305216	0.601880
0.305216	0.592500
0.305216	0.599627
0.280588	0.637123
0.280588	0.641720
0.280588	0.644751
0.280588	0.651753
0.280588	0.619340
0.280588	0.600954
0.280588	0.601770
0.280588	0.591803
0.280588	0.593447
0.076512	0.602747
0.076512	0.588362
0.076512	0.591479
0.076512	0.597072
0.078888	0.595050
0.078888	0.597220
0.078888	0.611051
0.078888	0.605442
0.078888	0.613874
0.078888	0.647145
0.078888	0.654165
0.078888	0.644798
0.078888	0.642581
0.078888	0.621569
0.078888	0.591056
0.078888	0.588589
0.100660	0.580350
0.100660	0.595814
0.100660	0.584507
0.100660	0.608350
0.100660	0.665722
0.100660	0.598758
0.100660	0.596107
0.100660	0.596087
0.166497	0.604639
0.166497	0.579891
0.166497	0.581392
0.166497	0.586507
0.101260	0.588808
0.101260	0.596049
0.101260	0.606644
0.101260	0.612643
0.101260	0.669855
0.101260	0.640225
0.101260	0.601906
0.101260	0.633572
0.251212	0.607595
0.251212	0.618575
0.251212	0.646436
0.251212	0.672154
0.251212	0.657264
0.352185	0.658486
0.352185	0.590778
0.352185	0.602996
0.352185	0.628287
0.352185	0.594140
0.352185	0.605406
0.352185	0.633876
0.352185	0.591626
0.352185	0.596642
0.148081	0.600376
0.148081	0.613451
0.148081	0.591681
0.148081	0.581466
0.148081	0.643295
0.148081	0.592308
0.148081	0.615188
0.078877	0.655216
0.078877	0.628655
0.078877	0.685168
0.078877	0.662172
0.446734	0.666014
0.446734	0.665039
0.446734	0.646988
0.446734	0.583122
0.446734	0.629572
0.446734	0.641210
0.446734	0.701734
0.446734	0.698607
0.446734	0.667099
0.251366	0.660611
0.251366	0.669763
0.251366	0.617201
0.251366	0.779397
0.251366	0.689494
0.251366	0.662430
0.251366	0.742586
0.251366	0.698174
0.251366	0.668409
0.189185	0.770916
0.189185	0.650629
0.189185	0.668985
0.189185	0.637797
0.189185	0.635701
0.189185	0.671863
0.189185	0.633038
0.189185	0.623465
0.189185	0.639685
0.189185	0.637271
0.189185	0.612083
0.173299	0.582164
0.173299	0.581000
0.173299	0.667579
0.173299	0.590507
0.173299	0.680566
0.173299	0.643397
0.173299	0.625692
0.173299	0.600451
0.173299	0.607150
0.307272	0.611232
0.307272	0.609168
0.307272	0.622831
0.307272	0.610906
0.307272	0.581468
0.307272	0.590974
0.307272	0.587845
0.307272	0.591854
0.307272	0.592607
0.134846	0.675388
0.134846	0.668545
0.134846	0.598733
0.134846	0.626167
0.134846	0.599647
0.134846	0.621606
0.134846	0.695669
0.134846	0.563380
0.127577	0.562472
0.127577	0.555483
0.127577	0.560427
0.127577	0.563094
0.127577	0.558235
0.127577	0.597318
0.127577	0.617911
0.228637	0.611579
0.228637	0.617271
0.228637	0.625479
0.228637	0.632443
0.264054	0.617852
0.264054	0.614134
0.264054	0.664382
0.264054	0.601303
0.264054	0.621254
0.264054	0.611608
0.264054	0.616211
0.264054	0.641335
0.257179	0.647818
0.257179	0.631946
0.257179	0.660400
0.257179	0.626653
0.257179	0.576599
0.257179	0.587076
0.257179	0.574222
0.257179	0.577086
0.257179	0.614020
0.214923	0.621332
0.214923	0.627766
0.214923	0.607116
0.214923	0.582737
0.214923	0.592315
0.214923	0.583023
0.214923	0.582111
0.163036	0.590836
0.163036	0.579318
0.163036	0.578280
0.163036	0.588005
0.163036	0.599695
0.163036	0.598821
0.163036	0.610378
0.070303	0.603417
0.070303	0.610619
0.070303	0.602415
0.070303	0.598825
0.070303	0.632895
0.070303	0.607121
0.070303	0.571439
0.141362	0.585923
0.141362	0.575878
0.141362	0.578812
0.141362	0.628963
0.141362	0.628086
0.141362	0.615286
0.141362	0.613712
0.141362	0.574059
0.141362	0.558144
0.075853	0.587498
0.075853	0.557525
0.075853	0.562645
0.075853	0.578437
0.075853	0.641934
0.075853	0.578126
0.075853	0.649063
0.075853	0.567721
0.075853	0.568333
0.075853	0.566064
0.224777	0.567542
0.224777	0.567495
0.224777	0.565724
0.224777	0.568226
0.224777	0.577971
0.224777	0.561768
0.224777	0.563621
0.267950	0.569692
0.267950	0.570877
0.267950	0.571839
0.267950	0.566071
0.267950	0.596948
0.267950	0.573634
0.267950	0.535158
0.267950	0.541374
0.210590	0.539301
0.210590	0.541190
0.210590	0.623754
0.210590	0.601015
0.210590	0.535612
0.210590	0.542347
0.210590	0.536118
0.210590	0.539028
0.210590	0.567330
0.173946	0.532455
0.173946	0.555001
0.173946	0.558611
0.173946	0.558337
0.173946	0.564130
0.173946	0.556921
0.173946	0.558455
0.173946	0.565183
0.171905	0.564016
0.171905	0.555235
0.171905	0.568336
0.171905	0.571594
0.171905	0.608467
0.171905	0.609708
0.171905	0.576962
0.171905	0.585238
0.171905	0.573621
0.219341	0.563877
0.219341	0.563305
0.219341	0.616135
0.219341	0.572716
0.219341	0.665069
0.219341	0.611627
0.219341	0.603814
0.219341	0.593147
0.219341	0.568587
0.476276	0.567703
0.476276	0.563927
0.476276	0.606789
0.476276	0.561642
0.476276	0.630710
0.476276	0.585204
0.476276	0.590502
0.476276	0.573646
0.476276	0.583844
0.243941	0.569742
0.243941	0.590557
0.243941	0.579621
0.243941	0.577735
0.243941	0.593091
0.243941	0.567263
0.243941	0.575609
0.243941	0.568233
0.243941	0.644767
0.243941	0.565662
0.243941	0.656929
0.208920	0.573665
0.208920	0.588518
0.208920	0.551491
0.208920	0.563183
0.208920	0.557612
0.208920	0.674254
0.208920	0.613016
0.137710	0.607285
0.137710	0.616362
0.137710	0.562259
0.137710	0.632668
0.137710	0.552100
0.137710	0.654590
0.137710	0.660232
0.137710	0.609260
0.137710	0.605038
0.226782	0.596750
0.226782	0.588808
0.226782	0.639386
0.226782	0.590296
0.226782	0.582169
0.226782	0.579680
0.226782	0.607820
0.120547	0.608809
0.120547	0.640767
0.120547	0.573013
0.120547	0.599262
0.120547	0.559181
0.089576	0.558384
0.089576	0.635692
0.089576	0.668440
0.089576	0.611707
0.089576	0.582450
0.228146	0.587440
0.228146	0.611947
0.228146	0.603016
0.228146	0.598401
0.228146	0.610328
0.228146	0.629654
0.228146	0.618481
0.231519	0.681389
0.231519	0.668881
0.231519	0.605168
0.231519	0.606146
0.384510	0.599838
0.384510	0.599549
0.384510	0.603401
0.384510	0.650241
0.384510	0.621877
0.384510	0.634900
0.384510	0.616879
0.384510	0.647318
0.208052	0.614133
0.208052	0.618276
0.208052	0.636175
0.208052	0.636982
0.218805	0.642789
0.218805	0.646020
0.218805	0.659892
0.218805	0.676105
0.218805	0.653467
0.218805	0.679063
0.218805	0.618458
0.210358	0.626433
0.210358	0.649838
0.210358	0.635802
0.210358	0.642784
0.210358	0.647878
0.210358	0.669177
0.210358	0.656977
0.210358	0.670812
0.084169	0.669765
0.084169	0.591020
0.084169	0.605919
0.084169	0.592784
0.084169	0.603893
0.084169	0.612276
0.084169	0.591298
0.084169	0.634492
0.163923	0.630176
0.163923	0.643158
0.163923	0.668996
0.163923	0.628311
0.163923	0.706210
0.163923	0.632857
0.163923	0.642337
0.163923	0.677815
0.106226	0.655379
0.106226	0.705917
0.106226	0.722224
0.106226	0.634838
0.106226	0.678731
0.106226	0.670094
0.106226	0.694399
0.106226	0.719203
0.106226	0.639365
0.106226	0.685805
0.106226	0.654619
0.209073	0.682803
0.209073	0.649809
0.209073	0.665293
0.209073	0.645684
0.209073	0.646460
0.209073	0.666783
0.209073	0.677315
0.209073	0.669355
0.209073	0.673116
0.209073	0.642560
0.209073	0.664158
0.209073	0.648119
0.209073	0.639513
0.209073	0.662220
0.227424	0.660806
0.227424	0.678725
0.227424	0.672794
0.227424	0.684331
0.227424	0.606915
0.169721	0.631011
0.169721	0.619952
0.169721	0.620126
0.169721	0.625699
0.169721	0.610350
0.169721	0.608145
0.169721	0.629702
0.169721	0.638264
0.169721	0.634648
0.169721	0.665886
0.314538	0.661366
0.314538	0.656804
0.314538	0.742880
0.314538	0.731234
0.314538	0.644937
0.314538	0.630921
0.314538	0.639766
0.314538	0.655289
0.274410	0.648837
0.274410	0.627235
0.274410	0.632788
0.274410	0.654529
0.274410	0.623417
0.274410	0.632859
0.274410	0.632543
0.274410	0.628382
0.274410	0.696674
0.274410	0.669367
0.274410	0.754611
0.168251	0.662810
0.168251	0.657700
0.168251	0.663006
0.168251	0.675187
0.168251	0.691300
0.168251	0.679952
0.168251	0.678046
0.168251	0.667593
0.168251	0.644073
0.168251	0.649211
0.168251	0.636783
0.239151	0.634876
0.239151	0.664608
0.239151	0.676193
0.239151	0.691348
0.334763	0.680147
0.334763	0.596483
0.334763	0.587680
0.334763	0.580174
0.234680	0.585081
0.234680	0.592199
0.234680	0.657674
0.234680	0.680410
0.234680	0.582907
0.234680	0.580622
0.234680	0.568532
0.234680	0.572511
0.234680	0.580621
0.234680	0.605304
0.234680	0.581073
0.234680	0.621884
0.250500	0.596737
0.250500	0.595370
0.250500	0.610618
0.250500	0.618117
0.250500	0.627555
0.268839	0.653013
0.268839	0.617516
0.268839	0.658393
0.268839	0.640627
0.268839	0.617102
0.268839	0.665617
0.268839	0.629370
0.268839	0.645538
0.268839	0.609565
0.166661	0.603350
0.166661	0.601701
0.166661	0.607712
0.166661	0.606726
0.166661	0.617421
0.166661	0.618365
0.149226	0.661453
0.149226	0.605396
0.149226	0.601178
0.149226	0.602132
0.134640	0.605985
0.134640	0.616618
0.134640	0.631862
0.134640	0.633418
0.134640	0.661168
0.134640	0.645341
0.134640	0.643929
0.134640	0.641382
0.125402	0.647004
0.125402	0.646325
0.125402	0.636793
0.125402	0.657370
0.125402	0.634085
0.125402	0.584496
0.125402	0.588815
0.125402	0.585168
0.164454	0.588853
0.164454	0.597299
0.164454	0.604926
0.164454	0.615351
0.164454	0.607140
0.349008	0.603298
0.349008	0.601995
0.349008	0.631380
0.349008	0.620359
0.349008	0.622279
0.349008	0.633981
0.349008	0.654293
0.349008	0.652701
0.349008	0.659097
0.196474	0.647184
0.196474	0.651961
0.196474	0.659717
0.196474	0.642031
0.196474	0.659246
0.196474	0.644092
0.196474	0.644406
0.196474	0.653849
0.303991	0.632741
0.303991	0.634370
0.303991	0.608570
0.303991	0.602136
0.303991	0.603906
0.303991	0.613847
0.303991	0.637328
0.173366	0.658340
0.173366	0.681379
0.173366	0.614824
0.173366	0.623460
0.173366	0.624976
0.173366	0.626351
0.173366	0.632959
0.197386	0.635763
0.197386	0.717319
0.197386	0.653167
0.197386	0.661082
0.197386	0.658694
0.197386	0.669731
0.197386	0.660746
0.197386	0.651520
0.185878	0.673248
0.185878	0.650872
0.185878	0.592341
0.185878	0.604250
0.185878	0.608777
0.185878	0.631016
0.185878	0.608390
0.185878	0.611890
0.185878	0.618256
0.189915	0.621286
0.189915	0.625246
0.189915	0.635748
0.189915	0.631991
0.189915	0.631625
0.129497	0.648921
0.129497	0.649178
0.129497	0.706316
0.129497	0.647822
0.129497	0.733736
0.129497	0.696798
0.129497	0.657063
0.129497	0.672620
0.129497	0.664134
0.129497	0.687735
0.129497	0.678045
0.092640	0.667028
0.092640	0.682144
0.092640	0.670963
0.092640	0.667725
0.092640	0.672416
0.092640	0.670679
0.092640	0.675341
0.092640	0.670897
0.092640	0.689753
0.171459	0.700367
0.171459	0.702677
0.171459	0.695918
0.171459	0.689527
0.171459	0.692535
0.171459	0.703652
0.171459	0.712885
0.171459	0.631172
0.109916	0.640879
0.109916	0.625020
0.109916	0.623591
0.109916	0.637679
0.109916	0.628077
0.109916	0.670590
0.109916	0.626643
0.109916	0.670696
0.109916	0.629449
0.088800	0.667373
0.088800	0.626278
0.088800	0.632211
0.088800	0.618285
0.088800	0.627151
0.088800	0.662805
0.088800	0.650658
0.088800	0.660504
0.386837	0.627774
0.386837	0.622012
0.386837	0.616596
0.386837	0.617699
0.386837	0.634906
0.386837	0.621095
0.386837	0.633502
0.386837	0.633989
0.386837	0.666313
0.386837	0.651425
0.386837	0.689884
0.386837	0.620525
0.138415	0.614664
0.138415	0.610451
0.138415	0.621485
0.138415	0.623764
0.138415	0.622736
0.138415	0.629558
0.138415	0.644750
0.466442	0.647887
0.466442	0.648091
0.466442	0.651567
0.466442	0.670157
0.466442	0.607439
0.466442	0.601817
0.466442	0.601075
0.466442	0.609389
0.466442	0.618346
0.466442	0.629021
0.466442	0.629428
0.067006	0.599256
0.067006	0.597892
0.067006	0.600288
0.067006	0.604498
0.067006	0.614278
0.067006	0.607367
0.067006	0.599730
0.103534	0.604264
0.103534	0.603562
0.103534	0.609561
0.103534	0.615860
0.103534	0.623098
0.103534	0.655980
0.103534	0.662606
0.103534	0.619273
0.103534	0.642733
0.103534	0.631906
0.103534	0.628745
0.103534	0.600186
0.103534	0.606776
0.103534	0.617656
0.528484	0.615147
0.528484	0.615085
0.528484	0.623050
0.528484	0.624741
0.528484	0.644598
0.528484	0.637911
0.528484	0.664388
0.528484	0.655540
0.201180	0.632644
0.201180	0.635518
0.201180	0.649927
0.201180	0.655364
0.201180	0.670859
0.124003	0.634340
0.124003	0.651329
0.124003	0.651296
0.124003	0.664374
0.124003	0.678291
0.124003	0.727051
0.124003	0.683235
0.369684	0.664208
0.369684	0.667373
0.369684	0.660492
0.369684	0.677742
0.369684	0.700844
0.369684	0.685649
0.369684	0.691971
0.369684	0.691617
0.369684	0.658189
0.369684	0.650700
0.369684	0.646546
0.249512	0.669171
0.249512	0.671196
0.249512	0.659774
0.249512	0.681087
0.249512	0.679908
0.249512	0.618459
0.249512	0.654905
0.249512	0.659974
0.249512	0.648324
0.249512	0.654399
0.249512	0.670794
0.249512	0.677444
0.221985	0.685602
0.221985	0.687404
0.221985	0.611876
0.221985	0.657765
0.221985	0.628827
0.221985	0.639004
0.221985	0.663142
0.221985	0.649778
0.323180	0.639660
0.323180	0.633291
0.323180	0.661765
0.323180	0.636131
0.180012	0.649742
0.180012	0.639298
0.180012	0.647767
0.180012	0.664906
0.180012	0.675766
0.180012	0.681622
0.180012	0.687057
0.180012	0.691299
0.180012	0.641995
0.138251	0.631609
0.138251	0.618575
0.138251	0.620880
0.138251	0.648553
0.138251	0.647318
0.138251	0.641958
0.138251	0.666314
0.138251	0.647500
0.145638	0.665758
0.145638	0.652505
0.145638	0.623315
0.145638	0.620561
0.145638	0.617109
0.145638	0.625459
0.145638	0.624160
0.145638	0.632407
0.103265	0.617671
0.103265	0.617442
0.103265	0.638698
0.103265	0.642208
0.103265	0.647246
0.083506	0.628971
0.083506	0.623088
0.083506	0.627503
0.083506	0.631793
0.083506	0.616395
0.083506	0.618572
0.083506	0.616343
0.083506	0.627865
0.083506	0.631829
0.083506	0.629531
0.083506	0.627090
0.083506	0.639715
0.052761	0.643413
0.052761	0.648713
0.052761	0.648290
0.052761	0.663352
0.052761	0.656604
0.052761	0.657356
0.052761	0.673330
0.088124	0.617998
0.088124	0.611790
0.088124	0.629089
0.088124	0.642152
0.088124	0.632626
0.088124	0.628749
0.088124	0.606509
0.088124	0.617304
0.165174	0.620773
0.165174	0.647625
0.165174	0.621121
0.165174	0.629013
0.165174	0.629153
0.290405	0.651163
0.290405	0.635926
0.290405	0.702196
0.290405	0.629522
0.290405	0.700229
0.290405	0.648287
0.290405	0.639390
0.269624	0.660824
0.269624	0.655495
0.269624	0.688202
0.269624	0.649288
0.269624	0.656520
0.269624	0.627592
0.269624	0.633270
0.269624	0.654442
0.269624	0.621815
0.129636	0.666968
0.129636	0.625364
0.129636	0.671321
0.129636	0.634740
0.129636	0.633562
0.081295	0.627999
0.081295	0.621130
0.081295	0.632003
0.081295	0.655596
0.081295	0.640280
0.081295	0.679476
0.081295	0.660261
0.081295	0.627728
0.048948	0.619057
0.048948	0.619047
0.048948	0.642756
0.048948	0.686096
0.048948	0.674611
0.048948	0.628737
0.090185	0.647897
0.090185	0.644054
0.090185	0.642288
0.090185	0.644900
0.090185	0.641401
0.090185	0.637154
0.090185	0.637881
0.090185	0.640726
0.066335	0.641245
0.066335	0.642742
0.066335	0.642503
0.066335	0.641696
0.066335	0.650801
0.066335	0.637782
0.066335	0.634522
0.066335	0.644861
0.098069	0.650535
0.098069	0.655620
0.098069	0.678509
0.098069	0.663203
0.098069	0.639180
0.098069	0.645499
0.098069	0.645684
0.098069	0.639017
0.098069	0.643370
0.098069	0.659674
0.098069	0.660037
0.098069	0.666413
0.060051	0.668106
0.060051	0.675158
0.060051	0.672660
0.060051	0.677903
0.060051	0.685151
0.060051	0.693527
0.060051	0.700215
0.060051	0.725227
0.068853	0.661018
0.068853	0.666824
0.068853	0.680525
0.068853	0.723686
0.068853	0.671545
0.068853	0.709361
0.068853	0.700480
0.068853	0.695156
0.068853	0.727545
0.157887	0.662793
0.157887	0.716202
0.157887	0.685349
0.157887	0.725997
0.157887	0.680481
0.157887	0.708638
0.157887	0.696483
0.157887	0.725510
0.144656	0.713583
0.144656	0.737690
0.144656	0.722049
0.144656	0.738918
0.144656	0.740322
0.144656	0.664676
0.144656	0.675122
0.144656	0.639751
0.214650	0.645620
0.214650	0.654664
0.214650	0.646471
0.214650	0.647459
0.214650	0.654914
0.214650	0.649564
0.214650	0.657375
0.214650	0.651957
0.151426	0.649911
0.151426	0.652232
0.151426	0.684471
0.151426	0.685067
0.151426	0.692860
0.151426	0.697378
0.151426	0.693876
0.162441	0.756761
0.162441	0.754401
0.162441	0.640914
0.162441	0.631923
0.162441	0.646643
0.162441	0.663926
0.162441	0.651021
0.162441	0.665244
0.140751	0.650956
0.140751	0.676243
0.140751	0.681766
0.140751	0.693989
0.140751	0.685346
0.140751	0.665351
0.140751	0.662402
0.118666	0.671233
0.118666	0.675556
0.118666	0.707413
0.118666	0.666092
0.118666	0.704781
0.118666	0.673077
0.118666	0.680312
0.169816	0.669777
0.169816	0.658219
0.169816	0.698413
0.169816	0.705030
0.169816	0.705812
0.169816	0.712169
0.169816	0.715493
0.169816	0.702499
0.169816	0.671266
0.093715	0.664275
0.093715	0.730962
0.093715	0.729834
0.093715	0.722748
0.093715	0.688954
0.093715	0.703749
0.093715	0.668758
0.090451	0.641249
0.090451	0.640204
0.090451	0.638374
0.090451	0.643365
0.090451	0.631592
0.090451	0.626519
0.090451	0.626972
0.090451	0.666600
0.090451	0.681240
0.090451	0.671908
0.090451	0.669826
0.090451	0.683200
0.090451	0.701208
0.090451	0.697870
0.115409	0.695011
0.115409	0.676885
0.115409	0.692565
0.115409	0.620256
0.115409	0.612624
0.115409	0.621084
0.115409	0.686525
0.115409	0.599988
0.115409	0.608952
0.138113	0.634924
0.138113	0.593134
0.138113	0.632408
0.138113	0.603952
0.138113	0.617687
0.138113	0.628703
0.138113	0.626390
0.138113	0.671975
0.138113	0.659196
0.086914	0.656577
0.086914	0.687460
0.086914	0.699663
0.086914	0.679753
0.086914	0.680842
0.086914	0.653738
0.086914	0.684995
0.086914	0.652741
0.119759	0.656268
0.119759	0.627493
0.119759	0.623319
0.119759	0.653405
0.119759	0.631149
0.119759	0.650036
0.119759	0.629802
0.117071	0.654006
0.117071	0.639080
0.117071	0.617044
0.117071	0.631623
0.117071	0.630162
0.138455	0.649515
0.138455	0.643749
0.138455	0.647985
0.138455	0.580902
0.138455	0.604372
0.138455	0.608461
0.138455	0.625948
0.138455	0.602487
0.103767	0.601747
0.103767	0.644271
0.103767	0.635465
0.103767	0.634522
0.103767	0.636090
0.103767	0.587039
0.103767	0.585733
0.103767	0.586417
0.223735	0.583769
0.223735	0.586490
0.223735	0.585263
0.223735	0.601074
0.223735	0.584341
0.223735	0.549503
0.223735	0.550038
0.223735	0.550047
0.223735	0.572808
0.127523	0.568380
0.127523	0.566529
0.127523	0.584379
0.127523	0.576803
0.127523	0.590042
0.127523	0.587446
0.127523	0.600206
0.127523	0.604109
0.127523	0.612550
0.151371	0.609055
0.151371	0.582355
0.151371	0.568276
0.151371	0.564762
0.151371	0.565083
0.151371	0.563944
0.151371	0.564638
0.151371	0.567492
0.213370	0.563797
0.213370	0.600678
0.213370	0.599654
0.213370	0.598223
0.213370	0.594244
0.213370	0.628125
0.213370	0.599188
0.213370	0.626859
0.213370	0.657675
0.073458	0.606360
0.073458	0.603555
0.073458	0.602313
0.073458	0.601136
0.073458	0.608925
0.142354	0.604888
0.142354	0.611923
0.142354	0.606127
0.142354	0.592058
0.142354	0.592261
0.142354	0.587769
0.142354	0.589020
0.142354	0.592213
0.142354	0.594620
0.105465	0.605515
0.105465	0.599515
0.105465	0.598066
0.105465	0.599512
0.138375	0.602719
0.138375	0.601936
0.138375	0.602283
0.138375	0.624857
0.138375	0.630443
0.138375	0.637218
0.138375	0.636518
0.138375	0.648090
0.138375	0.658575
0.212858	0.649903
0.212858	0.629072
0.212858	0.659013
0.212858	0.629138
0.212858	0.617441
0.212858	0.617023
0.107433	0.620420
0.107433	0.629512
0.107433	0.661413
0.107433	0.633872
0.107433	0.718787
0.101499	0.644134
0.101499	0.638317
0.101499	0.684209
0.101499	0.641747
0.101499	0.692033
0.101499	0.619800
0.101499	0.628671
0.101499	0.624293
0.139713	0.657543
0.139713	0.667981
0.139713	0.669865
0.139713	0.614496
0.139713	0.631485
0.139713	0.621976
0.139713	0.631097
0.139713	0.672171
0.152182	0.641216
0.152182	0.672285
0.152182	0.672345
0.152182	0.680005
0.152182	0.692953
0.152182	0.700251
0.152182	0.694542
0.152182	0.684527
0.152182	0.681275
0.152182	0.674769
0.152182	0.682536
0.156125	0.681413
0.156125	0.613153
0.156125	0.633432
0.156125	0.616002
0.156125	0.611247
0.156125	0.630034
0.156125	0.658791
0.156125	0.673775
0.237550	0.600699
0.237550	0.613630
0.237550	0.603778
0.237550	0.605887
0.237550	0.658361
0.237550	0.622495
0.237550	0.660611
0.237550	0.655180
0.206376	0.651883
0.206376	0.635028
0.206376	0.644460
0.206376	0.678677
0.206376	0.681539
0.206376	0.682380
0.206376	0.627007
0.206376	0.642991
0.206376	0.597923
0.231870	0.589147
0.231870	0.585655
0.231870	0.586568
0.231870	0.591584
0.231870	0.628272
0.231870	0.608368
0.231870	0.578423
0.231870	0.580205
0.231870	0.582264
0.291387	0.583236
0.291387	0.587806
0.291387	0.677636
0.291387	0.629823
0.291387	0.636893
0.291387	0.656908
0.291387	0.641231
0.282654	0.657039
0.282654	0.683073
0.282654	0.692215
0.282654	0.683695
0.282654	0.665017
0.282654	0.690823
0.282654	0.652322
0.282654	0.691476
0.282654	0.575057
0.282654	0.575699
0.282654	0.572577
0.282654	0.574077
0.154572	0.580057
0.154572	0.641411
0.154572	0.652515
0.154572	0.591869
0.154572	0.574272
0.154572	0.575876
0.154572	0.573054
0.154572	0.577451
0.154572	0.576646
0.154572	0.584180
0.154572	0.585043
0.135362	0.592221
0.135362	0.597944
0.135362	0.602256
0.135362	0.600939
0.135362	0.639565
0.135362	0.596992
0.135362	0.694941
0.441565	0.657491
0.441565	0.562438
0.441565	0.566185
0.441565	0.562413
0.441565	0.564292
0.441565	0.586449
0.441565	0.600422
0.441565	0.610697
0.441565	0.610653
0.441565	0.605937
0.441565	0.610694
0.441565	0.609415
0.441565	0.607052
0.441565	0.616216
0.091866	0.609701
0.091866	0.568458
0.091866	0.568716
0.091866	0.569940
0.091866	0.571090
0.091866	0.584333
0.091866	0.573059
0.094262	0.574552
0.094262	0.627655
0.094262	0.598407
0.094262	0.618037
0.094262	0.602158
0.094262	0.605987
0.094262	0.625204
0.094262	0.643732
0.171023	0.640087
0.171023	0.619118
0.171023	0.576607
0.171023	0.566391
0.171023	0.584854
0.171023	0.578265
0.171023	0.572339
0.171023	0.577429
0.297684	0.582269
0.297684	0.581798
0.297684	0.569754
0.297684	0.567364
0.297684	0.577918
0.128067	0.582207
0.128067	0.584340
0.128067	0.577684
0.128067	0.579808
0.128067	0.576622
0.212572	0.574966
0.212572	0.573376
0.212572	0.555684
0.212572	0.555603
0.212572	0.554908
0.212572	0.561754
0.212572	0.565169
0.212572	0.559891
0.244712	0.573940
0.244712	0.602810
0.244712	0.636708
0.244712	0.679362
0.248496	0.680893
0.248496	0.588008
0.248496	0.601196
0.248496	0.591227
0.240856	0.666558
0.240856	0.680878
0.240856	0.715303
0.240856	0.579863
0.240856	0.604778
0.240856	0.584084
0.240856	0.695059
0.240856	0.580540
0.240856	0.584258
0.240856	0.606255
0.240856	0.578597
0.240856	0.549941
0.239203	0.549854
0.239203	0.549464
0.239203	0.549978
0.239203	0.570649
0.239203	0.564756
0.180120	0.608610
0.180120	0.551359
0.180120	0.551348
0.180120	0.551352
0.180120	0.568028
0.180120	0.552000
0.180120	0.553345
0.180120	0.554791
0.180120	0.605634
0.180120	0.631146
0.180120	0.606811
0.211572	0.673679
0.211572	0.615700
0.211572	0.615483
0.211572	0.661158
0.211572	0.644939
0.211572	0.610310
0.211572	0.624425
0.211572	0.611284
0.211572	0.641516
0.468461	0.603443
0.468461	0.604089
0.468461	0.631630
0.468461	0.610208
0.468461	0.610188
0.468461	0.678039
0.468461	0.632104
0.468461	0.615820
0.468461	0.613372
0.468461	0.632891
0.468461	0.656065
0.468461	0.667071
0.214387	0.648726
0.214387	0.643341
0.214387	0.672613
0.214387	0.686782
0.214387	0.685590
0.214387	0.661361
0.214387	0.664731
0.214387	0.691805
0.214387	0.668791
0.251831	0.632178
0.251831	0.607949
0.251831	0.610365
0.251831	0.654507
0.251831	0.661102
0.251831	0.622130
0.251831	0.611775
0.251831	0.613614
0.415808	0.608482
0.415808	0.612950
0.415808	0.614826
0.415808	0.682042
0.180750	0.609107
0.180750	0.647352
0.180750	0.677413
0.180750	0.639605
0.180750	0.664846
0.180750	0.621025
0.180750	0.625475
0.180750	0.610671
0.180750	0.611925
0.210590	0.629291
0.210590	0.624749
0.210590	0.627649
0.210590	0.672395
0.210590	0.663806
0.210590	0.662651
0.210590	0.669085
0.210590	0.699582
0.210590	0.665248
0.210590	0.676300
0.210590	0.669859
0.210590	0.679479
0.076663	0.699453
0.076663	0.606739
0.076663	0.612847
0.076663	0.610227
0.076663	0.615620
0.076663	0.617875
0.076663	0.666871
0.076663	0.647162
0.092012	0.656119
0.092012	0.663396
0.092012	0.658596
0.092012	0.671677
0.092012	0.662654
0.092012	0.655772
0.092012	0.661560
0.092012	0.660198
0.152703	0.619906
0.152703	0.628099
0.152703	0.627280
0.152703	0.636214
0.152703	0.629111
0.152703	0.635596
0.152703	0.644799
0.152703	0.647519
0.152703	0.644101
0.083517	0.661910
0.083517	0.663343
0.083517	0.671230
0.083517	0.680843
0.083517	0.680685
0.083517	0.626093
0.083517	0.640968
0.083517	0.641160
0.251035	0.645755
0.251035	0.647636
0.251035	0.633110
0.251035	0.664181
0.251035	0.718567
0.251035	0.605068
0.251035	0.613063
0.130570	0.611994
0.130570	0.634028
0.130570	0.605889
0.130570	0.618545
0.235522	0.610310
0.235522	0.649446
0.235522	0.661709
0.235522	0.662333
0.235522	0.677784
0.235522	0.680448
0.235522	0.611986
0.152415	0.626119
0.152415	0.630251
0.152415	0.693046
0.152415	0.659268
0.152415	0.637619
0.152415	0.647821
0.152415	0.628129
0.152415	0.648493
0.130168	0.658460
0.130168	0.659271
0.130168	0.637964
0.130168	0.672759
0.130168	0.627629
0.130168	0.649926
0.130168	0.647412
0.130168	0.648633
0.107410	0.647007
0.107410	0.650034
0.107410	0.657424
0.107410	0.633859
0.107410	0.632299
0.114906	0.628042
0.114906	0.631595
0.114906	0.649544
0.114906	0.654196
0.076677	0.669254
0.076677	0.671102
0.076677	0.633226
0.076677	0.624899
0.076677	0.622322
0.101812	0.623924
0.101812	0.644422
0.101812	0.600892
0.101812	0.599551
0.101812	0.599331
0.101812	0.602657
0.101812	0.601787
0.101812	0.591994
0.101812	0.594376
0.088191	0.595999
0.088191	0.595874
0.088191	0.596586
0.088191	0.592980
0.088191	0.595523
0.150758	0.594541
0.150758	0.596790
0.150758	0.594091
0.150758	0.594819
0.079773	0.606945
0.079773	0.598265
0.079773	0.610736
0.079773	0.611775
0.079773	0.621899
0.079773	0.614060
0.079773	0.607494
0.079773	0.620735
0.108512	0.633267
0.108512	0.636854
0.108512	0.634166
0.108512	0.635908
0.108512	0.638960
0.108512	0.643367
0.108512	0.636351
0.093363	0.632092
0.093363	0.655671
0.093363	0.607616
0.093363	0.608023
0.093363	0.605595
0.093363	0.628205
0.093363	0.621747
0.093363	0.620842
0.093363	0.642690
0.093363	0.650480
0.093363	0.637041
0.185334	0.674647
0.185334	0.639918
0.185334	0.669514
0.185334	0.644415
0.185334	0.653825
0.185334	0.644007
0.185334	0.655416
0.185334	0.642621
0.101128	0.651281
0.101128	0.676321
0.101128	0.670970
0.101128	0.638677
0.101128	0.650377
0.101128	0.640368
0.101128	0.640340
0.111204	0.656932
0.111204	0.647463
0.111204	0.661610
0.111204	0.675869
0.111204	0.693297
0.111204	0.683789
0.111204	0.656886
0.111204	0.660253
0.103676	0.648362
0.103676	0.652454
0.103676	0.681144
0.103676	0.690730
0.103676	0.623016
0.103676	0.622993
0.103676	0.614208
0.103676	0.624562
0.129893	0.638584
0.129893	0.623623
0.129893	0.633422
0.129893	0.627053
0.129893	0.642034
0.129893	0.624845
0.129893	0.645517
0.129893	0.648965
0.142507	0.654972
0.142507	0.660958
0.142507	0.661806
0.142507	0.663756
0.142507	0.660209
0.142507	0.672044
0.142507	0.672219
0.142507	0.668952
0.142507	0.675628
0.149836	0.674484
0.149836	0.616156
0.149836	0.619387
0.149836	0.625460
0.149836	0.631783
0.149836	0.623114
0.149836	0.632919
0.149836	0.642302
0.147390	0.666991
0.147390	0.679363
0.147390	0.671205
0.147390	0.686823
0.147390	0.701015
0.147390	0.644882
0.147390	0.658327
0.147390	0.639508
0.147390	0.650611
0.221103	0.654931
0.221103	0.655852
0.221103	0.651333
0.221103	0.660078
0.221103	0.674817
0.221103	0.646947
0.221103	0.668602
0.221103	0.663333
0.221103	0.665089
0.221103	0.631580
0.210762	0.648701
0.210762	0.635331
0.210762	0.644241
0.210762	0.650361
0.210762	0.677878
0.210762	0.654259
0.210762	0.678136
0.210762	0.629512
0.164970	0.630682
0.164970	0.629333
0.164970	0.639041
0.164970	0.630595
0.164970	0.634981
0.164970	0.654717
0.164970	0.647692
0.164970	0.623083
0.121898	0.624996
0.121898	0.634097
0.121898	0.648850
0.121898	0.621935
0.121898	0.639147
0.106441	0.618950
0.106441	0.619277
0.106441	0.633026
0.106441	0.639389
0.106441	0.678663
0.106441	0.663252
0.106441	0.647683
0.106441	0.671837
0.099077	0.665208
0.099077	0.679696
0.099077	0.675215
0.099077	0.687119
0.099077	0.673648
0.099077	0.673876
0.099077	0.684637
0.085251	0.682589
0.085251	0.680965
0.085251	0.666282
0.085251	0.670213
0.085251	0.673787
0.085251	0.676733
0.085251	0.673643
0.085251	0.641765
0.189961	0.672016
0.189961	0.657382
0.189961	0.668595
0.189961	0.640138
0.189961	0.637499
0.189961	0.638902
0.189961	0.656194
0.189961	0.619542
0.189961	0.625215
0.189961	0.611376
0.189961	0.609624
0.189961	0.634708
0.064905	0.717253
0.064905	0.744888
0.064905	0.632319
0.064905	0.616285
0.064905	0.625360
0.064905	0.660891
0.074410	0.634560
0.074410	0.616428
0.074410	0.654370
0.074410	0.610143
0.074410	0.611770
0.074410	0.618355
0.074410	0.614106
0.074410	0.606529
0.124277	0.646067
0.124277	0.630740
0.124277	0.647748
0.124277	0.650797
0.124277	0.636622
0.206959	0.634102
0.206959	0.630641
0.206959	0.642751
0.206959	0.648104
0.206959	0.650360
0.206959	0.643894
0.206959	0.651925
0.206959	0.612300
0.206959	0.603705
0.110778	0.619582
0.110778	0.644114
0.110778	0.607836
0.110778	0.598659
0.110778	0.615188
0.093229	0.582293
0.093229	0.630793
0.093229	0.596850
0.093229	0.733465
0.093229	0.668793
0.107427	0.643806
0.107427	0.691611
0.107427	0.595208
0.107427	0.643952
0.107427	0.631337
0.107427	0.651437
0.107427	0.649605
0.107427	0.670048
0.107427	0.634885
0.107427	0.619332
0.107427	0.660008
0.144879	0.674218
0.144879	0.631245
0.144879	0.652067
0.144879	0.698374
0.144879	0.697534
0.144879	0.729261
0.144879	0.670786
0.144879	0.639228
0.087441	0.639911
0.087441	0.717652
0.087441	0.661802
0.087441	0.626377
0.087441	0.625996
0.087441	0.655266
0.087441	0.616587
0.087441	0.622103
0.087441	0.619592
0.136748	0.653657
0.136748	0.666491
0.136748	0.645631
0.136748	0.646217
0.205378	0.697073
0.205378	0.672048
0.205378	0.672916
0.205378	0.676579
0.205378	0.651482
0.205378	0.633336
0.205378	0.632482
0.205378	0.640010
0.205378	0.663346
0.198942	0.669842
0.198942	0.707975
0.198942	0.662162
0.198942	0.634266
0.198942	0.635355
0.198942	0.635456
0.198942	0.640501
0.149848	0.644640
0.149848	0.683790
0.149848	0.644771
0.149848	0.669584
0.149848	0.628017
0.130438	0.628863
0.130438	0.622869
0.130438	0.634277
0.130438	0.638248
0.130438	0.630822
0.130438	0.658043
0.130438	0.660982
0.130438	0.655924
0.193237	0.646620
0.193237	0.667868
0.193237	0.670761
0.193237	0.675296
0.193237	0.660893
0.193237	0.673847
0.193237	0.688377
0.068002	0.704171
0.068002	0.643228
0.068002	0.647501
0.068002	0.646713
0.068002	0.650420
0.068002	0.656618
0.068002	0.662455
0.068002	0.671355
0.217003	0.665185
0.217003	0.676732
0.217003	0.697306
0.217003	0.695743
0.217003	0.616936
0.217003	0.617277
0.217003	0.617506
0.217003	0.615875
0.100065	0.611388
0.100065	0.616122
0.100065	0.623833
0.100065	0.598718
0.293115	0.600549
0.293115	0.600914
0.293115	0.608941
0.293115	0.606611
0.293115	0.608384
0.293115	0.619229
0.293115	0.623548
0.368383	0.643666
0.368383	0.648152
0.368383	0.650932
0.368383	0.648418
0.368383	0.669200
0.368383	0.629832
0.368383	0.630713
0.368383	0.639632
0.368383	0.642581
0.368383	0.658493
0.368383	0.637553
0.368383	0.645704
0.368383	0.656591
0.368383	0.669830
0.196103	0.661331
0.196103	0.646863
0.196103	0.644987
0.196103	0.654140
0.196103	0.638327
0.231402	0.653279
0.231402	0.647634
0.231402	0.640006
0.231402	0.692441
0.231402	0.659803
0.231402	0.659714
0.231402	0.671480
0.231402	0.674227
0.231402	0.662568
0.231402	0.660988
0.231402	0.658454
0.231402	0.696320
0.231402	0.678693
0.231402	0.701750
0.342282	0.689072
0.342282	0.699428
0.342282	0.649522
0.342282	0.688120
0.342282	0.569363
0.342282	0.573958
0.225253	0.563397
0.225253	0.568956
0.225253	0.573359
0.225253	0.673455
0.225253	0.629223
0.225253	0.694361
0.225253	0.569640
0.225253	0.568383
0.103676	0.566233
0.103676	0.566921
0.103676	0.570710
0.103676	0.570646
0.103676	0.577307
0.103676	0.575719
0.103676	0.621754
0.103676	0.619589
0.203954	0.620392
0.203954	0.620105
0.203954	0.630896
0.203954	0.579676
0.203954	0.588626
0.203954	0.586566
0.203954	0.593701
0.203954	0.636449
0.133470	0.623066
0.133470	0.621207
0.133470	0.616168
0.133470	0.628305
0.133470	0.614919
0.133470	0.618422
0.133470	0.610473
0.095027	0.616161
0.095027	0.626881
0.095027	0.649120
0.095027	0.632064
0.095027	0.637336
0.095027	0.666287
0.103077	0.682040
0.103077	0.662666
0.103077	0.594106
0.103077	0.595919
0.103077	0.595533
0.103077	0.596077
0.103077	0.594011
0.103077	0.594610
0.103077	0.591683
0.099191	0.592804
0.099191	0.612051
0.099191	0.614878
0.099191	0.622373
0.099191	0.643600
0.099191	0.633211
0.099191	0.574533
0.041591	0.628014
0.041591	0.593416
0.041591	0.635884
0.041591	0.625096
0.041591	0.583392
0.041591	0.607839
0.041591	0.625269
0.041591	0.572158
0.131469	0.600192
0.131469	0.602834
0.131469	0.599641
0.131469	0.607028
0.131469	0.605940
0.131469	0.613356
0.131469	0.632933
0.131469	0.630015
0.131469	0.619538
0.131469	0.596496
0.131469	0.597189
0.131469	0.597928
0.071657	0.619786
0.071657	0.593689
0.071657	0.595839
0.071657	0.593816
0.114882	0.594678
0.114882	0.612672
0.114882	0.621638
0.114882	0.615342
0.114882	0.613162
0.114882	0.660362
0.114882	0.658098
0.180826	0.659912
0.180826	0.633164
0.180826	0.664319
0.180826	0.588904
0.180826	0.576019
0.180826	0.578147
0.180826	0.622133
0.244180	0.641247
0.244180	0.639217
0.244180	0.672279
0.244180	0.622036
0.244180	0.624038
0.244180	0.623619
0.244180	0.620986
0.183241	0.616935
0.183241	0.621951
0.183241	0.632504
0.183241	0.625176
0.183241	0.613047
0.183241	0.637725
0.183241	0.611687
0.183241	0.640607
0.128406	0.652963
0.128406	0.655634
0.128406	0.652113
0.128406	0.657634
0.128406	0.663017
0.128406	0.662802
0.128406	0.677793
0.107638	0.642882
0.107638	0.637208
0.107638	0.638405
0.107638	0.672086
0.107638	0.672417
0.107638	0.675861
0.107638	0.668722
0.152274	0.668581
0.152274	0.685881
0.152274	0.682128
0.152274	0.687580
0.152274	0.681052
0.152274	0.697599
0.152274	0.663735
0.152274	0.666989
0.152274	0.668245
0.152274	0.666014
0.152274	0.674217
0.112853	0.689873
0.112853	0.701908
0.112853	0.671751
0.112853	0.673256
0.112853	0.684202
0.112853	0.680583
0.112853	0.656889
0.112853	0.677537
0.112853	0.664649
0.124170	0.686937
0.124170	0.671655
0.124170	0.654749
0.124170	0.670963
0.196982	0.649646
0.196982	0.651789
0.196982	0.659184
0.196982	0.662485
0.196982	0.689594
0.196982	0.684911
0.196982	0.666154
0.196982	0.661841
0.196982	0.666805
0.152829	0.681645
0.152829	0.688503
0.152829	0.696370
0.152829	0.689510
0.152829	0.692112
0.152829	0.696199
0.152829	0.693255
0.170033	0.697600
0.170033	0.685368
