Ground Truth	Predictions
0.196381	0.822016
0.196381	0.640393
0.196381	0.597455
0.196381	0.594949
0.196381	0.670132
0.196381	0.620079
0.080990	0.730156
0.080990	0.598737
0.080990	0.715139
0.080990	0.617920
0.080990	0.590263
0.080990	0.676771
0.080990	0.592136
0.080990	0.600973
0.107380	0.676236
0.107380	0.662364
0.107380	0.660530
0.107380	0.642372
0.107380	0.721064
0.107380	0.683215
0.168921	0.714170
0.168921	0.720103
0.168921	0.718477
0.168921	0.656273
0.168921	0.660095
0.076829	0.599852
0.076829	0.600967
0.076829	0.687607
0.076829	0.675930
0.076829	0.682976
0.108275	0.620305
0.108275	0.638438
0.108275	0.576806
0.108275	0.565343
0.108275	0.563269
0.218759	0.565215
0.218759	0.569273
0.218759	0.648294
0.218759	0.557873
0.218759	0.557086
0.218759	0.563613
0.218759	0.556602
0.218759	0.560448
0.218759	0.561304
0.068841	0.591072
0.068841	0.620027
0.068841	0.605901
0.068841	0.614942
0.068841	0.631273
0.083137	0.656585
0.083137	0.674398
0.083137	0.659200
0.083137	0.650555
0.083137	0.692579
0.083137	0.576194
0.222827	0.593252
0.222827	0.552337
0.222827	0.563010
0.222827	0.557446
0.222827	0.578071
0.222827	0.622552
0.222827	0.561223
0.096871	0.640922
0.096871	0.562874
0.096871	0.575368
0.096871	0.631705
0.096871	0.587166
0.096871	0.581679
0.096871	0.579796
0.096871	0.579671
0.096871	0.583197
0.244853	0.585793
0.244853	0.573613
0.244853	0.573994
0.244853	0.583743
0.244853	0.585505
0.244853	0.677625
0.244853	0.597057
0.244853	0.545546
0.244853	0.549230
0.186340	0.545499
0.186340	0.546656
0.186340	0.572801
0.186340	0.605037
0.186340	0.614211
0.186340	0.556524
0.186340	0.558138
0.186340	0.554517
0.186340	0.555227
0.186340	0.556407
0.186340	0.558708
0.124743	0.565680
0.124743	0.598889
0.124743	0.590740
0.124743	0.589970
0.124743	0.590513
0.124743	0.591064
0.124743	0.594487
0.124743	0.617100
0.027289	0.623928
0.027289	0.635267
0.027289	0.639227
0.027289	0.653766
0.027289	0.689261
0.061056	0.690255
0.061056	0.697868
0.061056	0.697982
0.061056	0.703125
0.061056	0.709655
0.061056	0.582490
0.061056	0.588513
0.061056	0.582356
0.061056	0.588928
0.139878	0.625963
0.139878	0.635724
0.139878	0.641135
0.139878	0.658940
0.139878	0.617937
0.139878	0.583221
0.139878	0.584107
0.261059	0.578952
0.261059	0.579653
0.261059	0.583210
0.261059	0.575436
0.261059	0.575533
0.261059	0.583138
0.261059	0.580961
0.261059	0.589175
0.124755	0.602104
0.124755	0.599598
0.124755	0.608174
0.124755	0.650737
0.124755	0.658983
0.124755	0.646647
0.124755	0.657682
0.124755	0.631055
0.124755	0.560447
0.190879	0.552330
0.190879	0.548992
0.190879	0.563921
0.190879	0.547867
0.190879	0.556579
0.225470	0.603935
0.225470	0.569641
0.225470	0.563793
0.225470	0.567522
0.225470	0.578227
0.225470	0.549981
0.090556	0.550394
0.090556	0.552290
0.090556	0.574051
0.090556	0.577651
0.090556	0.588967
0.090556	0.593966
0.090556	0.655761
0.090556	0.614756
0.105958	0.596050
0.105958	0.634885
0.105958	0.604172
0.105958	0.616545
0.105958	0.646412
0.105958	0.694661
0.105958	0.669624
0.105958	0.680531
0.105958	0.605587
0.105958	0.584484
0.105958	0.606704
0.051860	0.578162
0.051860	0.587186
0.051860	0.607380
0.051860	0.574513
0.051860	0.579111
0.051860	0.584208
0.051860	0.596573
0.061834	0.574611
0.061834	0.566654
0.061834	0.629761
0.061834	0.575041
0.061834	0.612368
0.061834	0.670052
0.061834	0.635708
0.061834	0.697903
0.061834	0.678586
0.061834	0.681880
0.061834	0.683722
0.123667	0.669089
0.123667	0.587878
0.123667	0.625255
0.123667	0.636923
0.123667	0.735514
0.123667	0.715706
0.123667	0.677497
0.123667	0.670228
0.066229	0.684063
0.066229	0.613211
0.066229	0.823367
0.066229	0.681695
0.066229	0.645195
0.114055	0.727072
0.114055	0.681964
0.114055	0.641498
0.114055	0.786835
0.114055	0.665600
0.114055	0.684434
0.114055	0.644425
0.114055	0.639966
0.114055	0.681622
0.079393	0.635950
0.079393	0.624442
0.079393	0.650133
0.079393	0.621226
0.079393	0.595361
0.079393	0.568459
0.079393	0.565088
0.079393	0.657158
0.079393	0.571262
0.079393	0.682270
0.121611	0.629444
0.121611	0.602015
0.121611	0.571050
0.121611	0.584070
0.121611	0.588340
0.121611	0.580092
0.121611	0.591358
0.113383	0.576765
0.113383	0.569144
0.113383	0.576240
0.113383	0.574854
0.113383	0.577656
0.113383	0.575017
0.113383	0.623293
0.063787	0.631245
0.063787	0.582972
0.063787	0.606762
0.063787	0.583775
0.063787	0.605331
0.063787	0.677257
0.216361	0.550438
0.216361	0.550311
0.216361	0.547230
0.216361	0.549164
0.216361	0.549422
0.216361	0.547392
0.216361	0.569859
0.216361	0.611853
0.216361	0.601127
0.072401	0.611193
0.072401	0.623231
0.072401	0.629901
0.072401	0.613892
0.337287	0.609903
0.337287	0.677114
0.337287	0.595085
0.337287	0.616958
0.337287	0.607965
0.337287	0.612646
0.337287	0.640632
0.337287	0.656470
0.337287	0.630843
0.035536	0.679195
0.035536	0.633501
0.035536	0.561176
0.035536	0.573438
0.035536	0.563013
0.035536	0.560325
0.035536	0.599339
0.236450	0.605829
0.236450	0.621248
0.236450	0.603449
0.236450	0.595814
0.095851	0.562149
0.095851	0.549547
0.095851	0.551548
0.095851	0.561570
0.095851	0.547731
0.095851	0.545992
0.139037	0.549071
0.139037	0.592909
0.139037	0.589587
0.139037	0.607169
0.139037	0.595194
0.139037	0.602760
0.139037	0.592802
0.139037	0.592566
0.194936	0.641519
0.194936	0.603450
0.194936	0.556198
0.194936	0.572429
0.194936	0.564706
0.194936	0.561720
0.194936	0.616838
0.119399	0.617378
0.119399	0.608093
0.119399	0.616053
0.119399	0.578778
0.119399	0.536378
0.119399	0.561389
0.119399	0.539712
0.119399	0.538705
0.052906	0.553811
0.052906	0.590620
0.052906	0.547411
0.052906	0.604767
0.052906	0.553694
0.052906	0.555802
0.126914	0.554909
0.126914	0.553176
0.126914	0.555396
0.126914	0.553247
0.126914	0.557472
0.128507	0.560577
0.128507	0.552770
0.128507	0.554469
0.128507	0.558858
0.128507	0.558451
0.128507	0.559268
0.128507	0.555731
0.128507	0.572492
0.070143	0.559595
0.070143	0.534576
0.070143	0.535568
0.070143	0.535150
0.070143	0.536733
0.070143	0.570097
0.070143	0.552396
0.302337	0.534444
0.302337	0.536124
0.302337	0.533814
0.302337	0.535876
0.302337	0.541327
0.302337	0.534002
0.302337	0.549425
0.150802	0.552485
0.150802	0.553160
0.150802	0.555330
0.150802	0.550691
0.150802	0.550848
0.150802	0.554469
0.150802	0.554038
0.150802	0.542380
0.146711	0.557994
0.146711	0.563609
0.146711	0.594447
0.146711	0.591654
0.146711	0.561114
0.146711	0.578495
0.138280	0.562669
0.138280	0.568804
0.138280	0.561660
0.138280	0.593990
0.138280	0.570390
0.138280	0.625602
0.138280	0.592049
0.138280	0.590495
0.064064	0.585139
0.064064	0.575342
0.064064	0.574513
0.064064	0.550812
0.064064	0.585705
0.064064	0.555131
0.064064	0.598205
0.064064	0.570727
0.083418	0.573698
0.083418	0.563874
0.083418	0.575042
0.083418	0.569252
0.083418	0.560209
0.118003	0.549906
0.118003	0.550993
0.118003	0.561263
0.118003	0.541621
0.118003	0.550206
0.118003	0.542268
0.118003	0.575533
0.118003	0.541035
0.077668	0.583856
0.077668	0.546875
0.077668	0.554877
0.077668	0.538541
0.077668	0.539956
0.077668	0.537760
0.077668	0.601416
0.077668	0.579571
0.075267	0.579879
0.075267	0.559493
0.075267	0.545341
0.075267	0.566046
0.075267	0.539555
0.075267	0.587440
0.062885	0.594571
0.062885	0.561083
0.062885	0.595971
0.062885	0.585069
0.062885	0.580611
0.062885	0.640197
0.062885	0.574733
0.062885	0.572493
0.052495	0.570068
0.052495	0.594791
0.052495	0.593903
0.052495	0.636146
0.052495	0.553735
0.052495	0.568161
0.052495	0.545877
0.032837	0.546211
0.032837	0.606767
0.032837	0.608997
0.032837	0.581827
0.032837	0.552459
0.032837	0.560646
0.032837	0.585436
0.032837	0.567702
0.157624	0.570877
0.157624	0.578277
0.157624	0.598168
0.157624	0.586724
0.157624	0.666631
0.157624	0.650621
0.157624	0.587987
0.157624	0.590648
0.157624	0.587050
0.179755	0.585739
0.179755	0.586719
0.179755	0.648678
0.179755	0.599779
0.179755	0.613470
0.179755	0.607148
0.179536	0.636831
0.179536	0.606115
0.179536	0.609892
0.179536	0.648446
0.179536	0.648570
0.179536	0.660148
0.179536	0.664936
0.179536	0.672353
0.417846	0.692973
0.417846	0.670834
0.417846	0.697342
0.417846	0.638957
0.417846	0.632269
0.417846	0.665266
0.417846	0.646912
0.417846	0.657729
0.183317	0.661445
0.183317	0.690339
0.183317	0.676401
0.183317	0.698189
0.183317	0.700057
0.144267	0.579128
0.144267	0.591194
0.144267	0.580453
0.144267	0.591608
0.144267	0.594121
0.144267	0.578409
0.144267	0.612915
0.360525	0.604986
0.360525	0.626292
0.360525	0.680315
0.360525	0.602874
0.360525	0.706469
0.360525	0.598906
0.360525	0.639739
0.360525	0.687210
0.458352	0.662009
0.458352	0.730180
0.458352	0.734011
0.458352	0.625563
0.458352	0.685854
0.458352	0.677582
0.458352	0.714522
0.458352	0.730543
0.458352	0.641710
0.093155	0.692070
0.093155	0.667527
0.093155	0.703010
0.093155	0.669914
0.093155	0.689590
0.093155	0.664364
0.186603	0.665362
0.186603	0.692426
0.186603	0.705177
0.186603	0.697370
0.186603	0.704939
0.186603	0.682524
0.186603	0.687146
0.098894	0.666218
0.098894	0.655144
0.098894	0.682753
0.098894	0.684415
0.098894	0.705760
0.098894	0.701077
0.098894	0.712821
0.217557	0.649074
0.217557	0.629460
0.217557	0.612384
0.217557	0.614074
0.217557	0.620610
0.217557	0.596279
0.217557	0.599804
0.156265	0.623028
0.156265	0.634226
0.156265	0.630745
0.156265	0.681774
0.156265	0.674763
0.156265	0.669295
0.156265	0.756336
0.156265	0.747085
0.185772	0.647103
0.185772	0.619539
0.185772	0.639107
0.185772	0.666825
0.185772	0.650888
0.185772	0.613359
0.185772	0.614099
0.185772	0.652827
0.185772	0.606701
0.236082	0.614797
0.236082	0.617546
0.236082	0.609831
0.236082	0.664480
0.236082	0.652698
0.236082	0.708432
0.236082	0.680499
0.236082	0.664753
0.117986	0.681651
0.117986	0.701175
0.117986	0.720013
0.117986	0.709039
0.117986	0.706368
0.117986	0.684774
0.117986	0.642656
0.117986	0.648052
0.233949	0.633283
0.233949	0.630458
0.233949	0.671782
0.233949	0.697886
0.303850	0.708703
0.303850	0.696662
0.303850	0.574725
0.303850	0.559004
0.335689	0.556900
0.335689	0.562962
0.335689	0.559246
0.335689	0.625004
0.335689	0.657628
0.335689	0.561845
0.335689	0.562700
0.335689	0.554624
0.111163	0.556017
0.111163	0.560099
0.111163	0.584141
0.111163	0.559077
0.148481	0.594025
0.148481	0.566419
0.148481	0.569912
0.148481	0.584048
0.148481	0.581177
0.148481	0.601149
0.148481	0.618650
0.212355	0.581391
0.212355	0.631908
0.212355	0.611579
0.212355	0.579473
0.105360	0.641364
0.105360	0.595691
0.105360	0.611244
0.105360	0.593397
0.217694	0.588377
0.217694	0.589428
0.217694	0.595661
0.217694	0.592127
0.217694	0.600116
0.217694	0.599339
0.217694	0.650158
0.217694	0.593026
0.314479	0.587899
0.314479	0.593138
0.314479	0.596346
0.314479	0.602838
0.314479	0.614700
0.314479	0.613538
0.298758	0.647506
0.298758	0.651205
0.298758	0.646639
0.298758	0.647350
0.298758	0.652113
0.298758	0.642617
0.298758	0.641534
0.298758	0.666173
0.176548	0.637699
0.176548	0.581334
0.176548	0.578799
0.176548	0.578121
0.176548	0.581676
0.343407	0.583990
0.343407	0.594299
0.343407	0.610199
0.343407	0.598875
0.343407	0.593880
0.343407	0.596376
0.343407	0.629018
0.343407	0.612142
0.343407	0.608696
0.123843	0.620360
0.123843	0.643616
0.123843	0.660451
0.123843	0.666489
0.123843	0.655501
0.123843	0.660553
0.123843	0.659772
0.140203	0.647270
0.140203	0.667065
0.140203	0.649544
0.140203	0.647241
0.140203	0.652558
0.140203	0.633013
0.140203	0.632051
0.140203	0.606085
0.294924	0.595714
0.294924	0.599712
0.294924	0.608587
0.294924	0.629779
0.294924	0.653201
0.294924	0.661090
0.294924	0.631831
0.294924	0.638029
0.222734	0.637780
0.222734	0.655977
0.222734	0.660256
0.222734	0.668469
0.222734	0.740267
0.222734	0.656393
0.222734	0.663091
0.222734	0.660770
0.222734	0.677079
0.341653	0.657563
0.341653	0.652513
0.341653	0.682235
0.341653	0.650228
0.341653	0.576415
0.341653	0.582732
0.341653	0.588720
0.317858	0.617078
0.317858	0.587337
0.317858	0.595337
0.317858	0.597491
0.317858	0.601939
0.317858	0.604719
0.317858	0.620567
0.317858	0.613815
0.317858	0.640343
0.351423	0.653493
0.351423	0.656064
0.351423	0.694910
0.351423	0.651764
0.351423	0.759556
0.351423	0.686535
0.351423	0.661648
0.351423	0.684207
0.205250	0.672186
0.205250	0.699385
0.205250	0.689218
0.205250	0.677864
0.231038	0.693154
0.231038	0.682879
0.231038	0.668466
0.231038	0.682378
0.231038	0.682017
0.231038	0.687764
0.231038	0.682690
0.231038	0.701358
0.231038	0.710870
0.053415	0.712703
0.053415	0.706256
0.053415	0.701887
0.053415	0.704702
0.053415	0.714494
0.053415	0.723090
0.053415	0.636878
0.173105	0.651689
0.173105	0.627480
0.173105	0.622654
0.173105	0.644232
0.173105	0.636389
0.173105	0.690185
0.173105	0.628895
0.173105	0.692547
0.173105	0.633862
0.173105	0.684934
0.173105	0.632271
0.215642	0.635916
0.215642	0.614799
0.215642	0.631514
0.215642	0.681033
0.215642	0.658643
0.215642	0.676997
0.215642	0.632313
0.215642	0.618261
0.057948	0.612110
0.057948	0.615427
0.057948	0.636543
0.057948	0.620642
0.057948	0.640225
0.057948	0.639585
0.057948	0.684884
0.057948	0.663880
0.270200	0.710823
0.270200	0.603612
0.270200	0.597060
0.270200	0.593682
0.270200	0.604208
0.270200	0.603281
0.270200	0.598369
0.270200	0.608403
0.270200	0.638393
0.270200	0.638513
0.270200	0.642121
0.253174	0.645649
0.253174	0.657261
0.253174	0.588362
0.253174	0.579661
0.253174	0.581802
0.253174	0.589096
0.253174	0.591908
0.166311	0.595252
0.166311	0.595759
0.166311	0.590295
0.166311	0.588947
0.166311	0.592534
0.079992	0.596019
0.079992	0.607596
0.079992	0.605644
0.079992	0.587440
0.079992	0.589995
0.079992	0.590632
0.079992	0.596003
0.079992	0.599696
0.254309	0.603199
0.254309	0.638733
0.254309	0.647515
0.254309	0.610611
0.254309	0.626973
0.254309	0.625085
0.254309	0.618313
0.254309	0.576413
0.254309	0.576401
0.226759	0.591260
0.226759	0.588182
0.226759	0.580127
0.226759	0.595806
0.226759	0.590989
0.226759	0.621353
0.226759	0.607649
0.080310	0.649855
0.080310	0.636880
0.080310	0.615590
0.080310	0.615671
0.080310	0.642508
0.080310	0.651270
0.080310	0.650216
0.080310	0.604121
0.080310	0.620282
0.070846	0.625335
0.070846	0.645073
0.070846	0.677195
0.070846	0.725046
0.070846	0.686026
0.070846	0.682655
0.070846	0.685069
0.070846	0.676452
0.070846	0.705119
0.070846	0.727756
0.070846	0.715312
0.070846	0.724294
0.260867	0.715258
0.260867	0.679763
0.260867	0.666952
0.260867	0.663801
0.260867	0.689812
0.260867	0.696251
0.260867	0.678315
0.260867	0.706607
0.187092	0.711325
0.187092	0.662183
0.187092	0.675056
0.187092	0.682628
0.187092	0.666531
0.187092	0.673132
0.187092	0.697627
0.187092	0.703858
0.187092	0.716963
0.187092	0.714519
0.187092	0.646900
0.165761	0.666764
0.165761	0.616061
0.165761	0.639848
0.165761	0.677193
0.165761	0.648032
0.165761	0.629442
0.165761	0.611533
0.165761	0.654545
0.165761	0.643743
0.165127	0.662448
0.165127	0.648606
0.165127	0.660394
0.165127	0.681220
0.165127	0.697033
0.165127	0.709530
0.165127	0.715531
0.165127	0.721606
0.165127	0.618173
0.165127	0.602515
0.363290	0.592027
0.363290	0.595438
0.363290	0.616746
0.363290	0.626513
0.363290	0.611262
0.363290	0.649542
0.395359	0.617433
0.395359	0.649283
0.395359	0.624637
0.395359	0.613462
0.395359	0.606324
0.395359	0.607975
0.178521	0.616897
0.178521	0.619554
0.178521	0.629127
0.178521	0.612094
0.178521	0.612872
0.178521	0.641380
0.178521	0.647863
0.178521	0.655131
0.178521	0.629728
0.374994	0.619088
0.374994	0.626486
0.374994	0.635039
0.374994	0.610943
0.374994	0.610549
0.374994	0.606222
0.374994	0.629522
0.374994	0.630118
0.374994	0.629105
0.374994	0.628060
0.302205	0.643813
0.302205	0.657855
0.302205	0.662180
0.302205	0.660374
0.302205	0.684127
0.302205	0.674701
0.302205	0.677650
0.302205	0.689946
0.166458	0.601115
0.166458	0.592045
0.166458	0.614892
0.166458	0.628956
0.166458	0.611519
0.166458	0.612658
0.166458	0.593437
0.166458	0.602296
0.166458	0.608129
0.166458	0.644726
0.166458	0.604397
0.242160	0.604294
0.242160	0.608849
0.242160	0.636286
0.242160	0.616401
0.242160	0.701839
0.242160	0.602165
0.242160	0.699637
0.242160	0.624645
0.242160	0.657217
0.242160	0.681937
0.242160	0.680799
0.097059	0.710613
0.097059	0.665442
0.097059	0.675162
0.097059	0.635490
0.097059	0.645686
0.097059	0.677022
0.097059	0.613848
0.097059	0.662781
0.170198	0.618837
0.170198	0.676208
0.170198	0.635917
0.170198	0.630997
0.170198	0.628101
0.170198	0.622878
0.170198	0.628526
0.170198	0.653384
0.198386	0.637907
0.198386	0.674753
0.198386	0.661930
0.198386	0.609205
0.198386	0.598426
0.198386	0.601572
0.156230	0.623754
0.156230	0.661169
0.156230	0.654117
0.156230	0.603973
0.156230	0.625690
0.156230	0.659139
0.156230	0.652404
0.156230	0.659302
0.156230	0.655799
0.156230	0.638554
0.156230	0.652030
0.205307	0.652617
0.205307	0.652948
0.205307	0.655592
0.205307	0.654805
0.205307	0.656053
0.205307	0.669448
0.205307	0.618539
0.205307	0.611033
0.158388	0.632618
0.158388	0.645370
0.158388	0.648108
0.158388	0.692680
0.158388	0.665398
0.158388	0.631468
0.158388	0.637368
0.148053	0.641137
0.148053	0.627730
0.148053	0.624095
0.148053	0.681899
0.148053	0.676278
0.148053	0.690500
0.058792	0.693297
0.058792	0.698444
0.058792	0.694321
0.058792	0.699739
0.058792	0.715537
0.071551	0.724260
0.071551	0.731912
0.071551	0.752161
0.071551	0.663171
0.071551	0.670078
0.071551	0.687226
0.115092	0.702432
0.115092	0.672524
0.115092	0.694332
0.115092	0.695122
0.115092	0.701618
0.115092	0.712066
0.115092	0.669738
0.076068	0.721793
0.076068	0.706888
0.076068	0.732253
0.076068	0.687449
0.076068	0.712635
0.076068	0.702657
0.076068	0.712462
0.076068	0.709022
0.076068	0.729800
0.121097	0.716479
0.121097	0.752194
0.121097	0.714190
0.121097	0.671523
0.121097	0.683692
0.121097	0.634732
0.103741	0.644815
0.103741	0.654863
0.103741	0.637495
0.103741	0.643093
0.103741	0.655518
0.103741	0.632146
0.103741	0.641621
0.103741	0.626404
0.103741	0.629574
0.103741	0.633491
0.103741	0.681938
0.108081	0.692599
0.108081	0.690077
0.108081	0.689133
0.108081	0.688417
0.108081	0.753699
0.108081	0.746275
0.108081	0.635933
0.108081	0.616717
0.103095	0.645217
0.103095	0.676519
0.103095	0.647725
0.103095	0.659299
0.103095	0.662112
0.103095	0.696994
0.103095	0.705572
0.103095	0.720662
0.103095	0.703664
0.101656	0.682144
0.101656	0.680483
0.101656	0.690700
0.101656	0.681408
0.101656	0.702623
0.086366	0.672001
0.086366	0.721722
0.086366	0.697040
0.086366	0.705631
0.086366	0.693707
0.086366	0.678201
0.086366	0.725156
0.086366	0.729191
0.086366	0.737094
0.086366	0.740838
0.086366	0.746469
0.071612	0.690720
0.071612	0.675056
0.071612	0.668850
0.071612	0.718266
0.071612	0.732033
0.071612	0.719502
0.071612	0.693515
0.071612	0.705951
0.071612	0.667389
0.071612	0.637594
0.071612	0.633903
0.071612	0.633584
0.122286	0.641453
0.122286	0.617801
0.122286	0.612645
0.122286	0.609288
0.122286	0.668600
0.122286	0.693924
0.122286	0.671330
0.097915	0.673738
0.097915	0.696240
0.097915	0.713798
0.097915	0.712839
0.097915	0.709733
0.097915	0.702291
0.097915	0.708873
0.097915	0.619403
0.097915	0.604317
0.097915	0.619272
0.097915	0.686873
0.097915	0.584603
0.097915	0.585218
0.097915	0.614989
0.139706	0.581804
0.139706	0.618046
0.139706	0.593836
0.139706	0.608720
0.139706	0.613375
0.139706	0.614095
0.139706	0.668134
0.139706	0.650601
0.078221	0.650297
0.078221	0.691873
0.078221	0.693470
0.078221	0.672781
0.078221	0.678753
0.078221	0.665738
0.078221	0.700572
0.078221	0.639751
0.078221	0.641285
0.078221	0.613781
0.078221	0.609881
0.078221	0.635883
0.067669	0.613664
0.067669	0.634427
0.067669	0.627426
0.067669	0.640290
0.067669	0.623048
0.067669	0.605367
0.067669	0.619110
0.067669	0.620262
0.067669	0.635143
0.134418	0.630005
0.134418	0.637482
0.134418	0.587478
0.134418	0.613560
0.134418	0.598632
0.134418	0.607701
0.134418	0.595878
0.098034	0.594152
0.098034	0.617422
0.098034	0.614455
0.098034	0.615558
0.098034	0.620403
0.098034	0.582483
0.098034	0.582000
0.098034	0.582576
0.098034	0.580672
0.098034	0.582190
0.098034	0.581277
0.089904	0.587216
0.089904	0.580674
0.089904	0.551225
0.089904	0.551959
0.089904	0.551984
0.089904	0.563026
0.089904	0.560289
0.089904	0.561067
0.104467	0.567499
0.104467	0.576859
0.104467	0.585875
0.104467	0.584178
0.104467	0.585883
0.104467	0.593458
0.199150	0.600207
0.199150	0.596752
0.199150	0.585199
0.199150	0.574448
0.199150	0.557938
0.199150	0.557637
0.199150	0.557075
0.199150	0.557502
0.199150	0.558410
0.098613	0.556774
0.098613	0.586827
0.098613	0.587568
0.098613	0.588701
0.098613	0.584684
0.098613	0.604558
0.098613	0.586025
0.086871	0.598927
0.086871	0.619927
0.086871	0.592012
0.086871	0.592341
0.086871	0.593498
0.086871	0.590393
0.086871	0.594017
0.086871	0.589367
0.086871	0.589662
0.145138	0.587769
0.145138	0.580656
0.145138	0.580957
0.145138	0.578205
0.145138	0.579300
0.145138	0.579436
0.145138	0.580741
0.145138	0.587704
0.326987	0.593589
0.326987	0.592648
0.326987	0.595739
0.326987	0.598185
0.326987	0.593325
0.326987	0.596022
0.326987	0.619154
0.326987	0.629243
0.326987	0.639936
0.379073	0.639149
0.379073	0.652912
0.379073	0.663048
0.379073	0.654120
0.379073	0.632437
0.379073	0.668112
0.379073	0.633008
0.379073	0.607568
0.129443	0.604936
0.129443	0.610332
0.129443	0.622126
0.129443	0.658291
0.129443	0.623644
0.129443	0.729918
0.129443	0.629427
0.129443	0.634488
0.129443	0.685349
0.256230	0.641471
0.256230	0.700492
0.256230	0.624690
0.256230	0.637229
0.256230	0.628625
0.256230	0.677371
0.256230	0.676397
0.152414	0.686641
0.152414	0.611172
0.152414	0.634159
0.152414	0.622545
0.152414	0.637807
0.152414	0.687119
0.152414	0.649854
0.214927	0.683580
0.214927	0.683871
0.214927	0.692196
0.214927	0.705039
0.214927	0.710356
0.214927	0.703503
0.214927	0.692881
0.214927	0.694280
0.214927	0.686571
0.075215	0.695010
0.075215	0.694686
0.075215	0.609066
0.075215	0.635797
0.075215	0.612419
0.075215	0.605876
0.075215	0.625421
0.075215	0.646677
0.245828	0.678082
0.245828	0.594296
0.245828	0.602487
0.245828	0.594714
0.245828	0.596450
0.245828	0.662207
0.245828	0.611115
0.245828	0.650800
0.100630	0.650314
0.100630	0.642895
0.100630	0.623011
0.100630	0.636941
0.100630	0.681080
0.100630	0.687184
0.100630	0.689481
0.100630	0.634774
0.100630	0.654813
0.314283	0.588176
0.314283	0.578153
0.314283	0.576813
0.314283	0.577433
0.314283	0.579978
0.314283	0.627002
0.314283	0.595841
0.314283	0.565456
0.042316	0.566431
0.042316	0.572560
0.042316	0.572451
0.042316	0.573126
0.042316	0.666990
0.042316	0.613768
0.042316	0.627489
0.085551	0.652959
0.085551	0.634118
0.085551	0.653787
0.085551	0.683639
0.085551	0.695144
0.085551	0.679966
0.085551	0.660940
0.085551	0.700613
0.080559	0.644665
0.080559	0.697540
0.080559	0.565281
0.080559	0.566169
0.080559	0.565666
0.080559	0.565568
0.080559	0.567328
0.080559	0.612176
0.080559	0.621554
0.114848	0.575124
0.114848	0.559807
0.114848	0.562119
0.114848	0.560392
0.114848	0.564914
0.114848	0.562885
0.114848	0.568022
0.192171	0.568087
0.192171	0.583699
0.192171	0.587289
0.192171	0.589986
0.192171	0.587532
0.385503	0.611289
0.385503	0.584879
0.385503	0.675870
0.385503	0.615970
0.385503	0.556308
0.186525	0.558662
0.186525	0.556201
0.186525	0.557613
0.186525	0.572201
0.186525	0.582570
0.186525	0.600207
0.186525	0.599729
0.186525	0.597813
0.186525	0.599814
0.186525	0.598321
0.186525	0.597997
0.186525	0.603406
0.186525	0.599648
0.186525	0.561686
0.257811	0.561881
0.257811	0.564165
0.257811	0.562226
0.257811	0.573275
0.257811	0.567458
0.156369	0.568746
0.156369	0.600435
0.156369	0.590116
0.156369	0.602215
0.156369	0.593798
0.156369	0.595890
0.156369	0.606868
0.156369	0.624090
0.156369	0.623943
0.173448	0.615092
0.173448	0.585935
0.173448	0.569914
0.173448	0.581903
0.173448	0.577800
0.173448	0.572941
0.173448	0.576289
0.173448	0.571158
0.428650	0.578519
0.428650	0.568929
0.428650	0.569233
0.428650	0.576211
0.428650	0.578910
0.428650	0.580383
0.428650	0.576410
0.107265	0.577108
0.107265	0.574637
0.107265	0.572800
0.107265	0.572128
0.107265	0.552097
0.156362	0.552131
0.156362	0.551935
0.156362	0.556861
0.156362	0.557292
0.156362	0.555026
0.156362	0.561615
0.156362	0.571969
0.156362	0.585083
0.156362	0.613720
0.156362	0.608578
0.156362	0.585081
0.156362	0.591252
0.412122	0.587063
0.412122	0.609123
0.412122	0.611293
0.412122	0.655490
0.412122	0.577733
0.412122	0.587815
0.412122	0.580097
0.412122	0.611680
0.412122	0.578301
0.138665	0.581174
0.138665	0.587759
0.138665	0.578161
0.138665	0.552171
0.138665	0.550942
0.138665	0.549871
0.138665	0.551407
0.138665	0.563658
0.138665	0.565519
0.138665	0.571507
0.138665	0.537631
0.138665	0.536851
0.138665	0.537903
0.138665	0.551609
0.208595	0.535799
0.208595	0.536284
0.208595	0.537769
0.208595	0.594511
0.208595	0.611201
0.338860	0.596173
0.338860	0.644560
0.338860	0.599412
0.338860	0.602005
0.338860	0.644269
0.338860	0.626590
0.338860	0.593718
0.234371	0.607555
0.234371	0.596477
0.234371	0.614437
0.234371	0.593287
0.234371	0.593895
0.234371	0.613209
0.234371	0.596818
0.217500	0.598086
0.217500	0.653916
0.217500	0.611363
0.217500	0.598510
0.193410	0.597464
0.193410	0.608934
0.193410	0.659511
0.193410	0.674500
0.193410	0.651493
0.193410	0.643610
0.193410	0.679307
0.193410	0.695006
0.193410	0.693322
0.193410	0.666316
0.078323	0.671015
0.078323	0.703620
0.078323	0.674286
0.078323	0.636247
0.294035	0.600232
0.294035	0.605998
0.294035	0.668538
0.294035	0.669591
0.294035	0.625105
0.294035	0.610506
0.294035	0.610272
0.294035	0.606000
0.128541	0.611860
0.128541	0.610413
0.128541	0.693975
0.128541	0.601324
0.128541	0.647612
0.128541	0.679238
0.128541	0.640115
0.128541	0.670636
0.116286	0.629653
0.116286	0.635732
0.116286	0.618982
0.116286	0.618340
0.116286	0.634271
0.116286	0.634408
0.116286	0.631053
0.116286	0.677548
0.116286	0.664276
0.116286	0.664872
0.116286	0.670127
0.116286	0.698769
0.136281	0.667760
0.136281	0.675000
0.136281	0.669364
0.136281	0.680686
0.136281	0.694699
0.136281	0.604818
0.136281	0.614205
0.254686	0.608196
0.254686	0.619157
0.254686	0.619143
0.254686	0.668951
0.254686	0.642529
0.105929	0.658400
0.105929	0.664491
0.105929	0.659802
0.105929	0.676783
0.105929	0.661042
0.105929	0.657215
0.105929	0.667337
0.105929	0.663860
0.256192	0.620639
0.256192	0.626836
0.256192	0.631069
0.256192	0.642448
0.256192	0.625757
0.256192	0.635722
0.256192	0.644647
0.256192	0.648441
0.256192	0.632395
0.256192	0.651454
0.256192	0.658331
0.256192	0.666994
0.196264	0.673310
0.196264	0.668227
0.196264	0.612401
0.196264	0.632923
0.230982	0.633991
0.230982	0.642086
0.230982	0.639106
0.230982	0.620070
0.230982	0.657315
0.230982	0.732441
0.122517	0.600312
0.122517	0.605674
0.122517	0.606809
0.122517	0.634011
0.115517	0.593648
0.115517	0.598921
0.115517	0.592175
0.115517	0.635859
0.115517	0.645037
0.115517	0.652201
0.115517	0.672884
0.115517	0.662762
0.115517	0.599204
0.077783	0.619253
0.077783	0.630988
0.077783	0.708705
0.077783	0.660696
0.077783	0.639208
0.077783	0.647806
0.077783	0.614188
0.077783	0.639563
0.340231	0.648852
0.340231	0.653907
0.340231	0.634308
0.340231	0.666347
0.340231	0.616905
0.340231	0.651858
0.340231	0.632624
0.340231	0.631996
0.340231	0.632742
0.105109	0.635062
0.105109	0.632686
0.105109	0.621532
0.105109	0.616918
0.105109	0.615759
0.105109	0.617482
0.105109	0.632279
0.105109	0.643165
0.105109	0.666845
0.095924	0.670940
0.095924	0.617082
0.095924	0.611432
0.095924	0.612063
0.095924	0.612005
0.095924	0.617992
0.095924	0.593439
0.095924	0.592425
0.166994	0.594518
0.166994	0.597333
0.166994	0.593337
0.166994	0.586338
0.166994	0.587743
0.166994	0.589811
0.166994	0.589890
0.166955	0.591521
0.166955	0.587641
0.166955	0.591273
0.166955	0.586375
0.166955	0.589363
0.166955	0.588990
0.166955	0.588229
0.166955	0.596823
0.166955	0.592004
0.118954	0.603316
0.118954	0.604061
0.118954	0.619539
0.118954	0.606562
0.118954	0.601583
0.118954	0.619425
0.118954	0.634212
0.118954	0.635920
0.118954	0.637142
0.063952	0.637347
0.063952	0.637976
0.063952	0.643787
0.063952	0.638167
0.184741	0.635027
0.184741	0.661120
0.184741	0.602077
0.184741	0.600955
0.184741	0.600297
0.184741	0.633092
0.184741	0.615875
0.184741	0.612818
0.184741	0.642295
0.184741	0.649942
0.184741	0.632159
0.184741	0.671742
0.112526	0.638208
0.112526	0.674182
0.112526	0.642735
0.112526	0.655430
0.112526	0.644094
0.112526	0.656451
0.112526	0.640358
0.112526	0.647270
0.112526	0.675042
0.112526	0.665107
0.112526	0.647327
0.147841	0.660171
0.147841	0.647781
0.147841	0.649560
0.147841	0.666472
0.147841	0.660416
0.147841	0.676966
0.147841	0.689770
0.147841	0.710455
0.147841	0.701761
0.147841	0.655278
0.147841	0.655636
0.147841	0.645587
0.130677	0.648894
0.130677	0.681508
0.130677	0.693435
0.130677	0.623783
0.130677	0.617413
0.130677	0.609555
0.130677	0.628810
0.130677	0.631696
0.130677	0.624954
0.130677	0.631723
0.130677	0.627738
0.080528	0.652561
0.080528	0.630688
0.080528	0.649372
0.080528	0.657255
0.080528	0.665363
0.080528	0.669511
0.080528	0.670898
0.116244	0.669280
0.116244	0.668721
0.116244	0.681567
0.116244	0.676359
0.116244	0.677979
0.116244	0.687260
0.260582	0.684739
0.260582	0.617958
0.260582	0.623012
0.260582	0.629982
0.260582	0.647267
0.260582	0.630228
0.260582	0.637102
0.260582	0.646681
0.277923	0.665891
0.277923	0.681171
0.277923	0.672895
0.277923	0.695177
0.379337	0.703365
0.379337	0.641982
0.379337	0.650128
0.379337	0.636541
0.379337	0.649997
0.379337	0.652853
0.379337	0.650420
0.379337	0.649627
0.195879	0.659067
0.195879	0.665820
0.195879	0.641572
0.195879	0.665876
0.195879	0.664677
0.195879	0.668348
0.195879	0.628421
0.195879	0.653793
0.412829	0.634324
0.412829	0.649243
0.412829	0.649540
0.412829	0.691586
0.412829	0.642955
0.412829	0.682702
0.412829	0.623057
0.412829	0.621661
0.367052	0.621493
0.367052	0.638820
0.367052	0.619376
0.367052	0.623460
0.231395	0.642931
0.231395	0.631354
0.231395	0.620553
0.231395	0.618402
0.231395	0.634174
0.301038	0.650342
0.301038	0.614327
0.301038	0.628171
0.301038	0.602436
0.301038	0.610447
0.301038	0.632823
0.301038	0.647230
0.234556	0.704152
0.234556	0.673087
0.234556	0.659310
0.234556	0.678609
0.234556	0.674023
0.234556	0.693857
0.234556	0.687318
0.234556	0.702083
0.234581	0.683289
0.234581	0.685861
0.234581	0.698050
0.234581	0.699870
0.234581	0.703441
0.234581	0.656805
0.234581	0.659474
0.234581	0.668362
0.187863	0.671012
0.187863	0.650539
0.187863	0.631069
0.187863	0.673352
0.187863	0.654263
0.187863	0.675382
0.187863	0.628906
0.187863	0.620755
0.187863	0.627110
0.102382	0.655341
0.102382	0.616034
0.102382	0.618640
0.102382	0.607396
0.102382	0.605240
0.102382	0.626282
0.102382	0.708078
0.102382	0.753840
0.102382	0.629322
0.102382	0.604849
0.102382	0.619569
0.080499	0.671332
0.080499	0.629489
0.080499	0.606783
0.080499	0.648171
0.080499	0.597182
0.080499	0.598483
0.080499	0.608352
0.089322	0.606470
0.089322	0.591757
0.089322	0.648558
0.089322	0.618017
0.089322	0.643052
0.089322	0.652633
0.089322	0.640248
0.089322	0.631893
0.073303	0.629338
0.073303	0.649502
0.073303	0.654254
0.073303	0.661653
0.073303	0.651742
0.050630	0.665616
0.050630	0.612188
0.050630	0.601095
0.050630	0.619289
0.050630	0.642481
0.050630	0.603567
0.050630	0.588306
0.050630	0.605465
0.050630	0.568547
0.050630	0.601551
0.050630	0.577871
0.050630	0.700083
0.130954	0.622383
0.130954	0.616711
0.130954	0.637601
0.130954	0.584599
0.130954	0.626227
0.130954	0.612991
0.130954	0.647914
0.130954	0.649277
0.130954	0.669453
0.049422	0.633077
0.049422	0.611961
0.049422	0.663510
0.049422	0.676691
0.049422	0.624786
0.049422	0.650765
0.049422	0.682268
0.049422	0.677231
0.049422	0.720247
0.055967	0.677933
0.055967	0.636771
0.055967	0.640248
0.055967	0.725061
0.055967	0.662619
0.055967	0.619820
0.055967	0.614274
0.055967	0.652599
0.055967	0.603165
0.117595	0.609207
0.117595	0.606321
0.117595	0.669671
0.117595	0.683223
0.117595	0.657983
0.117595	0.655203
0.117595	0.715235
0.117595	0.692436
0.117595	0.693211
0.090386	0.699444
0.090386	0.663750
0.090386	0.629879
0.090386	0.633530
0.090386	0.640059
0.090386	0.671885
0.090386	0.680077
0.090386	0.721432
0.113339	0.660967
0.113339	0.634041
0.113339	0.636752
0.113339	0.640116
0.113339	0.644696
0.113339	0.650426
0.113339	0.695791
0.113339	0.643730
0.155685	0.677696
0.155685	0.620673
0.155685	0.620177
0.155685	0.616288
0.155685	0.628178
0.155685	0.627693
0.155685	0.623354
0.155685	0.672613
0.155685	0.670526
0.155685	0.667914
0.155685	0.660065
0.080513	0.680095
0.080513	0.683565
0.080513	0.690081
0.080513	0.678016
0.080513	0.690704
0.080513	0.708142
0.080513	0.721959
0.080513	0.652387
0.135794	0.653250
0.135794	0.655222
0.135794	0.662251
0.135794	0.662776
0.135794	0.674249
0.135794	0.686135
0.135794	0.684357
0.135794	0.696526
0.135794	0.718078
0.180857	0.715301
0.180857	0.615504
0.180857	0.613975
0.180857	0.616036
0.180857	0.613625
0.180857	0.607415
0.180857	0.609867
0.222824	0.615962
0.222824	0.590862
0.222824	0.591406
0.222824	0.592538
0.222824	0.599359
0.222824	0.594421
0.207744	0.595156
0.207744	0.602350
0.207744	0.605762
0.207744	0.629542
0.207744	0.631573
0.207744	0.637024
0.207744	0.632296
0.207744	0.650041
0.207744	0.615812
0.207744	0.614412
0.207744	0.622128
0.302983	0.624668
0.302983	0.628596
0.302983	0.623915
0.302983	0.630893
0.302983	0.650881
0.302983	0.669791
0.302983	0.651020
0.302983	0.634180
0.302983	0.634404
0.302983	0.644286
0.302983	0.622403
0.237107	0.639775
0.237107	0.635078
0.237107	0.623857
0.237107	0.698171
0.237107	0.647342
0.237107	0.648425
0.237107	0.665045
0.380444	0.680083
0.380444	0.657953
0.380444	0.658635
0.380444	0.654077
0.380444	0.707538
0.380444	0.678015
0.380444	0.716565
0.380444	0.701043
0.380444	0.713312
0.533619	0.649924
0.533619	0.698610
0.533619	0.560785
0.533619	0.563392
0.533619	0.558479
0.533619	0.560496
0.481236	0.562038
0.481236	0.636493
0.481236	0.592080
0.481236	0.669268
0.481236	0.560878
0.481236	0.559705
0.481236	0.559061
0.481236	0.559640
0.351938	0.561078
0.351938	0.560614
0.351938	0.563782
0.351938	0.562210
0.351938	0.604752
0.351938	0.603851
0.351938	0.604618
0.351938	0.604617
0.351938	0.608662
0.466429	0.572636
0.466429	0.580112
0.466429	0.579856
0.466429	0.586465
0.466429	0.629581
0.466429	0.614038
0.466429	0.614826
0.466429	0.624921
0.466429	0.633258
0.538781	0.605381
0.538781	0.607082
0.538781	0.603253
0.538781	0.604803
0.388209	0.610015
0.388209	0.629308
0.388209	0.613404
0.388209	0.623615
0.109073	0.652577
0.109073	0.676934
0.109073	0.650202
0.109073	0.585284
0.109073	0.586538
0.109073	0.586610
0.109073	0.586079
0.109073	0.586365
0.109073	0.586116
0.109073	0.584666
0.250968	0.585511
0.250968	0.601725
0.250968	0.602222
0.250968	0.607801
0.250968	0.620734
0.250968	0.608328
0.250968	0.573316
0.250968	0.606702
0.141515	0.587482
0.141515	0.611357
0.141515	0.594681
0.141515	0.578231
0.141515	0.596201
0.134269	0.612670
0.134269	0.581725
0.134269	0.591443
0.134269	0.592880
0.134269	0.591481
0.134269	0.595890
0.134269	0.593909
0.134269	0.598231
0.134269	0.614505
0.134269	0.620090
0.134269	0.613283
0.182419	0.586509
0.182419	0.587145
0.182419	0.587903
0.182419	0.598729
0.182419	0.585955
0.182419	0.587146
0.182419	0.584823
0.182419	0.587106
0.182419	0.600636
0.159238	0.606543
0.159238	0.603915
0.159238	0.602180
0.159238	0.648553
0.159238	0.643984
0.159238	0.646829
0.159238	0.622976
0.227911	0.656812
0.227911	0.577119
0.227911	0.561135
0.227911	0.566557
0.227911	0.614428
0.227911	0.616684
0.227911	0.613291
0.130258	0.660973
0.130258	0.605770
0.130258	0.606754
0.130258	0.607574
0.130258	0.605349
0.130258	0.601374
0.130258	0.604432
0.130258	0.611693
0.130258	0.605362
0.130258	0.608621
0.130258	0.638161
0.130258	0.605472
0.430347	0.640468
0.430347	0.641476
0.430347	0.656908
0.430347	0.664160
0.430347	0.660581
0.430347	0.664838
0.430347	0.665869
0.347357	0.690309
0.347357	0.641654
0.347357	0.636258
0.347357	0.636904
0.347357	0.677036
0.347357	0.688999
0.347357	0.691973
0.347357	0.683832
0.347357	0.685202
0.635707	0.699174
0.635707	0.695805
0.635707	0.700778
0.635707	0.699635
0.446188	0.715916
0.446188	0.684468
0.446188	0.684353
0.446188	0.684766
0.446188	0.687492
0.446188	0.690519
0.446188	0.708097
0.446188	0.724418
0.446188	0.694949
0.327688	0.696077
0.327688	0.707865
0.327688	0.704157
0.327688	0.674016
0.327688	0.696795
0.327688	0.684810
0.327688	0.708591
0.327688	0.682338
0.210411	0.666830
0.210411	0.688461
0.210411	0.656929
0.210411	0.669002
0.318885	0.679014
0.318885	0.686024
0.318885	0.717045
0.318885	0.705839
0.318885	0.689580
0.318885	0.684162
0.318885	0.689301
0.318885	0.701547
0.318885	0.700945
0.314894	0.706581
0.314894	0.702194
0.314894	0.705210
0.314894	0.709696
0.314894	0.706526
0.314894	0.714672
0.314894	0.717848
