Ground Truth	Predictions
0.033049	0.784218
0.033049	0.628279
0.033049	0.594701
0.033049	0.565705
0.033049	0.657190
0.033049	0.605601
0.033049	0.684272
0.026680	0.593185
0.026680	0.656549
0.026680	0.607737
0.026680	0.586353
0.026680	0.651510
0.026680	0.580782
0.026680	0.589824
0.073145	0.670062
0.073145	0.643845
0.073145	0.649191
0.073145	0.633485
0.073145	0.703761
0.073145	0.658871
0.073145	0.685847
0.086553	0.684646
0.086553	0.659302
0.086553	0.668809
0.086553	0.667290
0.086553	0.618596
0.086553	0.616121
0.086553	0.678486
0.164419	0.663583
0.164419	0.673695
0.164419	0.602957
0.164419	0.620121
0.164419	0.576470
0.164419	0.566528
0.164419	0.564955
0.150535	0.565132
0.150535	0.567294
0.150535	0.616578
0.150535	0.546064
0.150535	0.547583
0.150535	0.557947
0.150535	0.547878
0.178500	0.549221
0.178500	0.551239
0.178500	0.580296
0.178500	0.609700
0.178500	0.601230
0.178500	0.602088
0.178500	0.622447
0.178500	0.650737
0.363740	0.632316
0.363740	0.629029
0.363740	0.625361
0.363740	0.666408
0.363740	0.548020
0.363740	0.564300
0.363740	0.541450
0.363740	0.540543
0.288740	0.540749
0.288740	0.549184
0.288740	0.575663
0.288740	0.542615
0.288740	0.582536
0.288740	0.541407
0.288740	0.544758
0.288740	0.574361
0.288740	0.575633
0.203288	0.569206
0.203288	0.569220
0.203288	0.567927
0.203288	0.568236
0.203288	0.537668
0.203288	0.536803
0.080665	0.535767
0.080665	0.535394
0.080665	0.542181
0.080665	0.601978
0.080665	0.546647
0.080665	0.540237
0.080665	0.543258
0.123361	0.541388
0.123361	0.540731
0.123361	0.554007
0.123361	0.572322
0.123361	0.576000
0.123361	0.556444
0.123361	0.558359
0.123361	0.553254
0.123361	0.552680
0.123361	0.554710
0.123361	0.558035
0.123361	0.562894
0.161180	0.591294
0.161180	0.574244
0.161180	0.572152
0.161180	0.574670
0.161180	0.573954
0.161180	0.573241
0.161180	0.622287
0.099868	0.623603
0.099868	0.646801
0.099868	0.648478
0.099868	0.655049
0.099868	0.701780
0.099868	0.668160
0.099868	0.707881
0.099868	0.699234
0.359755	0.702235
0.359755	0.701499
0.359755	0.589685
0.359755	0.592511
0.359755	0.590611
0.359755	0.595757
0.359755	0.620790
0.359755	0.631414
0.215742	0.633742
0.215742	0.662117
0.215742	0.597176
0.215742	0.573157
0.215742	0.571997
0.215742	0.567521
0.215742	0.567684
0.215742	0.568215
0.215742	0.565876
0.227797	0.563784
0.227797	0.573964
0.227797	0.570987
0.227797	0.598061
0.227797	0.608092
0.227797	0.611566
0.227797	0.616804
0.227797	0.655754
0.227797	0.654768
0.270097	0.637059
0.270097	0.646535
0.270097	0.616126
0.270097	0.530860
0.270097	0.531782
0.270097	0.530576
0.270097	0.532847
0.270097	0.529762
0.656160	0.536752
0.656160	0.553731
0.656160	0.534263
0.656160	0.537607
0.656160	0.538270
0.656160	0.537299
0.656160	0.531075
0.656160	0.531510
0.656160	0.532343
0.656160	0.567872
0.544487	0.570324
0.544487	0.584363
0.544487	0.586856
0.544487	0.640966
0.544487	0.599030
0.544487	0.613118
0.544487	0.653066
0.544487	0.624471
0.544487	0.634121
0.209850	0.647124
0.209850	0.709742
0.209850	0.669534
0.209850	0.689532
0.209850	0.594846
0.209850	0.581464
0.209850	0.597763
0.209850	0.574730
0.216425	0.583098
0.216425	0.592099
0.216425	0.577453
0.216425	0.580813
0.216425	0.589694
0.216425	0.598925
0.216425	0.574416
0.216425	0.563167
0.322133	0.626172
0.322133	0.571310
0.322133	0.639646
0.322133	0.689036
0.322133	0.660666
0.322133	0.703112
0.322133	0.688567
0.322133	0.693137
0.322133	0.686970
0.160537	0.667458
0.160537	0.583943
0.160537	0.637923
0.160537	0.643294
0.117597	0.750276
0.117597	0.700946
0.117597	0.673336
0.117597	0.666713
0.117597	0.684494
0.117597	0.592310
0.117597	0.805520
0.117597	0.623217
0.233986	0.595702
0.233986	0.649245
0.233986	0.607662
0.233986	0.589948
0.233986	0.701609
0.233986	0.686980
0.233986	0.695529
0.233986	0.665338
0.233986	0.654815
0.444673	0.675584
0.444673	0.652987
0.444673	0.640196
0.444673	0.655631
0.444673	0.624902
0.444673	0.598312
0.444673	0.575351
0.444673	0.567938
0.444673	0.643886
0.444673	0.573404
0.444673	0.661124
0.105587	0.623600
0.105587	0.560921
0.105587	0.540762
0.105587	0.550809
0.105587	0.547170
0.105587	0.553389
0.105587	0.572720
0.105587	0.549474
0.105587	0.568806
0.105587	0.575711
0.105587	0.576622
0.105587	0.575564
0.097351	0.567813
0.097351	0.615278
0.097351	0.618593
0.097351	0.579565
0.097351	0.595829
0.097351	0.580560
0.097351	0.600167
0.097351	0.633630
0.097351	0.548152
0.032802	0.545593
0.032802	0.543655
0.032802	0.543954
0.032802	0.541952
0.050619	0.540217
0.050619	0.560195
0.050619	0.613084
0.050619	0.594042
0.050619	0.613638
0.050619	0.631057
0.050619	0.637600
0.050619	0.623613
0.050619	0.618715
0.050619	0.685734
0.050619	0.608128
0.050619	0.631794
0.051976	0.624579
0.051976	0.626135
0.051976	0.648397
0.051976	0.678471
0.051976	0.642015
0.051976	0.693750
0.122224	0.618866
0.122224	0.575988
0.122224	0.589571
0.122224	0.578117
0.122224	0.570846
0.122224	0.605879
0.122224	0.607679
0.186743	0.622354
0.186743	0.600396
0.186743	0.597166
0.186743	0.534142
0.186743	0.532735
0.186743	0.533287
0.186743	0.531498
0.186743	0.531602
0.081960	0.530215
0.081960	0.531820
0.081960	0.599701
0.081960	0.590073
0.081960	0.620681
0.081960	0.597070
0.081960	0.607354
0.081960	0.592090
0.150019	0.597090
0.150019	0.671395
0.150019	0.616373
0.150019	0.568809
0.150019	0.589359
0.202151	0.579866
0.202151	0.571871
0.202151	0.625833
0.202151	0.630232
0.202151	0.608066
0.140684	0.621095
0.140684	0.578710
0.140684	0.535752
0.140684	0.563627
0.140684	0.540195
0.140684	0.538161
0.140684	0.552532
0.140684	0.583684
0.140684	0.542726
0.112477	0.595956
0.112477	0.552450
0.112477	0.554892
0.112477	0.554605
0.112477	0.550770
0.112477	0.552049
0.112477	0.549719
0.112477	0.551433
0.084412	0.557599
0.084412	0.554434
0.084412	0.557056
0.084412	0.564523
0.084412	0.562970
0.267216	0.561823
0.267216	0.555285
0.267216	0.573465
0.267216	0.559049
0.267216	0.530327
0.267216	0.531137
0.267216	0.531444
0.267216	0.532161
0.267216	0.568940
0.116487	0.543368
0.116487	0.529544
0.116487	0.531217
0.116487	0.528998
0.116487	0.530546
0.116487	0.534588
0.116487	0.528434
0.116487	0.557301
0.116487	0.560316
0.116487	0.562268
0.067466	0.563803
0.067466	0.556709
0.067466	0.556684
0.067466	0.556188
0.067466	0.555957
0.067466	0.552808
0.085176	0.573801
0.085176	0.584828
0.085176	0.614567
0.085176	0.607357
0.057227	0.576798
0.057227	0.587676
0.057227	0.573475
0.057227	0.574309
0.057227	0.581042
0.057227	0.610019
0.057227	0.594119
0.057227	0.626867
0.057227	0.599046
0.057227	0.595779
0.057227	0.597881
0.061536	0.581181
0.061536	0.578428
0.061536	0.568322
0.061536	0.600826
0.061536	0.571995
0.061536	0.606102
0.061536	0.580683
0.061536	0.579400
0.061536	0.573786
0.119922	0.582810
0.119922	0.580376
0.119922	0.539138
0.119922	0.540311
0.119922	0.541995
0.119922	0.540633
0.119922	0.531629
0.119922	0.534942
0.119922	0.532393
0.119922	0.557352
0.119922	0.530071
0.119922	0.560917
0.143206	0.532140
0.143206	0.534538
0.143206	0.539350
0.143206	0.538471
0.143206	0.538026
0.143206	0.595799
0.143206	0.577967
0.143206	0.577872
0.143206	0.552073
0.183247	0.541663
0.183247	0.553665
0.183247	0.536926
0.183247	0.581178
0.183247	0.583616
0.183247	0.551201
0.183247	0.616455
0.183247	0.599691
0.111723	0.600313
0.111723	0.667269
0.111723	0.581039
0.111723	0.582045
0.111723	0.579083
0.111723	0.606884
0.111723	0.604365
0.122446	0.641907
0.122446	0.548598
0.122446	0.558845
0.122446	0.542443
0.122446	0.541215
0.122446	0.594670
0.122446	0.590271
0.122446	0.584711
0.134755	0.545045
0.134755	0.563550
0.134755	0.592961
0.134755	0.563018
0.134755	0.574495
0.134755	0.579723
0.134755	0.597858
0.146659	0.588070
0.146659	0.660774
0.146659	0.656528
0.146659	0.576413
0.194156	0.580110
0.194156	0.578665
0.194156	0.574804
0.194156	0.574075
0.194156	0.640508
0.194156	0.583796
0.194156	0.594402
0.194156	0.589466
0.378829	0.608120
0.378829	0.593645
0.378829	0.594268
0.378829	0.666529
0.564285	0.663614
0.564285	0.679952
0.564285	0.683462
0.564285	0.673070
0.564285	0.697067
0.564285	0.678502
0.564285	0.711627
0.564285	0.642416
0.564285	0.654400
0.362899	0.683805
0.362899	0.668997
0.362899	0.676082
0.362899	0.672620
0.362899	0.703365
0.362899	0.687577
0.362899	0.717741
0.362899	0.719680
0.362899	0.577824
0.362899	0.587946
0.362899	0.580998
0.362899	0.587034
0.485718	0.584102
0.485718	0.573300
0.485718	0.568380
0.485718	0.566030
0.427598	0.588230
0.427598	0.633928
0.427598	0.568587
0.427598	0.686080
0.427598	0.567139
0.301245	0.634553
0.301245	0.677796
0.301245	0.657970
0.301245	0.727300
0.301245	0.703118
0.301245	0.620060
0.301245	0.661893
0.301245	0.667345
0.301245	0.697941
0.301245	0.695501
0.301245	0.639167
0.123293	0.651492
0.123293	0.665097
0.123293	0.701053
0.123293	0.693312
0.123293	0.709875
0.123293	0.690813
0.123293	0.692125
0.123293	0.712384
0.300914	0.719800
0.300914	0.716895
0.300914	0.732338
0.300914	0.666069
0.300914	0.713090
0.036399	0.688134
0.036399	0.679780
0.036399	0.709770
0.036399	0.706216
0.036399	0.726318
0.036399	0.724878
0.036399	0.728177
0.036399	0.622442
0.028571	0.631637
0.028571	0.602192
0.028571	0.607335
0.028571	0.614129
0.028571	0.578519
0.028571	0.592958
0.028571	0.618334
0.160451	0.624318
0.160451	0.624124
0.160451	0.688177
0.160451	0.667450
0.160451	0.662395
0.160451	0.760166
0.160451	0.739259
0.160451	0.644755
0.160451	0.606883
0.045860	0.630175
0.045860	0.667238
0.045860	0.646411
0.045860	0.600934
0.045860	0.593698
0.045860	0.637806
0.045860	0.597058
0.045860	0.597440
0.165654	0.607602
0.165654	0.592785
0.165654	0.641820
0.165654	0.644530
0.165654	0.673823
0.165654	0.687860
0.165654	0.652127
0.165654	0.691062
0.165654	0.710338
0.165654	0.726967
0.165654	0.715428
0.165654	0.714420
0.165654	0.631547
0.165654	0.644730
0.329443	0.645585
0.329443	0.639233
0.329443	0.635060
0.329443	0.664012
0.329443	0.698013
0.329443	0.681058
0.329443	0.669092
0.329443	0.570421
0.061718	0.550101
0.061718	0.554503
0.061718	0.556867
0.061718	0.545618
0.093523	0.599787
0.093523	0.641301
0.093523	0.548106
0.093523	0.550162
0.093523	0.544703
0.093523	0.543811
0.093523	0.545458
0.093523	0.570084
0.088393	0.543441
0.088393	0.566363
0.088393	0.551122
0.088393	0.561230
0.088393	0.560538
0.088393	0.563761
0.088393	0.576030
0.075812	0.594014
0.075812	0.559809
0.075812	0.584548
0.075812	0.580975
0.247890	0.558832
0.247890	0.605631
0.247890	0.566330
0.247890	0.577564
0.247890	0.575561
0.247890	0.570936
0.247890	0.574763
0.247890	0.583163
0.247890	0.574636
0.067639	0.580447
0.067639	0.576619
0.067639	0.615187
0.067639	0.581353
0.067639	0.572054
0.067639	0.587581
0.067639	0.590514
0.067639	0.587027
0.057294	0.590676
0.057294	0.586151
0.057294	0.603368
0.057294	0.649371
0.057294	0.640746
0.057294	0.648302
0.057294	0.645882
0.038949	0.625885
0.038949	0.641315
0.038949	0.670777
0.038949	0.638059
0.038949	0.582666
0.038949	0.569072
0.038949	0.573071
0.038949	0.574670
0.038949	0.570487
0.038949	0.586677
0.038949	0.607645
0.038949	0.595879
0.059412	0.585064
0.059412	0.597320
0.059412	0.626498
0.059412	0.604278
0.251730	0.591378
0.251730	0.598380
0.251730	0.610565
0.251730	0.659507
0.251730	0.669104
0.251730	0.658906
0.251730	0.661936
0.251730	0.652792
0.251730	0.648256
0.085753	0.673831
0.085753	0.651625
0.085753	0.648924
0.085753	0.640549
0.085753	0.622050
0.063599	0.609963
0.063599	0.618209
0.063599	0.595129
0.063599	0.604152
0.063599	0.608313
0.063599	0.621997
0.063599	0.658291
0.063599	0.652564
0.045142	0.667036
0.045142	0.674503
0.045142	0.679140
0.045142	0.693414
0.045142	0.689497
0.045142	0.704593
0.045142	0.754445
0.045142	0.658397
0.077517	0.658663
0.077517	0.657663
0.077517	0.674067
0.077517	0.643097
0.077517	0.649742
0.056440	0.688379
0.056440	0.643357
0.056440	0.574619
0.056440	0.579241
0.056440	0.591118
0.056440	0.623588
0.056440	0.585680
0.056440	0.602883
0.080149	0.596667
0.080149	0.601805
0.080149	0.600438
0.080149	0.621088
0.080149	0.608714
0.121351	0.655360
0.121351	0.672060
0.121351	0.678486
0.121351	0.720411
0.121351	0.667253
0.121351	0.760930
0.121351	0.709031
0.038787	0.668838
0.038787	0.690943
0.038787	0.680696
0.038787	0.723231
0.038787	0.694598
0.038787	0.686207
0.038787	0.699295
0.038787	0.691213
0.294279	0.650329
0.294279	0.686769
0.294279	0.695669
0.294279	0.699443
0.294279	0.697942
0.294279	0.722664
0.294279	0.728797
0.063027	0.728490
0.063027	0.719463
0.063027	0.726694
0.063027	0.723833
0.063027	0.729682
0.063027	0.739208
0.063027	0.645934
0.063027	0.660619
0.328985	0.638522
0.328985	0.627553
0.328985	0.647272
0.328985	0.651628
0.328985	0.699971
0.328985	0.638852
0.328985	0.706423
0.119910	0.645760
0.119910	0.686544
0.119910	0.635861
0.119910	0.631651
0.119910	0.611385
0.119910	0.633661
0.119910	0.666720
0.119910	0.635509
0.319715	0.664522
0.319715	0.637974
0.319715	0.615102
0.319715	0.613363
0.319715	0.619479
0.319715	0.627142
0.319715	0.624058
0.321711	0.636256
0.321711	0.633511
0.321711	0.681820
0.321711	0.658551
0.321711	0.722554
0.321711	0.573634
0.321711	0.573544
0.321711	0.566882
0.321711	0.568247
0.321711	0.575132
0.321711	0.569654
0.046886	0.575026
0.046886	0.615500
0.046886	0.609268
0.046886	0.618831
0.046886	0.620378
0.046886	0.622443
0.046886	0.554930
0.046886	0.549869
0.046886	0.553480
0.084144	0.554118
0.084144	0.553370
0.084144	0.555138
0.084144	0.554542
0.084144	0.577892
0.084144	0.574553
0.084144	0.581016
0.084144	0.582274
0.084144	0.585690
0.102504	0.591924
0.102504	0.573132
0.102504	0.572401
0.102504	0.574702
0.102504	0.579317
0.102504	0.579354
0.102504	0.578338
0.042084	0.594022
0.042084	0.598741
0.042084	0.590970
0.042084	0.587685
0.042084	0.600222
0.042084	0.588365
0.042084	0.566896
0.042084	0.563600
0.073727	0.585604
0.073727	0.574116
0.073727	0.561474
0.073727	0.581022
0.073727	0.568779
0.073727	0.602564
0.073727	0.580591
0.073727	0.640303
0.064314	0.617212
0.064314	0.590831
0.064314	0.587043
0.064314	0.616390
0.064314	0.620253
0.064314	0.604509
0.064314	0.547022
0.064314	0.560282
0.064314	0.564013
0.064314	0.577587
0.064314	0.607847
0.064296	0.645550
0.064296	0.614444
0.064296	0.687325
0.064296	0.682790
0.064296	0.680181
0.064296	0.718538
0.116701	0.733316
0.116701	0.715884
0.116701	0.730002
0.116701	0.664479
0.116701	0.690445
0.116701	0.670573
0.116701	0.676086
0.116701	0.708015
0.116701	0.709460
0.075418	0.676770
0.075418	0.703468
0.075418	0.729581
0.075418	0.627526
0.075418	0.685701
0.075418	0.696515
0.075418	0.678733
0.086931	0.682845
0.086931	0.717202
0.086931	0.716627
0.086931	0.733281
0.086931	0.701543
0.086931	0.608231
0.086931	0.662586
0.086931	0.595992
0.086931	0.630117
0.086931	0.673155
0.086931	0.633462
0.121941	0.609902
0.121941	0.583949
0.121941	0.627114
0.121941	0.646391
0.121941	0.663237
0.121941	0.650580
0.121941	0.661568
0.121941	0.677167
0.171962	0.694643
0.171962	0.718553
0.171962	0.733250
0.171962	0.737822
0.171962	0.582824
0.171962	0.577459
0.177106	0.577617
0.177106	0.568314
0.177106	0.581453
0.177106	0.590123
0.177106	0.577749
0.177106	0.612307
0.177106	0.580734
0.177106	0.605661
0.190857	0.579251
0.190857	0.588203
0.190857	0.578899
0.190857	0.586521
0.168267	0.591831
0.168267	0.554936
0.168267	0.566966
0.168267	0.551346
0.168267	0.552125
0.168267	0.574953
0.168267	0.573828
0.168267	0.589958
0.113983	0.575792
0.113983	0.564551
0.113983	0.573056
0.113983	0.580115
0.113983	0.559836
0.113983	0.565206
0.074370	0.557004
0.074370	0.591534
0.074370	0.585182
0.074370	0.592479
0.074370	0.587708
0.074370	0.591019
0.074370	0.623857
0.074370	0.626353
0.050972	0.615949
0.050972	0.681258
0.050972	0.657009
0.050972	0.675016
0.050972	0.705144
0.050972	0.578593
0.050972	0.569832
0.050972	0.595762
0.069762	0.601316
0.069762	0.594617
0.069762	0.592923
0.069762	0.578575
0.069762	0.586020
0.069762	0.594506
0.069762	0.630332
0.069762	0.585698
0.052127	0.582566
0.052127	0.565506
0.052127	0.594624
0.052127	0.576637
0.052127	0.641674
0.052127	0.561372
0.052127	0.651235
0.052127	0.589430
0.052127	0.676920
0.087649	0.697772
0.087649	0.705135
0.087649	0.719567
0.087649	0.671152
0.087649	0.684984
0.087649	0.644906
0.087649	0.663428
0.087649	0.693042
0.087649	0.601303
0.095733	0.625122
0.095733	0.606131
0.095733	0.657973
0.095733	0.646042
0.122955	0.634964
0.122955	0.639600
0.122955	0.631470
0.122955	0.628229
0.122955	0.657893
0.122955	0.639946
0.122955	0.676826
0.402361	0.659349
0.402361	0.597407
0.402361	0.582777
0.402361	0.593037
0.402361	0.613599
0.402361	0.647721
0.402361	0.640999
0.172858	0.581694
0.172858	0.608183
0.172858	0.634640
0.172858	0.604930
0.172858	0.631984
0.172858	0.624056
0.172858	0.588693
0.172858	0.621553
0.089849	0.613756
0.089849	0.611151
0.089849	0.618502
0.089849	0.613568
0.089849	0.624550
0.089849	0.659132
0.089849	0.575800
0.089849	0.567757
0.089849	0.595262
0.104910	0.600284
0.104910	0.597173
0.104910	0.680875
0.104910	0.618553
0.104910	0.611397
0.104910	0.611856
0.136420	0.620744
0.136420	0.600431
0.136420	0.592325
0.136420	0.701759
0.136420	0.682796
0.059065	0.708878
0.059065	0.710579
0.059065	0.708845
0.059065	0.702771
0.059065	0.700184
0.059065	0.732630
0.059065	0.730641
0.059065	0.743636
0.059065	0.761096
0.182692	0.674616
0.182692	0.679375
0.182692	0.707165
0.182692	0.738779
0.182692	0.676042
0.182692	0.724998
0.182692	0.714177
0.182692	0.665035
0.095510	0.738182
0.095510	0.648678
0.095510	0.670295
0.095510	0.688298
0.095510	0.688992
0.095510	0.701977
0.095510	0.734932
0.095510	0.723344
0.219719	0.734370
0.219719	0.738352
0.219719	0.760753
0.219719	0.744119
0.219719	0.748209
0.219719	0.773472
0.244451	0.648242
0.244451	0.652318
0.244451	0.615579
0.244451	0.627930
0.244451	0.633631
0.244451	0.611657
0.244451	0.622907
0.244451	0.631035
0.244451	0.600449
0.231353	0.614884
0.231353	0.596171
0.231353	0.609762
0.231353	0.609740
0.231353	0.666344
0.231353	0.684760
0.231353	0.690620
0.231353	0.699538
0.231353	0.705480
0.158785	0.747796
0.158785	0.747383
0.158785	0.617418
0.158785	0.593134
0.158785	0.626148
0.158785	0.663599
0.158785	0.625126
0.091077	0.637675
0.091077	0.662494
0.091077	0.701871
0.091077	0.714038
0.091077	0.729919
0.091077	0.695451
0.091077	0.680369
0.091077	0.683537
0.091077	0.689961
0.182775	0.660037
0.182775	0.642211
0.182775	0.643057
0.182775	0.702508
0.182775	0.703689
0.182775	0.709169
0.182775	0.704752
0.182775	0.689888
0.149073	0.735204
0.149073	0.722166
0.149073	0.745435
0.149073	0.698236
0.149073	0.702984
0.085147	0.721817
0.085147	0.681924
0.085147	0.684582
0.085147	0.734218
0.085147	0.736179
0.085147	0.734672
0.085147	0.700488
0.085147	0.712099
0.085147	0.674559
0.085147	0.621909
0.085147	0.618547
0.085147	0.620284
0.055934	0.624065
0.055934	0.600433
0.055934	0.598018
0.055934	0.591577
0.081991	0.645562
0.081991	0.699177
0.081991	0.659136
0.081991	0.673043
0.081991	0.701335
0.081991	0.714659
0.081991	0.711018
0.375878	0.704333
0.375878	0.702591
0.375878	0.719873
0.375878	0.583404
0.375878	0.574465
0.375878	0.589456
0.375878	0.652451
0.375878	0.558875
0.367773	0.560333
0.367773	0.576790
0.367773	0.581519
0.367773	0.606326
0.367773	0.595920
0.367773	0.607446
0.367773	0.598846
0.367773	0.602405
0.545442	0.673513
0.545442	0.651102
0.545442	0.657190
0.545442	0.693052
0.545442	0.659523
0.545442	0.638325
0.669755	0.666863
0.669755	0.654044
0.669755	0.706565
0.669755	0.644830
0.492515	0.639664
0.492515	0.617661
0.492515	0.612544
0.492515	0.630735
0.492515	0.611138
0.492515	0.627935
0.134175	0.616114
0.134175	0.630385
0.134175	0.626633
0.134175	0.605545
0.134175	0.623900
0.134175	0.626096
0.134175	0.627380
0.214930	0.626494
0.214930	0.631919
0.214930	0.589913
0.214930	0.619061
0.214930	0.608315
0.214930	0.612225
0.214930	0.608023
0.214930	0.600667
0.214930	0.611197
0.375022	0.616515
0.375022	0.616049
0.375022	0.615913
0.375022	0.581665
0.375022	0.581085
0.375022	0.582969
0.375022	0.578109
0.375022	0.580472
0.375022	0.577741
0.184187	0.580672
0.184187	0.575219
0.184187	0.566734
0.184187	0.567286
0.184187	0.567869
0.184187	0.577850
0.184187	0.574343
0.184187	0.577534
0.184187	0.575994
0.184187	0.579040
0.184187	0.587590
0.081063	0.587799
0.081063	0.597441
0.081063	0.589755
0.081063	0.598751
0.081063	0.597903
0.081063	0.586793
0.081063	0.583132
0.081063	0.566439
0.081063	0.564295
0.081063	0.563226
0.081063	0.563636
0.387793	0.563342
0.387793	0.562309
0.387793	0.578550
0.387793	0.577905
0.387793	0.578017
0.387793	0.573199
0.387793	0.589246
0.387793	0.575506
0.387793	0.580936
0.387793	0.596463
0.387793	0.577393
0.261143	0.576576
0.261143	0.578377
0.261143	0.574800
0.261143	0.576613
0.261143	0.572589
0.261143	0.570330
0.261143	0.568819
0.261143	0.566133
0.261143	0.568196
0.261143	0.566545
0.261143	0.567958
0.047060	0.566651
0.047060	0.569671
0.047060	0.571762
0.047060	0.587143
0.047060	0.584524
0.047060	0.593795
0.111203	0.596022
0.111203	0.581824
0.111203	0.588693
0.111203	0.600575
0.111203	0.633200
0.111203	0.641261
0.111203	0.643780
0.111203	0.650369
0.111203	0.667520
0.077490	0.656842
0.077490	0.637254
0.077490	0.678176
0.077490	0.637686
0.077490	0.601593
0.077490	0.590319
0.077490	0.602274
0.077490	0.614104
0.167742	0.643212
0.167742	0.611000
0.167742	0.740278
0.167742	0.603364
0.167742	0.621703
0.136396	0.680683
0.136396	0.633985
0.136396	0.710277
0.136396	0.627875
0.136396	0.632491
0.136396	0.633202
0.136396	0.679842
0.059053	0.672408
0.059053	0.697522
0.059053	0.613787
0.059053	0.632267
0.059053	0.623694
0.059053	0.643248
0.059053	0.682564
0.059053	0.648026
0.059053	0.705447
0.059053	0.696713
0.059053	0.715378
0.182763	0.731421
0.182763	0.727692
0.182763	0.717773
0.182763	0.683921
0.182763	0.707472
0.182763	0.703304
0.182763	0.707701
0.182763	0.700348
0.283654	0.613570
0.283654	0.632685
0.283654	0.615431
0.283654	0.605125
0.283654	0.612314
0.283654	0.617050
0.283654	0.646284
0.283654	0.604703
0.283654	0.604628
0.071449	0.602416
0.071449	0.601222
0.071449	0.642757
0.071449	0.591977
0.071449	0.624173
0.071449	0.655707
0.071449	0.640764
0.071449	0.624341
0.132152	0.641173
0.132152	0.674562
0.132152	0.682884
0.132152	0.687193
0.132152	0.609872
0.132152	0.631057
0.132152	0.589827
0.132152	0.575106
0.132152	0.576022
0.132152	0.574344
0.132152	0.574377
0.132152	0.638927
0.132152	0.592364
0.132152	0.554960
0.205684	0.556271
0.205684	0.568205
0.205684	0.562590
0.205684	0.563387
0.205684	0.628921
0.205684	0.599828
0.205684	0.645339
0.151462	0.668712
0.151462	0.655904
0.151462	0.668417
0.151462	0.688131
0.151462	0.693732
0.151462	0.663964
0.151462	0.671122
0.151462	0.707417
0.151462	0.627411
0.151462	0.686390
0.151462	0.569105
0.151462	0.567829
0.069563	0.565043
0.069563	0.566463
0.069563	0.569457
0.069563	0.602540
0.069563	0.605101
0.069563	0.577535
0.069563	0.548866
0.069563	0.549182
0.240312	0.549263
0.240312	0.552416
0.240312	0.549722
0.240312	0.555495
0.240312	0.555622
0.240312	0.575077
0.240312	0.579112
0.240312	0.583895
0.240312	0.580560
0.240312	0.596132
0.240312	0.576741
0.241968	0.625584
0.241968	0.593193
0.241968	0.561926
0.241968	0.566010
0.241968	0.563250
0.241968	0.565105
0.067812	0.575420
0.067812	0.585240
0.067812	0.600048
0.067812	0.597056
0.067812	0.595902
0.183496	0.596368
0.183496	0.590318
0.183496	0.593075
0.183496	0.599831
0.183496	0.591666
0.183496	0.560706
0.183496	0.560345
0.183496	0.564133
0.183496	0.565509
0.121328	0.571390
0.121328	0.561867
0.121328	0.562903
0.121328	0.592873
0.121328	0.590998
0.121328	0.606444
0.121328	0.599736
0.045061	0.599581
0.045061	0.608032
0.045061	0.626636
0.045061	0.626876
0.045061	0.612852
0.045061	0.576337
0.058990	0.570559
0.058990	0.583361
0.058990	0.578143
0.058990	0.577025
0.058990	0.573844
0.058990	0.578894
0.058990	0.578366
0.129817	0.576775
0.129817	0.578561
0.129817	0.572395
0.129817	0.574860
0.129817	0.577135
0.129817	0.572554
0.129817	0.571099
0.129817	0.568920
0.129817	0.565683
0.129817	0.564956
0.129817	0.562536
0.083595	0.561953
0.083595	0.563201
0.083595	0.571787
0.083595	0.568124
0.083595	0.567965
0.083595	0.573642
0.083595	0.583188
0.576798	0.591498
0.576798	0.593516
0.576798	0.588879
0.576798	0.591278
0.576798	0.593509
0.576798	0.596818
0.576798	0.601332
0.576798	0.599913
0.576798	0.615768
0.576798	0.578789
0.576798	0.585054
0.562072	0.584308
0.562072	0.596644
0.562072	0.578547
0.562072	0.577851
0.562072	0.581315
0.562072	0.574766
0.562072	0.568639
0.354071	0.565663
0.354071	0.564380
0.354071	0.566253
0.354071	0.576407
0.354071	0.575770
0.354071	0.578669
0.354071	0.539682
0.348850	0.540153
0.348850	0.543211
0.348850	0.558506
0.348850	0.535520
0.348850	0.535362
0.138892	0.536190
0.138892	0.597035
0.138892	0.615038
0.138892	0.602132
0.138892	0.641604
0.138892	0.599445
0.138892	0.607110
0.138892	0.644136
0.138892	0.632336
0.058169	0.583097
0.058169	0.592609
0.058169	0.588819
0.058169	0.598094
0.094264	0.584172
0.094264	0.583479
0.094264	0.600732
0.094264	0.584197
0.094264	0.587251
0.094264	0.624646
0.094264	0.596232
0.093908	0.584120
0.093908	0.580471
0.093908	0.590547
0.093908	0.668450
0.093908	0.683185
0.104340	0.664216
0.104340	0.651865
0.104340	0.680317
0.104340	0.694541
0.104340	0.689043
0.104340	0.671645
0.104340	0.676795
0.104340	0.703234
0.104340	0.676936
0.104340	0.636156
0.104340	0.591603
0.049038	0.605818
0.049038	0.667888
0.049038	0.656802
0.049038	0.627655
0.049038	0.602044
0.049038	0.600672
0.049038	0.600617
0.117308	0.601505
0.117308	0.597766
0.117308	0.685555
0.117308	0.584789
0.117308	0.637210
0.117308	0.676520
0.117308	0.633964
0.117308	0.678945
0.117308	0.629749
0.117308	0.641135
0.117308	0.620427
0.047961	0.612339
0.047961	0.624230
0.047961	0.630673
0.047961	0.618646
0.047961	0.687161
0.047961	0.661203
0.047961	0.662259
0.047961	0.665925
0.047961	0.699420
0.057498	0.666544
0.057498	0.666855
0.057498	0.658282
0.057498	0.670775
0.057498	0.679436
0.057498	0.593221
0.136478	0.592199
0.136478	0.593219
0.136478	0.594537
0.136478	0.594024
0.136478	0.652034
0.136478	0.616841
0.136478	0.653970
0.136478	0.657373
0.136478	0.650609
0.219196	0.673133
0.219196	0.648584
0.219196	0.649781
0.219196	0.667444
0.120263	0.662647
0.120263	0.604799
0.120263	0.605988
0.120263	0.615444
0.120263	0.623773
0.120263	0.602392
0.120263	0.619294
0.120263	0.628750
0.120263	0.628860
0.072573	0.607707
0.072573	0.616593
0.072573	0.631655
0.072573	0.632862
0.072573	0.641131
0.072573	0.627624
0.072573	0.592898
0.072573	0.610974
0.072573	0.617540
0.072573	0.618182
0.072573	0.610429
0.072573	0.594289
0.109668	0.630925
0.109668	0.737881
0.109668	0.574101
0.109668	0.581717
0.109668	0.579396
0.059942	0.597067
0.059942	0.570208
0.059942	0.571411
0.059942	0.571096
0.059942	0.612607
0.059942	0.613336
0.059942	0.624000
0.059942	0.642071
0.059942	0.615634
0.059942	0.583103
0.059942	0.604005
0.059942	0.622945
0.074671	0.687378
0.074671	0.637215
0.074671	0.626332
0.074671	0.629807
0.074671	0.595275
0.074671	0.610394
0.074671	0.623853
0.074671	0.627742
0.093758	0.616409
0.093758	0.626252
0.093758	0.599968
0.093758	0.637280
0.093758	0.617707
0.093758	0.614197
0.093758	0.619194
0.093758	0.617563
0.273046	0.604708
0.273046	0.614593
0.273046	0.605167
0.273046	0.607775
0.273046	0.606056
0.273046	0.615474
0.273046	0.632290
0.273046	0.656069
0.273046	0.661940
0.299828	0.601769
0.299828	0.596258
0.299828	0.598223
0.299828	0.596107
0.299828	0.597394
0.299828	0.583842
0.187039	0.585962
0.187039	0.592123
0.187039	0.590680
0.187039	0.586762
0.187039	0.581773
0.187039	0.581838
0.187039	0.586484
0.304053	0.588048
0.304053	0.591985
0.304053	0.586489
0.304053	0.593223
0.304053	0.577830
0.304053	0.582256
0.304053	0.585924
0.304053	0.582693
0.049342	0.586625
0.049342	0.582606
0.049342	0.595240
0.049342	0.593792
0.049342	0.614151
0.049342	0.593984
0.049342	0.590267
0.049342	0.605305
0.272835	0.633040
0.272835	0.629264
0.272835	0.641885
0.272835	0.633652
0.272835	0.628055
0.272835	0.636515
0.272835	0.634578
0.272835	0.634954
0.272835	0.664494
0.149428	0.597684
0.149428	0.594399
0.149428	0.597207
0.149428	0.630709
0.149428	0.602955
0.149428	0.597617
0.149428	0.620125
0.149428	0.620534
0.149428	0.614095
0.149428	0.658035
0.149428	0.626473
0.149428	0.680741
0.175505	0.632145
0.175505	0.656383
0.175505	0.638363
0.175505	0.650826
0.175505	0.631470
0.175505	0.632819
0.175505	0.673708
0.175505	0.645492
0.105855	0.655863
0.105855	0.666191
0.105855	0.651833
0.105855	0.657970
0.105855	0.669377
0.105855	0.669208
0.105855	0.688689
0.105855	0.705396
0.105855	0.726788
0.154815	0.720112
0.154815	0.640848
0.154815	0.633918
0.154815	0.627928
0.154815	0.630182
0.154815	0.656466
0.154815	0.670389
0.154815	0.617083
0.154815	0.612787
0.180991	0.612068
0.180991	0.620072
0.180991	0.622663
0.180991	0.624059
0.180991	0.629993
0.180991	0.625489
0.180991	0.648963
0.180991	0.628718
0.180991	0.642105
0.180991	0.653672
0.180991	0.656918
0.092920	0.663100
0.092920	0.675302
0.092920	0.670391
0.092920	0.675632
0.092920	0.691294
0.092920	0.676742
0.092920	0.688312
0.092920	0.701691
0.092920	0.698396
0.031647	0.598300
0.031647	0.596745
0.031647	0.602658
0.031647	0.617228
0.031647	0.601777
0.031647	0.613318
0.031647	0.609542
0.076495	0.646735
0.076495	0.658858
0.076495	0.649666
0.076495	0.678247
0.076495	0.676788
0.076495	0.619856
0.055278	0.613121
0.055278	0.611657
0.055278	0.621441
0.055278	0.627992
0.055278	0.618309
0.055278	0.625161
0.055278	0.628120
0.055278	0.631857
0.055475	0.609762
0.055475	0.632570
0.055475	0.636530
0.055475	0.635632
0.055475	0.615198
0.055475	0.637338
0.055475	0.621870
0.077930	0.630113
0.077930	0.621003
0.077930	0.674237
0.077930	0.600761
0.077930	0.637457
0.077930	0.609509
0.077930	0.602518
0.077930	0.605280
0.184330	0.622207
0.184330	0.597252
0.184330	0.598183
0.184330	0.603422
0.184330	0.594295
0.184330	0.584178
0.184330	0.585282
0.184330	0.599971
0.184330	0.604760
0.051365	0.584004
0.051365	0.593313
0.051365	0.576350
0.051365	0.595167
0.051365	0.619720
0.051365	0.642351
0.051365	0.698658
0.112193	0.656319
0.112193	0.655622
0.112193	0.647022
0.112193	0.677227
0.121886	0.701418
0.121886	0.692550
0.121886	0.718084
0.121886	0.677840
0.135328	0.684209
0.135328	0.710615
0.135328	0.717273
0.135328	0.713853
0.135328	0.631695
0.135328	0.628857
0.135328	0.645581
0.135328	0.642327
0.112358	0.614336
0.112358	0.608901
0.112358	0.637603
0.112358	0.632623
0.112358	0.658220
0.112358	0.605330
0.112358	0.592761
0.112358	0.605382
0.139225	0.633397
0.139225	0.578783
0.139225	0.586335
0.139225	0.580386
0.139225	0.571737
0.139225	0.585698
0.139225	0.654749
0.139225	0.685827
0.060563	0.621697
0.060563	0.588037
0.060563	0.608846
0.060563	0.664650
0.060563	0.619780
0.060563	0.595543
0.337621	0.627281
0.337621	0.580665
0.337621	0.589838
0.337621	0.601739
0.337621	0.606091
0.337621	0.581713
0.337621	0.644227
0.337621	0.602312
0.337621	0.627379
0.103278	0.638391
0.103278	0.642849
0.103278	0.624493
0.103278	0.626325
0.113818	0.650044
0.113818	0.650056
0.113818	0.664534
0.113818	0.656491
0.113818	0.670586
0.113818	0.559773
0.113818	0.549666
0.113818	0.566831
0.113818	0.589824
0.113818	0.553218
0.113818	0.547415
0.113818	0.553882
0.050712	0.557905
0.050712	0.583858
0.050712	0.568655
0.050712	0.648754
0.122500	0.588038
0.122500	0.592028
0.122500	0.598859
0.122500	0.578197
0.122500	0.601722
0.122500	0.596435
0.122500	0.634917
0.122500	0.628997
0.047682	0.631553
0.047682	0.623972
0.047682	0.599707
0.047682	0.650401
0.047682	0.668415
0.073790	0.626867
0.073790	0.652698
0.073790	0.639772
0.073790	0.626551
0.073790	0.685013
0.073790	0.672422
0.073790	0.632060
0.078821	0.637462
0.078821	0.708129
0.078821	0.653983
0.078821	0.618234
0.078821	0.610206
0.078821	0.649460
0.078821	0.598631
0.098192	0.604690
0.098192	0.604960
0.098192	0.676986
0.098192	0.682301
0.098192	0.664076
0.098192	0.655324
0.098192	0.713803
0.098192	0.694351
0.098192	0.692794
0.087400	0.701348
0.087400	0.657974
0.087400	0.614294
0.087400	0.627520
0.090000	0.623662
0.090000	0.653404
0.090000	0.666429
0.090000	0.715931
0.090000	0.631296
0.090000	0.628642
0.100722	0.632245
0.100722	0.641364
0.100722	0.645231
0.100722	0.645473
0.100722	0.688487
0.100722	0.629316
0.091404	0.663517
0.091404	0.612484
0.091404	0.608769
0.091404	0.613283
0.091404	0.623835
0.091404	0.609997
0.091404	0.613899
0.091404	0.675606
0.093128	0.669148
0.093128	0.674723
0.093128	0.667145
0.093128	0.675664
0.067899	0.679588
0.067899	0.686214
0.067899	0.681026
0.067899	0.693491
0.067899	0.714368
0.067899	0.733348
0.067899	0.660925
0.067899	0.655503
0.119479	0.663408
0.119479	0.667171
0.119479	0.657417
0.119479	0.671723
0.119479	0.682756
0.086423	0.688684
0.086423	0.696550
0.086423	0.724880
0.086423	0.720266
0.086423	0.577594
0.086423	0.577432
0.086423	0.578056
0.153152	0.571967
0.153152	0.574227
0.153152	0.583674
0.153152	0.580899
0.153152	0.579296
0.153152	0.577965
0.153152	0.580805
0.153152	0.587900
0.080330	0.577923
0.080330	0.577648
0.080330	0.580867
0.080330	0.582620
0.080330	0.609384
0.080330	0.606113
0.080330	0.613892
0.080330	0.605703
0.057173	0.608797
0.057173	0.595950
0.057173	0.593399
0.057173	0.601683
0.057173	0.602478
0.147394	0.600264
0.147394	0.611347
0.147394	0.615518
0.147394	0.645245
0.147394	0.665986
0.147394	0.634716
0.147394	0.619437
0.138547	0.622974
0.138547	0.630991
0.138547	0.612366
0.138547	0.630093
0.138547	0.628930
0.138547	0.611705
0.138547	0.689309
0.138547	0.632034
0.083262	0.633526
0.083262	0.654254
0.083262	0.691005
0.083262	0.661164
0.083262	0.667242
0.083262	0.657079
0.083262	0.711466
0.083262	0.675557
0.083262	0.722132
0.082631	0.705813
0.082631	0.712129
0.082631	0.603926
0.082631	0.659428
0.082631	0.568332
0.082631	0.568980
0.082631	0.560728
0.082631	0.566780
0.079741	0.567451
0.079741	0.611223
0.079741	0.588426
0.079741	0.611215
0.079741	0.567694
0.079741	0.564265
0.079741	0.561839
0.079741	0.562095
0.115986	0.564091
0.115986	0.566012
0.115986	0.566917
0.115986	0.566451
0.115986	0.592337
0.115986	0.590208
0.115986	0.592627
0.115986	0.590952
0.115986	0.592147
0.049327	0.575720
0.049327	0.585502
0.049327	0.589249
0.049327	0.594716
0.049327	0.630279
0.049327	0.615101
0.049327	0.613344
0.049327	0.619399
0.049327	0.633283
0.060562	0.618985
0.060562	0.619105
0.060562	0.614373
0.060562	0.615121
0.089209	0.618644
0.089209	0.638862
0.089209	0.621517
0.089209	0.637944
0.089209	0.659212
0.089209	0.675071
0.089209	0.635854
0.089209	0.578861
0.073444	0.579484
0.073444	0.580240
0.073444	0.578724
0.073444	0.577283
0.073444	0.576712
0.073444	0.573430
0.073444	0.574350
0.073444	0.599176
0.048098	0.599075
0.048098	0.607937
0.048098	0.611721
0.048098	0.598119
0.048098	0.571146
0.048098	0.606044
0.048098	0.590223
0.048098	0.616012
0.215570	0.591113
0.215570	0.574847
0.215570	0.598105
0.215570	0.608825
0.215570	0.586076
0.215570	0.592626
0.215570	0.593004
0.215570	0.593623
0.215570	0.597468
0.107884	0.591473
0.107884	0.596027
0.107884	0.614220
0.107884	0.617968
0.107884	0.606134
0.107884	0.581025
0.107884	0.581141
0.107884	0.583017
0.072295	0.592528
0.072295	0.577525
0.072295	0.577869
0.072295	0.575155
0.072295	0.575509
0.072295	0.596605
0.072295	0.602892
0.072295	0.602982
0.072295	0.596972
0.089583	0.642997
0.089583	0.634551
0.089583	0.634735
0.089583	0.602772
0.089583	0.636923
0.089583	0.566932
0.089583	0.549552
0.089583	0.557944
0.418638	0.595377
0.418638	0.588512
0.418638	0.586722
0.418638	0.625766
0.418638	0.593675
0.418638	0.593589
0.418638	0.596752
0.418638	0.592338
0.418638	0.586067
0.129454	0.589004
0.129454	0.593527
0.129454	0.586708
0.129454	0.606936
0.129454	0.629583
0.129454	0.604137
0.129454	0.637470
0.129454	0.603595
0.129454	0.619017
0.129454	0.661779
0.129454	0.675282
0.129454	0.672125
0.129454	0.679886
0.129454	0.713967
0.155472	0.637505
0.155472	0.633508
0.155472	0.630242
0.155472	0.679780
0.155472	0.709462
0.155472	0.712269
0.155472	0.696718
0.155472	0.703487
0.155472	0.723375
0.155472	0.725408
0.155472	0.732686
0.155472	0.674726
0.155472	0.726242
0.155472	0.703049
0.094483	0.699234
0.094483	0.702811
0.094483	0.705088
0.094483	0.703923
0.094483	0.713084
0.094483	0.729608
0.094483	0.714346
0.094483	0.710015
0.094483	0.717650
0.094483	0.714674
0.094483	0.682798
0.094483	0.702734
0.097467	0.693710
0.097467	0.717179
0.097467	0.674891
0.097467	0.669260
0.097467	0.696252
0.097467	0.655452
0.097467	0.682102
0.097467	0.690259
0.316340	0.702467
0.316340	0.727603
0.316340	0.706828
0.316340	0.702036
0.316340	0.697622
0.316340	0.696234
0.316340	0.722173
0.316340	0.739983
0.316340	0.752132
0.285949	0.744702
0.285949	0.740671
0.285949	0.742613
0.285949	0.744583
0.137949	0.742154
0.137949	0.700453
