Ground Truth	Predictions
0.319856	0.786765
0.319856	0.633726
0.319856	0.599736
0.319856	0.569068
0.319856	0.660976
0.319856	0.611449
0.319856	0.685551
0.319856	0.598198
0.319856	0.660283
0.216036	0.613435
0.216036	0.590672
0.216036	0.655703
0.216036	0.585203
0.216036	0.594654
0.216036	0.672638
0.216036	0.645744
0.216036	0.651038
0.216036	0.635275
0.059330	0.706407
0.059330	0.661639
0.059330	0.689429
0.059330	0.685974
0.059330	0.659318
0.059330	0.670618
0.059330	0.669009
0.202969	0.619272
0.202969	0.616966
0.202969	0.679736
0.202969	0.664990
0.202969	0.675826
0.088986	0.601717
0.088986	0.619442
0.088986	0.576153
0.088986	0.565789
0.088986	0.564227
0.033825	0.564519
0.033825	0.566600
0.033825	0.616621
0.033825	0.545197
0.033825	0.545830
0.365469	0.556806
0.365469	0.548963
0.365469	0.547522
0.365469	0.549776
0.365469	0.581019
0.365469	0.611147
0.365469	0.601707
0.365469	0.602610
0.365469	0.623382
0.060873	0.651968
0.060873	0.632232
0.060873	0.630223
0.060873	0.625166
0.060873	0.666991
0.060873	0.550282
0.060873	0.567576
0.060873	0.542673
0.060873	0.541927
0.060873	0.542191
0.060873	0.551637
0.063160	0.580462
0.063160	0.544186
0.063160	0.586588
0.063160	0.542972
0.063160	0.546919
0.063160	0.579439
0.063160	0.575148
0.063160	0.568592
0.063160	0.568592
0.160119	0.567332
0.160119	0.567588
0.160119	0.538901
0.160119	0.537758
0.160119	0.536687
0.160119	0.536344
0.160119	0.543740
0.160119	0.605140
0.160119	0.548733
0.160119	0.540885
0.160119	0.544156
0.163462	0.542068
0.163462	0.541435
0.163462	0.556028
0.163462	0.571411
0.163462	0.578405
0.163462	0.554817
0.163462	0.557224
0.163462	0.551945
0.163462	0.551229
0.087419	0.553363
0.087419	0.556628
0.087419	0.561913
0.087419	0.591490
0.087419	0.573790
0.087419	0.571643
0.087419	0.574162
0.087419	0.573489
0.087419	0.572695
0.087419	0.621850
0.092809	0.623192
0.092809	0.646700
0.092809	0.648722
0.092809	0.654962
0.092809	0.702170
0.092809	0.665512
0.092809	0.708680
0.092809	0.700415
0.363347	0.702791
0.363347	0.701121
0.363347	0.589613
0.363347	0.592439
0.363347	0.590393
0.363347	0.595802
0.363347	0.621147
0.363347	0.632161
0.199211	0.634751
0.199211	0.662840
0.199211	0.595746
0.199211	0.572542
0.199211	0.571345
0.199211	0.566869
0.328410	0.567071
0.328410	0.567565
0.328410	0.565652
0.328410	0.563443
0.328410	0.574039
0.328410	0.571005
0.316080	0.598249
0.316080	0.608419
0.316080	0.611872
0.316080	0.617447
0.316080	0.656428
0.316080	0.655080
0.316080	0.638416
0.250318	0.646345
0.250318	0.615725
0.250318	0.531259
0.250318	0.532134
0.250318	0.530740
0.250318	0.533385
0.275344	0.529916
0.275344	0.537424
0.275344	0.556249
0.275344	0.534836
0.275344	0.538255
0.214221	0.539080
0.214221	0.538182
0.214221	0.530988
0.214221	0.531360
0.214221	0.532291
0.373488	0.567440
0.373488	0.569921
0.373488	0.584232
0.373488	0.586888
0.373488	0.640866
0.373488	0.598734
0.187590	0.613412
0.187590	0.653651
0.187590	0.624799
0.187590	0.634787
0.187590	0.648046
0.187590	0.710706
0.116736	0.671090
0.116736	0.689903
0.116736	0.593287
0.116736	0.580765
0.116736	0.596935
0.116736	0.573991
0.038282	0.582418
0.038282	0.591162
0.038282	0.577460
0.038282	0.581034
0.038282	0.590176
0.038282	0.599709
0.038282	0.574405
0.038282	0.562713
0.186482	0.626849
0.186482	0.570982
0.186482	0.640498
0.186482	0.691258
0.186482	0.662249
0.186482	0.704943
0.186482	0.691445
0.186482	0.695202
0.186482	0.688520
0.186482	0.667658
0.186482	0.582675
0.186482	0.637729
0.073076	0.643225
0.073076	0.750520
0.073076	0.700017
0.073076	0.673751
0.073076	0.667724
0.073076	0.683854
0.052541	0.590577
0.052541	0.807816
0.052541	0.628717
0.052541	0.602136
0.052541	0.653215
0.052541	0.613331
0.052541	0.595328
0.052541	0.702634
0.119983	0.687712
0.119983	0.696083
0.119983	0.665669
0.119983	0.655469
0.119983	0.673583
0.119983	0.653214
0.119983	0.640624
0.119983	0.653217
0.119983	0.626418
0.122782	0.599105
0.122782	0.575234
0.122782	0.567412
0.122782	0.644714
0.122782	0.573017
0.122782	0.661679
0.122782	0.624558
0.122782	0.564325
0.074287	0.541700
0.074287	0.553010
0.074287	0.549212
0.074287	0.555335
0.074287	0.575443
0.074287	0.551204
0.074287	0.571007
0.074287	0.578071
0.140125	0.579296
0.140125	0.578382
0.140125	0.570291
0.140125	0.616878
0.140125	0.621378
0.140125	0.578788
0.140125	0.595191
0.140125	0.579739
0.140125	0.599381
0.039657	0.631006
0.039657	0.549094
0.039657	0.546258
0.039657	0.544100
0.039657	0.544488
0.039657	0.542343
0.265760	0.540487
0.265760	0.562010
0.265760	0.613598
0.265760	0.593946
0.265760	0.613979
0.265760	0.631411
0.265760	0.637458
0.265760	0.623482
0.265760	0.618589
0.265760	0.684933
0.265760	0.608090
0.104772	0.631629
0.104772	0.624635
0.104772	0.626530
0.104772	0.649114
0.104772	0.678291
0.104772	0.642459
0.104772	0.694170
0.104772	0.616478
0.154222	0.574820
0.154222	0.589156
0.154222	0.577366
0.154222	0.569697
0.154222	0.606390
0.154222	0.608388
0.154222	0.623011
0.154222	0.600495
0.146254	0.595996
0.146254	0.534697
0.146254	0.532970
0.146254	0.533556
0.146254	0.531768
0.146254	0.531603
0.146254	0.530025
0.096283	0.531858
0.096283	0.599999
0.096283	0.590075
0.096283	0.621079
0.096283	0.597507
0.096283	0.607453
0.096283	0.592174
0.096283	0.597228
0.096283	0.671288
0.127371	0.616850
0.127371	0.567358
0.127371	0.588873
0.127371	0.579068
0.127371	0.570740
0.127371	0.626448
0.127371	0.631131
0.127371	0.608104
0.065642	0.620881
0.065642	0.577568
0.065642	0.535588
0.065642	0.562153
0.065642	0.537761
0.065642	0.538139
0.065642	0.550504
0.065642	0.583452
0.065642	0.540521
0.065642	0.595760
0.065642	0.550645
0.082308	0.553611
0.082308	0.553325
0.082308	0.548901
0.082308	0.550804
0.082308	0.548227
0.082308	0.550160
0.153747	0.556471
0.153747	0.553214
0.153747	0.556109
0.153747	0.563803
0.153747	0.562015
0.153747	0.561099
0.153747	0.554288
0.153747	0.573104
0.153747	0.558224
0.117669	0.529809
0.117669	0.530712
0.117669	0.531059
0.117669	0.531898
0.117669	0.565965
0.117669	0.543509
0.117669	0.528996
0.293020	0.530773
0.293020	0.528410
0.293020	0.530112
0.293020	0.534227
0.293020	0.527764
0.293020	0.555865
0.293020	0.559261
0.085011	0.561214
0.085011	0.562611
0.085011	0.555588
0.085011	0.555537
0.085011	0.555054
0.085011	0.554927
0.085011	0.549680
0.085011	0.572311
0.087221	0.583815
0.087221	0.614633
0.087221	0.607638
0.087221	0.574897
0.087221	0.587158
0.087221	0.572465
0.087221	0.573173
0.113999	0.580416
0.113999	0.610059
0.113999	0.593888
0.113999	0.626217
0.113999	0.598661
0.113999	0.594875
0.113999	0.597857
0.113999	0.579881
0.113999	0.577060
0.113999	0.565544
0.113999	0.601379
0.116998	0.570088
0.116998	0.606657
0.116998	0.579970
0.116998	0.578729
0.116998	0.572700
0.116998	0.582372
0.116998	0.579527
0.179879	0.540270
0.179879	0.541241
0.179879	0.543253
0.179879	0.542025
0.179879	0.531698
0.179879	0.535530
0.179879	0.532481
0.179879	0.559677
0.179879	0.530013
0.179879	0.563275
0.144075	0.532481
0.144075	0.535158
0.144075	0.539721
0.144075	0.538782
0.144075	0.538298
0.144075	0.595567
0.144075	0.576689
0.144075	0.576644
0.144075	0.550024
0.060935	0.542342
0.060935	0.551329
0.060935	0.537096
0.060935	0.580984
0.060935	0.582716
0.060935	0.552592
0.062888	0.617493
0.062888	0.600198
0.062888	0.600657
0.062888	0.668184
0.062888	0.581056
0.062888	0.582252
0.062888	0.579170
0.062888	0.607800
0.035678	0.605053
0.035678	0.642812
0.035678	0.549982
0.035678	0.561192
0.035678	0.543092
0.050098	0.541758
0.050098	0.597801
0.050098	0.590411
0.050098	0.587268
0.050098	0.545971
0.050098	0.564972
0.050098	0.595068
0.050098	0.564644
0.078043	0.576798
0.078043	0.581746
0.078043	0.600667
0.078043	0.590478
0.078043	0.662215
0.078043	0.657508
0.078043	0.576684
0.087437	0.580440
0.087437	0.579091
0.087437	0.575112
0.087437	0.574220
0.087437	0.642099
0.087437	0.584252
0.087437	0.595325
0.087437	0.590862
0.087437	0.609342
0.037092	0.594847
0.037092	0.595718
0.037092	0.666876
0.037092	0.664103
0.037092	0.680368
0.052103	0.684029
0.052103	0.673616
0.052103	0.697520
0.052103	0.678652
0.052103	0.711565
0.052103	0.639975
0.052103	0.654980
0.152776	0.684283
0.152776	0.669845
0.152776	0.677222
0.152776	0.673534
0.152776	0.703662
0.152776	0.688780
0.142536	0.718208
0.142536	0.720216
0.142536	0.580234
0.142536	0.590694
0.142536	0.583607
0.142536	0.590297
0.069587	0.586728
0.069587	0.575535
0.069587	0.572217
0.069587	0.569496
0.069587	0.592765
0.069587	0.639180
0.069587	0.571675
0.069587	0.686981
0.069587	0.569750
0.063969	0.634686
0.063969	0.677698
0.063969	0.658294
0.063969	0.726725
0.063969	0.700690
0.063969	0.619737
0.063969	0.661820
0.063969	0.667880
0.063969	0.697720
0.033244	0.692845
0.033244	0.640949
0.033244	0.650826
0.033244	0.667699
0.033244	0.702389
0.033244	0.694672
0.033244	0.711010
0.033244	0.691813
0.069807	0.692726
0.069807	0.713381
0.069807	0.720602
0.069807	0.718173
0.069807	0.732746
0.069807	0.663879
0.069807	0.713583
0.092407	0.688920
0.092407	0.680543
0.092407	0.709384
0.092407	0.707260
0.092407	0.726564
0.177864	0.725911
0.177864	0.729189
0.177864	0.620936
0.177864	0.635345
0.177864	0.606241
0.177864	0.611551
0.286764	0.618295
0.286764	0.581647
0.286764	0.596239
0.286764	0.620031
0.286764	0.626216
0.286764	0.626056
0.286764	0.689692
0.286764	0.670171
0.286764	0.665215
0.059379	0.760993
0.059379	0.740546
0.059379	0.646997
0.059379	0.608552
0.059379	0.632602
0.059379	0.669401
0.059379	0.648543
0.059379	0.602579
0.066815	0.594623
0.066815	0.639887
0.066815	0.601365
0.066815	0.602305
0.128739	0.612535
0.128739	0.597428
0.128739	0.646134
0.128739	0.649864
0.128739	0.675003
0.128739	0.688880
0.128739	0.653729
0.128739	0.692126
0.128739	0.711889
0.048907	0.728132
0.048907	0.717347
0.048907	0.715955
0.048907	0.629382
0.048907	0.645151
0.048907	0.646019
0.048907	0.639181
0.160632	0.635262
0.160632	0.664821
0.160632	0.699192
0.160632	0.679510
0.160632	0.667136
0.160632	0.573992
0.160632	0.551796
0.160632	0.556169
0.105761	0.558774
0.105761	0.547226
0.105761	0.601174
0.105761	0.643103
0.105761	0.549480
0.105761	0.551482
0.183484	0.545464
0.183484	0.544535
0.183484	0.546385
0.183484	0.573227
0.183484	0.544133
0.183484	0.569577
0.183484	0.552818
0.183484	0.563114
0.183484	0.562920
0.183484	0.566222
0.183484	0.579806
0.183484	0.598291
0.060459	0.562701
0.060459	0.589749
0.060459	0.585401
0.060459	0.561339
0.060459	0.610602
0.060459	0.569663
0.060459	0.581759
0.060459	0.576156
0.060459	0.571257
0.054976	0.575553
0.054976	0.584083
0.054976	0.575157
0.054976	0.581146
0.054976	0.577293
0.054976	0.617258
0.068502	0.582299
0.068502	0.572538
0.068502	0.588321
0.068502	0.591282
0.068502	0.588262
0.068502	0.591699
0.068502	0.587058
0.068502	0.604763
0.068502	0.649696
0.068502	0.641023
0.068502	0.648534
0.068502	0.646273
0.056490	0.626563
0.056490	0.641327
0.056490	0.670957
0.056490	0.638358
0.056490	0.584414
0.056490	0.570758
0.114882	0.574672
0.114882	0.576564
0.114882	0.572529
0.114882	0.589109
0.114882	0.609427
0.114882	0.596687
0.114882	0.585739
0.074673	0.597881
0.074673	0.627186
0.074673	0.605262
0.074673	0.592631
0.074673	0.599293
0.074673	0.612135
0.074673	0.660009
0.074673	0.669341
0.170040	0.659224
0.170040	0.662378
0.170040	0.653220
0.170040	0.648549
0.170040	0.673809
0.170040	0.651826
0.055441	0.649500
0.055441	0.641418
0.055441	0.623347
0.055441	0.611617
0.055441	0.619496
0.055441	0.597275
0.055441	0.606493
0.055441	0.611011
0.045556	0.623504
0.045556	0.658915
0.045556	0.653600
0.045556	0.669771
0.045556	0.677675
0.045556	0.682022
0.045556	0.696342
0.149197	0.692809
0.149197	0.706286
0.149197	0.758009
0.149197	0.656882
0.149197	0.657090
0.149197	0.656189
0.149197	0.672958
0.149197	0.641211
0.101619	0.647895
0.101619	0.687937
0.101619	0.641555
0.101619	0.576458
0.101619	0.581531
0.101619	0.593927
0.308299	0.626458
0.308299	0.587951
0.308299	0.605564
0.308299	0.599468
0.308299	0.604959
0.308299	0.603766
0.308299	0.624387
0.308299	0.612397
0.308299	0.657464
0.308299	0.674234
0.308299	0.680382
0.065305	0.722220
0.065305	0.669722
0.065305	0.763686
0.065305	0.710888
0.065305	0.667935
0.065305	0.690355
0.065305	0.680006
0.065305	0.722063
0.065305	0.693903
0.149403	0.685545
0.149403	0.697250
0.149403	0.690287
0.149403	0.645422
0.149403	0.682723
0.149403	0.695249
0.149403	0.698900
0.174993	0.697623
0.174993	0.722411
0.174993	0.727968
0.174993	0.727661
0.244247	0.719003
0.244247	0.726998
0.244247	0.723746
0.244247	0.728941
0.244247	0.739270
0.244247	0.646228
0.189084	0.661166
0.189084	0.638289
0.189084	0.627462
0.189084	0.646651
0.189084	0.652042
0.189084	0.699484
0.152552	0.638299
0.152552	0.704760
0.152552	0.645176
0.152552	0.686746
0.152552	0.636319
0.152552	0.631757
0.152552	0.611461
0.152552	0.633824
0.152552	0.666518
0.104435	0.634500
0.104435	0.664514
0.104435	0.638068
0.104435	0.614878
0.104435	0.612965
0.104435	0.619205
0.104435	0.626605
0.104435	0.624067
0.104435	0.636052
0.104435	0.633307
0.104435	0.682819
0.104435	0.659490
0.173984	0.722714
0.173984	0.576395
0.173984	0.576132
0.173984	0.569012
0.173984	0.571015
0.173984	0.577960
0.173984	0.572057
0.313253	0.577886
0.313253	0.615729
0.313253	0.609573
0.313253	0.619022
0.313253	0.621070
0.313253	0.623065
0.313253	0.556626
0.313253	0.551134
0.113185	0.554848
0.113185	0.555771
0.113185	0.555549
0.113185	0.557463
0.113185	0.556687
0.113185	0.579753
0.256909	0.576185
0.256909	0.583134
0.256909	0.584634
0.256909	0.587744
0.256909	0.593689
0.085035	0.573704
0.085035	0.572711
0.085035	0.575365
0.085035	0.580407
0.085035	0.580074
0.085035	0.578981
0.085035	0.595188
0.085035	0.600149
0.085035	0.592278
0.085035	0.588960
0.085035	0.602036
0.085035	0.589764
0.288318	0.568536
0.288318	0.565360
0.288318	0.588033
0.288318	0.576622
0.288318	0.563443
0.288318	0.584176
0.288318	0.571550
0.288318	0.606285
0.288318	0.584222
0.131739	0.643801
0.131739	0.621565
0.131739	0.590855
0.131739	0.586894
0.131739	0.616736
0.131739	0.620878
0.131739	0.604461
0.165766	0.549390
0.165766	0.564547
0.165766	0.569151
0.165766	0.583654
0.165766	0.614787
0.165766	0.650164
0.165766	0.620748
0.128208	0.688889
0.128208	0.683830
0.128208	0.681544
0.128208	0.719373
0.128208	0.734075
0.128208	0.717723
0.128208	0.731320
0.128208	0.661957
0.128208	0.692304
0.077254	0.672693
0.077254	0.677694
0.077254	0.708859
0.077254	0.710897
0.077254	0.679239
0.164164	0.704502
0.164164	0.731148
0.164164	0.625239
0.164164	0.687375
0.164164	0.697920
0.164164	0.680271
0.164164	0.684389
0.164164	0.718173
0.095534	0.717959
0.095534	0.734280
0.095534	0.702091
0.095534	0.606556
0.095534	0.664489
0.095534	0.597544
0.095534	0.632386
0.095534	0.675104
0.095534	0.635316
0.056801	0.611583
0.056801	0.584853
0.056801	0.628913
0.056801	0.648531
0.056801	0.665468
0.056801	0.652792
0.056801	0.663956
0.056801	0.679480
0.056801	0.697020
0.056801	0.720611
0.039058	0.734498
0.039058	0.739396
0.039058	0.586273
0.039058	0.580297
0.039058	0.580288
0.039058	0.570606
0.039058	0.584690
0.039058	0.594019
0.171810	0.580793
0.171810	0.617337
0.171810	0.584016
0.171810	0.610172
0.171810	0.583004
0.171810	0.589401
0.171810	0.579565
0.171810	0.587965
0.087376	0.593145
0.087376	0.559491
0.087376	0.573663
0.087376	0.553685
0.087376	0.554852
0.087376	0.582346
0.087376	0.580701
0.221973	0.597667
0.221973	0.582592
0.221973	0.568146
0.221973	0.579248
0.221973	0.587576
0.261781	0.562476
0.261781	0.567397
0.261781	0.558772
0.261781	0.596356
0.261781	0.589875
0.261781	0.597020
0.138279	0.592544
0.138279	0.596851
0.138279	0.632123
0.138279	0.634238
0.138279	0.623617
0.138279	0.687805
0.138279	0.665381
0.138279	0.683904
0.138279	0.706238
0.119869	0.581561
0.119869	0.572326
0.119869	0.599410
0.119869	0.605699
0.335130	0.597560
0.335130	0.596123
0.335130	0.578604
0.335130	0.586215
0.335130	0.594868
0.335130	0.631637
0.335130	0.585863
0.335130	0.582654
0.095296	0.568789
0.095296	0.599565
0.095296	0.580654
0.095296	0.645522
0.095296	0.564345
0.095296	0.653509
0.095296	0.593652
0.381318	0.677764
0.381318	0.698607
0.381318	0.706512
0.381318	0.719871
0.381318	0.672004
0.381318	0.684956
0.381318	0.645412
0.381318	0.663525
0.381318	0.693317
0.381318	0.602700
0.381318	0.626390
0.381318	0.607711
0.087283	0.659963
0.087283	0.648640
0.087283	0.638227
0.087283	0.642266
0.087283	0.634086
0.087283	0.631437
0.087283	0.660211
0.080321	0.642976
0.080321	0.677483
0.080321	0.659504
0.080321	0.601197
0.080321	0.586076
0.080321	0.596462
0.080321	0.617638
0.127623	0.650472
0.127623	0.644234
0.127623	0.584789
0.127623	0.612060
0.127623	0.643155
0.127623	0.612294
0.127623	0.639310
0.284713	0.631898
0.284713	0.593638
0.284713	0.629507
0.284713	0.619985
0.284713	0.618038
0.284713	0.625386
0.284713	0.620876
0.284713	0.632238
0.284713	0.666498
0.284713	0.579540
0.151863	0.570799
0.151863	0.600245
0.151863	0.605776
0.151863	0.603222
0.151863	0.685007
0.151863	0.624308
0.151863	0.611823
0.151863	0.612370
0.151863	0.621287
0.151863	0.601026
0.151863	0.592595
0.443018	0.702137
0.443018	0.683649
0.443018	0.709474
0.443018	0.711397
0.443018	0.709629
0.443018	0.703674
0.443018	0.701694
0.443018	0.733322
0.129114	0.732030
0.129114	0.744807
0.129114	0.761352
0.129114	0.676960
0.129114	0.681532
0.161133	0.708963
0.161133	0.738739
0.161133	0.678537
0.161133	0.724687
0.161133	0.714828
0.161133	0.667082
0.097115	0.738079
0.097115	0.651679
0.097115	0.671189
0.097115	0.692948
0.097115	0.690992
0.097115	0.704932
0.097115	0.736280
