Ground Truth	Predictions
0.506019	0.820524
0.506019	0.692104
0.506019	0.652921
0.506019	0.647710
0.506019	0.705223
0.506019	0.676240
0.506019	0.757334
0.217013	0.654072
0.217013	0.729389
0.217013	0.674727
0.217013	0.644213
0.217013	0.708912
0.217013	0.645550
0.217013	0.657040
0.165239	0.701460
0.165239	0.689329
0.165239	0.686965
0.165239	0.671210
0.165239	0.737129
0.165239	0.709258
0.165239	0.733304
0.165239	0.748458
0.122942	0.756416
0.122942	0.686714
0.122942	0.689826
0.122942	0.638133
0.122942	0.640191
0.122942	0.713203
0.122942	0.706505
0.122942	0.710607
0.122942	0.685473
0.122942	0.699138
0.122942	0.599753
0.012692	0.577683
0.012692	0.572513
0.012692	0.575896
0.012692	0.585886
0.012692	0.686495
0.012692	0.585400
0.012692	0.579473
0.029130	0.590642
0.029130	0.583872
0.029130	0.586512
0.029130	0.589091
0.074827	0.631286
0.074827	0.656270
0.074827	0.631108
0.074827	0.642528
0.074827	0.658792
0.074827	0.680756
0.074827	0.705312
0.074827	0.687566
0.074827	0.686047
0.074827	0.719053
0.074827	0.619959
0.074827	0.647064
0.028421	0.583307
0.028421	0.598288
0.028421	0.599307
0.028421	0.621773
0.028421	0.680390
0.028421	0.604871
0.028421	0.700839
0.028421	0.606166
0.028421	0.620724
0.028421	0.688699
0.028421	0.607804
0.028421	0.596300
0.028421	0.591676
0.028421	0.590204
0.037408	0.598119
0.037408	0.614782
0.037408	0.604840
0.037408	0.603725
0.037408	0.611687
0.037408	0.623333
0.037408	0.703874
0.037408	0.640088
0.037408	0.565421
0.040920	0.575811
0.040920	0.564526
0.040920	0.568449
0.040920	0.618646
0.040920	0.660201
0.040920	0.664458
0.040920	0.569849
0.040920	0.569701
0.049408	0.560172
0.049408	0.564174
0.049408	0.565629
0.049408	0.574105
0.049408	0.586323
0.049408	0.639079
0.049408	0.606598
0.049408	0.602788
0.156344	0.604432
0.156344	0.604689
0.156344	0.609939
0.156344	0.641657
0.156344	0.649555
0.156344	0.659601
0.156344	0.663455
0.206792	0.676348
0.206792	0.699220
0.206792	0.712921
0.206792	0.708012
0.206792	0.709570
0.206792	0.715285
0.206792	0.724889
0.206792	0.606886
0.254587	0.616275
0.254587	0.605101
0.254587	0.616086
0.254587	0.659649
0.254587	0.668826
0.254587	0.673651
0.254587	0.686261
0.254587	0.673055
0.254587	0.597575
0.226368	0.596584
0.226368	0.586613
0.226368	0.588124
0.226368	0.593713
0.226368	0.588171
0.226368	0.588061
0.226368	0.601697
0.226368	0.598298
0.182450	0.614381
0.182450	0.632325
0.182450	0.628708
0.182450	0.639649
0.182450	0.676504
0.182450	0.685742
0.182450	0.676948
0.182450	0.692994
0.182450	0.674985
0.182450	0.584791
0.182450	0.578528
0.358116	0.569513
0.358116	0.589851
0.358116	0.570705
0.358116	0.595300
0.358116	0.655468
0.358116	0.593101
0.358116	0.590477
0.358116	0.593509
0.358116	0.601669
0.106240	0.564518
0.106240	0.562015
0.106240	0.567925
0.106240	0.586417
0.106240	0.593768
0.106240	0.612932
0.106240	0.620717
0.106240	0.683289
0.106240	0.643346
0.073575	0.626844
0.073575	0.665626
0.073575	0.636623
0.073575	0.650864
0.073575	0.676860
0.073575	0.709081
0.073575	0.694755
0.073575	0.704305
0.073575	0.662408
0.073575	0.605039
0.073575	0.634285
0.073575	0.592760
0.202252	0.608517
0.202252	0.636149
0.202252	0.599029
0.202252	0.604747
0.202252	0.613793
0.202252	0.630662
0.202252	0.596058
0.202252	0.579718
0.214186	0.659934
0.214186	0.592575
0.214186	0.645527
0.214186	0.688079
0.214186	0.665686
0.214186	0.714833
0.214186	0.696595
0.214186	0.700979
0.214186	0.707579
0.214186	0.705074
0.214186	0.628210
0.097122	0.658840
0.097122	0.670347
0.097122	0.738132
0.097122	0.730162
0.097122	0.698926
0.132651	0.693626
0.132651	0.706637
0.132651	0.671026
0.132651	0.819385
0.132651	0.708607
0.132651	0.689548
0.132651	0.725528
0.132651	0.710623
0.148027	0.687322
0.148027	0.798023
0.148027	0.683706
0.148027	0.697324
0.148027	0.668311
0.148027	0.664931
0.148027	0.702223
0.148027	0.660480
0.244668	0.649384
0.244668	0.681101
0.244668	0.654434
0.244668	0.628159
0.244668	0.588750
0.244668	0.584313
0.244668	0.683165
0.218048	0.596679
0.218048	0.701928
0.218048	0.663459
0.218048	0.636067
0.218048	0.597679
0.218048	0.610989
0.218048	0.613567
0.218048	0.608845
0.172483	0.622309
0.172483	0.606809
0.172483	0.597365
0.172483	0.607736
0.172483	0.607109
0.172483	0.610762
0.172483	0.608657
0.262263	0.656466
0.262263	0.661491
0.262263	0.599511
0.262263	0.633253
0.262263	0.600739
0.296784	0.630331
0.296784	0.708870
0.296784	0.573337
0.296784	0.570990
0.296784	0.561911
0.296784	0.565816
0.296784	0.568197
0.296784	0.560677
0.253880	0.604668
0.253880	0.633679
0.253880	0.619967
0.253880	0.632610
0.253880	0.645084
0.253880	0.650145
0.253880	0.632245
0.253880	0.626743
0.253880	0.690052
0.253880	0.618467
0.253880	0.644830
0.116882	0.635431
0.116882	0.641410
0.116882	0.667073
0.116882	0.677922
0.116882	0.660161
0.116882	0.697403
0.116882	0.678816
0.116882	0.584273
0.116882	0.603034
0.140347	0.583872
0.140347	0.583821
0.140347	0.636450
0.140347	0.645854
0.140347	0.663008
0.140347	0.651797
0.140347	0.651964
0.140347	0.587011
0.273564	0.571395
0.273564	0.572412
0.273564	0.583722
0.273564	0.563529
0.273564	0.557805
0.236888	0.569003
0.236888	0.615234
0.236888	0.610407
0.236888	0.633517
0.236888	0.620667
0.236888	0.626672
0.236888	0.614260
0.236888	0.612006
0.122869	0.661088
0.122869	0.625390
0.122869	0.575055
0.122869	0.602026
0.122869	0.588099
0.122869	0.587563
0.122869	0.656163
0.122869	0.656315
0.175466	0.655189
0.175466	0.664198
0.175466	0.602662
0.175466	0.546554
0.175466	0.584923
0.175466	0.547442
0.175466	0.553103
0.175466	0.572027
0.126822	0.630928
0.126822	0.565964
0.126822	0.650729
0.126822	0.562595
0.126822	0.563481
0.126822	0.561867
0.126822	0.561474
0.126822	0.560762
0.126822	0.558333
0.119771	0.561064
0.119771	0.572176
0.119771	0.557835
0.119771	0.560432
0.119771	0.571029
0.119771	0.571988
0.119771	0.569919
0.086255	0.561086
0.086255	0.598146
0.086255	0.568892
0.086255	0.540206
0.086255	0.544125
0.086255	0.543144
0.086255	0.547761
0.086255	0.615042
0.021314	0.588588
0.021314	0.540827
0.021314	0.544936
0.021314	0.539347
0.021314	0.544865
0.021314	0.557082
0.021314	0.537714
0.021314	0.553474
0.021314	0.558302
0.047038	0.559447
0.047038	0.566651
0.047038	0.554303
0.047038	0.555833
0.047038	0.560909
0.047038	0.559804
0.047038	0.553453
0.047038	0.581553
0.047038	0.591598
0.016124	0.641169
0.016124	0.636776
0.016124	0.589705
0.016124	0.615788
0.016124	0.587101
0.016124	0.585042
0.016124	0.577055
0.016124	0.635836
0.025609	0.594671
0.025609	0.682158
0.025609	0.635280
0.025609	0.634606
0.025609	0.620925
0.025609	0.602047
0.025609	0.595968
0.057732	0.573079
0.057732	0.627691
0.057732	0.572536
0.057732	0.650221
0.057732	0.603128
0.057732	0.607266
0.057732	0.589722
0.057732	0.611314
0.057732	0.601611
0.016672	0.592690
0.016672	0.579888
0.016672	0.581452
0.016672	0.594591
0.016672	0.559743
0.016672	0.574632
0.016672	0.558698
0.016672	0.637839
0.037744	0.556101
0.037744	0.650054
0.037744	0.569967
0.037744	0.583962
0.073831	0.556139
0.073831	0.561209
0.073831	0.555847
0.073831	0.661398
0.073831	0.624502
0.073831	0.622009
0.073831	0.609978
0.073831	0.569729
0.045880	0.616591
0.045880	0.556313
0.045880	0.644016
0.045880	0.655219
0.045880	0.611342
0.045880	0.635574
0.045880	0.618937
0.045880	0.610708
0.045880	0.673750
0.045880	0.602283
0.115283	0.596936
0.115283	0.592726
0.115283	0.634108
0.115283	0.632843
0.115283	0.676784
0.115283	0.586274
0.115283	0.607753
0.115283	0.565294
0.051067	0.565766
0.051067	0.648285
0.051067	0.657492
0.051067	0.619012
0.051067	0.574753
0.051067	0.586342
0.051067	0.619633
0.051067	0.600379
0.078521	0.603928
0.078521	0.613176
0.078521	0.636255
0.078521	0.624108
0.078521	0.688801
0.078521	0.672760
0.078521	0.610118
0.078521	0.611709
0.063933	0.604383
0.063933	0.602457
0.063933	0.605889
0.063933	0.670628
0.063933	0.625545
0.063933	0.643467
0.063933	0.626049
0.063933	0.658531
0.063933	0.623274
0.063933	0.628656
0.063933	0.660320
0.138001	0.659598
0.138001	0.668148
0.138001	0.672583
0.138001	0.681595
0.138001	0.698375
0.138001	0.678093
0.138001	0.702158
0.099167	0.666282
0.099167	0.651790
0.099167	0.676358
0.099167	0.664539
0.099167	0.672679
0.099167	0.674693
0.099167	0.701680
0.099167	0.688151
0.119357	0.704528
0.119357	0.710090
0.119357	0.609428
0.119357	0.624308
0.119357	0.611867
0.119357	0.625419
0.270835	0.628079
0.270835	0.607600
0.270835	0.646871
0.270835	0.639456
0.270835	0.661802
0.270835	0.690332
0.270835	0.634947
0.213214	0.706779
0.213214	0.632168
0.213214	0.660002
0.213214	0.699594
0.213214	0.679277
0.213214	0.737043
0.213214	0.745339
0.213214	0.651657
0.213214	0.701428
0.213214	0.693763
0.213214	0.724575
0.423022	0.744349
0.423022	0.667651
0.423022	0.713875
0.423022	0.685216
0.423022	0.714196
0.423022	0.684287
0.423022	0.697440
0.423022	0.679248
0.423022	0.678623
0.423022	0.699510
0.423022	0.713526
0.215259	0.704729
0.215259	0.711483
0.215259	0.716464
0.215259	0.692001
0.215259	0.677536
0.215259	0.669041
0.215259	0.687548
0.215259	0.690592
0.374875	0.711093
0.374875	0.707973
0.374875	0.723515
0.374875	0.707113
0.374875	0.650831
0.374875	0.637460
0.374875	0.639030
0.374875	0.644118
0.374875	0.623504
0.374875	0.624733
0.374875	0.649412
0.374875	0.659694
0.287105	0.656737
0.287105	0.694587
0.287105	0.688754
0.287105	0.685310
0.287105	0.761058
0.287105	0.752359
0.287105	0.667205
0.287105	0.648884
0.168988	0.664255
0.168988	0.682648
0.168988	0.672363
0.168988	0.642647
0.168988	0.644576
0.168988	0.675067
0.168988	0.643251
0.168988	0.651895
0.069952	0.653990
0.069952	0.647273
0.069952	0.688754
0.069952	0.682577
0.069952	0.732987
0.069952	0.697513
0.069952	0.688545
0.069952	0.698400
0.084160	0.710708
0.084160	0.727567
0.084160	0.716852
0.084160	0.714925
0.084160	0.728305
0.084160	0.674107
0.084160	0.678719
0.084160	0.665395
0.084160	0.661952
0.084160	0.695897
0.084160	0.712304
0.038757	0.733279
0.038757	0.725676
0.038757	0.617469
0.038757	0.594982
0.038757	0.589603
0.038757	0.599955
0.038757	0.596933
0.038757	0.665988
0.038757	0.684978
0.053312	0.594358
0.053312	0.592987
0.053312	0.576370
0.053312	0.577882
0.053312	0.588317
0.053312	0.621437
0.053312	0.584803
0.030882	0.631047
0.030882	0.594681
0.030882	0.595943
0.030882	0.615562
0.019485	0.615555
0.019485	0.640570
0.019485	0.661038
0.019485	0.620770
0.019485	0.674935
0.019485	0.654599
0.019485	0.616951
0.019485	0.681380
0.019485	0.635956
0.030904	0.654840
0.030904	0.612760
0.030904	0.603477
0.030904	0.603207
0.030904	0.611548
0.030904	0.608048
0.030904	0.622465
0.030904	0.617951
0.030904	0.672273
0.067572	0.609308
0.067572	0.601308
0.067572	0.606259
0.067572	0.610816
0.067572	0.624334
0.067572	0.640492
0.067572	0.637645
0.067572	0.672916
0.067572	0.662626
0.067572	0.658172
0.067572	0.658666
0.287926	0.663602
0.287926	0.654178
0.287926	0.650677
0.287926	0.674043
0.287926	0.645784
0.287926	0.596376
0.287926	0.595473
0.287926	0.592754
0.287926	0.599309
0.332182	0.604656
0.332182	0.616532
0.332182	0.632684
0.332182	0.613089
0.332182	0.605783
0.332182	0.606546
0.332182	0.643606
0.332182	0.630726
0.332182	0.629879
0.509071	0.639757
0.509071	0.665468
0.509071	0.668500
0.509071	0.672530
0.509071	0.662401
0.509071	0.667847
0.509071	0.667138
0.509071	0.652571
0.691265	0.671248
0.691265	0.654316
0.691265	0.656837
0.691265	0.663533
0.691265	0.645502
0.691265	0.646253
0.691265	0.619004
0.691265	0.612185
0.756880	0.616989
0.756880	0.626076
0.756880	0.645011
0.756880	0.662247
0.756880	0.673601
0.756880	0.656595
0.756880	0.662186
0.610256	0.659586
0.610256	0.676247
0.610256	0.681429
0.610256	0.681124
0.489520	0.745885
0.489520	0.671938
0.489520	0.677889
0.489520	0.678444
0.489520	0.685556
0.489520	0.676410
0.489520	0.669893
0.489520	0.685580
0.195241	0.668527
0.195241	0.594688
0.195241	0.605230
0.195241	0.613509
0.195241	0.639261
0.195241	0.610279
0.195241	0.619744
0.195241	0.623006
0.631670	0.627690
0.631670	0.630816
0.631670	0.643085
0.631670	0.638877
0.631670	0.664084
0.631670	0.683632
0.631670	0.686407
0.631670	0.709799
0.198754	0.682460
0.198754	0.760687
0.198754	0.697905
0.198754	0.676124
0.198754	0.683724
0.198754	0.681141
0.198754	0.700148
0.198754	0.691298
0.198754	0.678887
0.198754	0.692570
0.198754	0.685381
0.293047	0.694707
0.293047	0.685481
0.293047	0.686902
0.293047	0.690126
0.293047	0.686606
0.293047	0.702103
0.293047	0.711785
0.293047	0.713664
0.293047	0.707408
0.160661	0.701348
0.160661	0.705309
0.160661	0.715962
0.160661	0.724250
0.160661	0.664713
0.160661	0.669939
0.057274	0.656494
0.057274	0.654023
0.057274	0.671475
0.057274	0.658590
0.057274	0.700509
0.057274	0.653635
0.057274	0.702015
0.057274	0.658036
0.034187	0.697581
0.034187	0.661558
0.034187	0.664196
0.034187	0.649123
0.034187	0.659444
0.034187	0.700438
0.034187	0.689986
0.030899	0.695581
0.030899	0.657922
0.030899	0.649454
0.030899	0.639520
0.030899	0.641835
0.030899	0.662350
0.030899	0.647359
0.124290	0.665346
0.124290	0.665407
0.124290	0.697297
0.124290	0.684356
0.124290	0.718610
0.124290	0.625913
0.124290	0.616889
0.081529	0.611449
0.081529	0.626527
0.081529	0.626661
0.081529	0.623197
0.081529	0.635762
0.081529	0.650001
0.150322	0.650408
0.150322	0.654221
0.150322	0.657503
0.150322	0.669379
0.150322	0.605219
0.150322	0.595803
0.150322	0.596807
0.150322	0.606419
0.150322	0.615209
0.150322	0.623972
0.150322	0.623790
0.150322	0.605366
0.150322	0.604093
0.150322	0.608980
0.065301	0.615580
0.065301	0.623170
0.065301	0.620922
0.065301	0.599633
0.065301	0.604531
0.065301	0.605158
0.065301	0.613317
0.065301	0.619916
0.070047	0.626525
0.070047	0.664835
0.070047	0.672366
0.070047	0.629541
0.485242	0.648064
0.485242	0.646491
0.485242	0.640392
0.485242	0.601525
0.485242	0.604559
0.485242	0.621658
0.485242	0.619476
0.485242	0.611932
0.138871	0.628566
0.138871	0.625916
0.138871	0.650390
0.138871	0.641653
0.138871	0.670998
0.138871	0.663271
0.138871	0.637574
0.138871	0.638774
0.138871	0.665893
0.163600	0.673872
0.163600	0.676023
0.163600	0.642740
0.163600	0.666880
0.163600	0.671086
0.163600	0.688114
0.163600	0.703742
0.163600	0.720164
0.069667	0.705814
0.069667	0.697009
0.069667	0.699709
0.069667	0.692343
0.069667	0.711150
0.069667	0.734143
0.069667	0.721626
0.069667	0.730014
0.069667	0.739410
0.041339	0.695192
0.041339	0.686203
0.041339	0.682768
0.041339	0.700132
0.041339	0.705278
0.041339	0.694766
0.041030	0.719902
0.041030	0.716946
0.041030	0.717307
0.041030	0.689163
0.041030	0.692689
0.041030	0.682207
0.041030	0.687258
0.125220	0.706195
0.125220	0.711176
0.125220	0.724247
0.125220	0.729004
0.125220	0.712157
0.125220	0.681234
0.125220	0.641078
0.125220	0.660108
0.125220	0.689961
0.024493	0.667460
0.024493	0.653479
0.024493	0.638154
0.024493	0.674002
0.024493	0.660332
0.024493	0.676295
0.024493	0.664775
0.024493	0.674617
0.024493	0.692678
0.070377	0.706247
0.070377	0.714462
0.070377	0.718553
0.070377	0.721525
0.200586	0.646586
0.200586	0.630554
0.200586	0.617521
0.200586	0.619851
0.200586	0.645971
0.200586	0.655354
0.200586	0.639935
0.200586	0.674859
0.200586	0.646550
0.152079	0.675581
0.152079	0.655235
0.152079	0.629697
0.152079	0.621500
0.152079	0.622302
0.152079	0.633092
0.152079	0.633281
0.152079	0.646881
0.152079	0.623992
0.077841	0.624324
0.077841	0.655257
0.077841	0.658203
0.077841	0.665375
0.077841	0.643655
0.077841	0.633110
0.077841	0.641599
0.077841	0.647581
0.077841	0.622914
0.026886	0.624049
0.026886	0.618788
0.026886	0.644659
0.026886	0.648064
0.147348	0.646144
0.147348	0.643699
0.147348	0.657121
0.147348	0.665869
0.147348	0.670743
0.147348	0.669397
0.147348	0.677163
0.147348	0.674154
0.147348	0.675000
0.147348	0.685522
0.147348	0.619631
0.068336	0.609910
0.068336	0.635753
0.068336	0.651470
0.068336	0.631127
0.077979	0.632296
0.077979	0.607230
0.077979	0.621037
0.077979	0.628655
0.077979	0.665675
0.077979	0.623916
0.077979	0.626731
0.077979	0.639102
0.077979	0.667788
0.077979	0.650449
0.077979	0.700356
0.077979	0.634682
0.077979	0.700677
0.077979	0.660037
0.058475	0.674944
0.058475	0.691003
0.058475	0.690112
0.058475	0.717764
0.058475	0.679773
0.058475	0.686727
0.058475	0.657860
0.052603	0.663996
0.052603	0.688169
0.052603	0.633849
0.052603	0.682219
0.052603	0.639329
0.052603	0.690360
0.052603	0.650868
0.052603	0.646772
0.052603	0.643248
0.066411	0.638376
0.066411	0.644449
0.066411	0.663459
0.066411	0.652362
0.066411	0.687376
0.066411	0.685616
0.066411	0.631209
0.066411	0.621548
0.066411	0.623708
0.066411	0.648286
0.066411	0.676987
0.066411	0.671724
0.066411	0.628069
0.066411	0.647391
0.076021	0.666779
0.076021	0.661969
0.076021	0.667195
0.076021	0.663291
0.076021	0.653811
0.076021	0.659241
0.076021	0.660479
0.076021	0.661116
0.051895	0.663291
0.051895	0.662963
0.051895	0.663558
0.051895	0.669928
0.051895	0.644656
0.051895	0.637334
0.051895	0.659588
0.051895	0.667626
0.051895	0.669599
0.036529	0.686758
0.036529	0.676508
0.036529	0.647699
0.036529	0.654350
0.047617	0.657734
0.047617	0.644955
0.047617	0.641636
0.047617	0.689113
0.047617	0.686903
0.047617	0.697055
0.047617	0.699417
0.047617	0.704742
0.037678	0.701442
0.037678	0.707651
0.037678	0.718849
0.037678	0.725469
0.037678	0.729484
0.037678	0.752812
0.037678	0.671596
0.037678	0.675711
0.037678	0.680389
0.016307	0.696405
0.016307	0.676411
0.016307	0.690311
0.016307	0.690828
0.016307	0.731177
0.016307	0.704611
0.016307	0.689626
0.016307	0.738261
0.020833	0.719687
0.020833	0.745202
0.020833	0.676710
0.020833	0.707815
0.020833	0.699284
0.020833	0.705694
0.020833	0.699684
0.020833	0.720632
0.020833	0.705347
0.020833	0.750531
0.054010	0.704387
0.054010	0.690883
0.054010	0.699680
0.054010	0.657763
0.054010	0.666202
0.054010	0.671809
0.054010	0.655858
0.054010	0.660658
0.079342	0.672446
0.079342	0.651251
0.079342	0.670878
0.079342	0.656584
0.079342	0.658049
0.079342	0.662152
0.079342	0.679581
0.079342	0.687472
0.079342	0.683656
0.115697	0.682541
0.115697	0.682676
0.115697	0.746987
0.115697	0.739078
0.115697	0.655964
0.115697	0.636867
0.115697	0.664184
0.115697	0.688819
0.071992	0.665515
0.071992	0.676712
0.071992	0.675923
0.071992	0.703423
0.071992	0.710657
0.071992	0.724210
0.071992	0.712121
0.071992	0.691891
0.071992	0.689910
0.071992	0.700636
0.071992	0.697884
0.032444	0.725804
0.032444	0.693650
0.032444	0.733179
0.032444	0.707981
0.032444	0.715348
0.032444	0.704256
0.032444	0.690199
0.046206	0.724903
0.046206	0.733449
0.046206	0.734618
0.046206	0.754757
0.046206	0.756653
0.046206	0.683722
0.046206	0.682188
0.046206	0.678586
0.046206	0.720035
0.048961	0.732546
0.048961	0.718517
0.048961	0.689148
0.048961	0.707205
0.175001	0.674362
0.175001	0.677155
0.175001	0.673692
0.175001	0.673449
0.175001	0.679081
0.175001	0.660949
0.175001	0.655853
0.075497	0.651069
0.075497	0.696406
0.075497	0.696937
0.075497	0.696491
0.075497	0.693922
0.075497	0.697492
0.075497	0.715550
0.037417	0.712475
0.037417	0.709305
0.037417	0.710352
0.037417	0.709864
0.037417	0.672306
0.037417	0.655423
0.117987	0.674145
0.117987	0.715276
0.117987	0.630736
0.117987	0.633661
0.117987	0.672417
0.117987	0.629273
0.117987	0.670142
0.117987	0.649810
0.117987	0.663753
0.047090	0.667294
0.047090	0.667456
0.047090	0.700544
0.047090	0.694457
0.047090	0.693846
0.047090	0.710058
0.047090	0.720339
0.047090	0.716404
0.047090	0.711156
0.015237	0.710666
0.015237	0.710521
0.015237	0.685723
0.015237	0.687751
0.015237	0.657294
0.015237	0.651829
0.015237	0.683521
0.026046	0.658558
0.026046	0.683622
0.026046	0.686651
0.026046	0.690882
0.026046	0.673967
0.026046	0.646827
0.026046	0.667838
0.026046	0.671077
0.026046	0.690710
0.026046	0.683229
0.026046	0.691905
0.020968	0.652006
0.020968	0.686862
0.020968	0.632284
0.020968	0.654630
0.020968	0.621744
0.020968	0.617411
0.020968	0.675495
0.020968	0.668808
0.020968	0.670730
0.035931	0.682766
0.035931	0.594354
0.035931	0.587730
0.035931	0.589327
0.035931	0.586088
0.035931	0.589177
0.035931	0.587271
0.035931	0.617403
0.035931	0.585850
0.021171	0.557101
0.021171	0.557949
0.021171	0.558731
0.021171	0.602174
0.021171	0.591859
0.021171	0.595852
0.021171	0.610647
0.026763	0.611020
0.026763	0.625406
0.026763	0.613102
0.026763	0.647539
0.026763	0.651805
0.026763	0.670493
0.026763	0.672117
0.026763	0.666505
0.026763	0.590043
0.076489	0.578426
0.076489	0.575323
0.076489	0.571837
0.076489	0.573858
0.076489	0.576580
0.076489	0.569525
0.076489	0.617746
0.076489	0.608056
0.076489	0.603504
0.076489	0.603602
0.066927	0.648975
0.066927	0.613129
0.066927	0.645074
0.066927	0.671524
0.066927	0.621620
0.066927	0.610700
0.066927	0.608392
0.066927	0.612000
0.066927	0.620504
0.066927	0.616307
0.089305	0.625255
0.089305	0.616892
0.089305	0.611540
0.089305	0.608975
0.089305	0.598312
0.089305	0.599717
0.089305	0.603902
0.089305	0.603529
0.089305	0.625029
0.089305	0.617667
0.048318	0.612384
0.048318	0.616888
0.048318	0.622403
0.048318	0.617781
0.048318	0.621030
0.048318	0.654351
0.048318	0.648386
0.048318	0.656442
0.048318	0.657397
0.048318	0.666307
0.077876	0.669428
0.077876	0.661790
0.077876	0.648887
0.077876	0.672509
0.077876	0.649666
0.077876	0.634116
0.077876	0.630400
0.077876	0.637062
0.077876	0.653946
0.077876	0.678723
