Ground Truth	Predictions
0.090008	0.753844
0.090008	0.625810
0.090008	0.589255
0.090008	0.598418
0.090008	0.675208
0.090008	0.600044
0.090008	0.734730
0.090008	0.593349
0.048289	0.721237
0.048289	0.600126
0.048289	0.598079
0.048289	0.664202
0.048289	0.598087
0.048289	0.604483
0.048289	0.612825
0.048289	0.611230
0.048289	0.605573
0.048289	0.596113
0.116190	0.656703
0.116190	0.622402
0.116190	0.639836
0.116190	0.665691
0.116190	0.685492
0.116190	0.607368
0.116190	0.614531
0.116190	0.577347
0.116190	0.579074
0.091805	0.645368
0.091805	0.636325
0.091805	0.630042
0.091805	0.631571
0.091805	0.632270
0.091805	0.582206
0.091805	0.575450
0.091805	0.570997
0.091805	0.573447
0.198635	0.585230
0.198635	0.656537
0.198635	0.566925
0.198635	0.567404
0.198635	0.566858
0.198635	0.567641
0.198635	0.572276
0.094167	0.575051
0.094167	0.598002
0.094167	0.608210
0.094167	0.590541
0.094167	0.600795
0.160863	0.605884
0.160863	0.621737
0.160863	0.654750
0.160863	0.627341
0.160863	0.635138
0.160863	0.651123
0.160863	0.584848
0.079857	0.609910
0.079857	0.569229
0.079857	0.579598
0.079857	0.580953
0.079857	0.582033
0.079857	0.639939
0.079857	0.584650
0.079857	0.684513
0.122970	0.584404
0.122970	0.584653
0.122970	0.634116
0.122970	0.604761
0.122970	0.603889
0.122970	0.596248
0.122970	0.595612
0.122970	0.615829
0.150741	0.592926
0.150741	0.589056
0.150741	0.586221
0.150741	0.594248
0.150741	0.598419
0.150741	0.702426
0.150741	0.616394
0.150741	0.556303
0.150741	0.560629
0.183610	0.555741
0.183610	0.558257
0.183610	0.584078
0.183610	0.684784
0.183610	0.684919
0.151249	0.562284
0.151249	0.564539
0.151249	0.561899
0.151249	0.564055
0.151249	0.565211
0.151249	0.565105
0.151249	0.577211
0.151249	0.606470
0.130758	0.608302
0.130758	0.609723
0.130758	0.606782
0.130758	0.607462
0.130758	0.635625
0.130758	0.609374
0.130758	0.617537
0.130758	0.617018
0.162241	0.618172
0.162241	0.631388
0.162241	0.650656
0.162241	0.668354
0.154463	0.647121
0.154463	0.648673
0.154463	0.655521
0.154463	0.665309
0.154463	0.579761
0.154463	0.587006
0.154463	0.579738
0.154463	0.583930
0.116582	0.615486
0.116582	0.615195
0.116582	0.616183
0.116582	0.626068
0.116582	0.648251
0.116582	0.598666
0.116582	0.601967
0.125048	0.591772
0.125048	0.593210
0.125048	0.608170
0.125048	0.580945
0.125048	0.586630
0.125048	0.585678
0.125048	0.584211
0.206624	0.581124
0.206624	0.591580
0.206624	0.585192
0.206624	0.589754
0.206624	0.622024
0.206624	0.633864
0.206624	0.617979
0.206624	0.635306
0.206624	0.623932
0.097665	0.578561
0.097665	0.578414
0.097665	0.570839
0.097665	0.583380
0.097665	0.575528
0.097665	0.596046
0.097665	0.639214
0.097665	0.584892
0.100260	0.584494
0.100260	0.582486
0.100260	0.588913
0.100260	0.575224
0.100260	0.579936
0.100260	0.583793
0.100260	0.584038
0.100260	0.590745
0.086148	0.594832
0.086148	0.599087
0.086148	0.661299
0.086148	0.635604
0.086148	0.580944
0.086148	0.604381
0.086148	0.583122
0.086148	0.589183
0.086148	0.620312
0.086148	0.645625
0.086148	0.627110
0.086148	0.637390
0.106094	0.632543
0.106094	0.597533
0.106094	0.621101
0.106094	0.590892
0.106094	0.599666
0.106094	0.631938
0.106094	0.574696
0.106094	0.580341
0.106094	0.578904
0.048331	0.587214
0.048331	0.578846
0.048331	0.574611
0.048331	0.632616
0.137353	0.585301
0.137353	0.576997
0.137353	0.618540
0.137353	0.583641
0.137353	0.669454
0.137353	0.629584
0.137353	0.640726
0.137353	0.645841
0.137353	0.654820
0.176239	0.651719
0.176239	0.605649
0.176239	0.616678
0.176239	0.674160
0.176239	0.670386
0.176239	0.641919
0.176239	0.631885
0.210555	0.649136
0.210555	0.666836
0.210555	0.745207
0.210555	0.665066
0.210555	0.614911
0.210555	0.723671
0.210555	0.685002
0.210555	0.633023
0.163720	0.736589
0.163720	0.623515
0.163720	0.644370
0.163720	0.613487
0.163720	0.612135
0.163720	0.660913
0.163720	0.613168
0.104787	0.604409
0.104787	0.643784
0.104787	0.605270
0.104787	0.586773
0.104787	0.568874
0.104787	0.568206
0.104787	0.646003
0.104787	0.572444
0.104787	0.676207
0.104787	0.619774
0.104787	0.598050
0.354714	0.586169
0.354714	0.588973
0.354714	0.593032
0.354714	0.593017
0.354714	0.604064
0.354714	0.594969
0.354714	0.572162
0.354714	0.578489
0.354714	0.572844
0.354714	0.577018
0.354714	0.578204
0.105339	0.668723
0.105339	0.667430
0.105339	0.594491
0.105339	0.618427
0.105339	0.595634
0.105339	0.613381
0.105339	0.691903
0.105339	0.560294
0.171434	0.563067
0.171434	0.559332
0.171434	0.561032
0.171434	0.564666
0.171434	0.560351
0.171434	0.588058
0.171434	0.604813
0.171434	0.603225
0.207789	0.604707
0.207789	0.610894
0.207789	0.623726
0.207789	0.608230
0.207789	0.605539
0.207789	0.659551
0.207789	0.587061
0.207789	0.603511
0.147261	0.592730
0.147261	0.594922
0.147261	0.619718
0.147261	0.626890
0.147261	0.607848
0.147261	0.640858
0.147261	0.647604
0.245731	0.562299
0.245731	0.568020
0.245731	0.561792
0.245731	0.561801
0.245731	0.587840
0.245731	0.593204
0.245731	0.607861
0.245731	0.603881
0.071081	0.627750
0.071081	0.580138
0.071081	0.575078
0.071081	0.573888
0.071081	0.580613
0.071081	0.574717
0.071081	0.577011
0.160737	0.583651
0.160737	0.585474
0.160737	0.587080
0.160737	0.590811
0.160737	0.586158
0.160737	0.597783
0.160737	0.590938
0.204347	0.587105
0.204347	0.613876
0.204347	0.593541
0.204347	0.560413
0.204347	0.566714
0.204347	0.560503
0.204347	0.560663
0.204347	0.600909
0.204347	0.598745
0.141163	0.608052
0.141163	0.612255
0.141163	0.615272
0.141163	0.553518
0.141163	0.569367
0.141163	0.553638
0.141163	0.555182
0.141163	0.565707
0.141163	0.621178
0.141163	0.565241
0.141163	0.636594
0.309011	0.561441
0.309011	0.563401
0.309011	0.561567
0.309011	0.561759
0.309011	0.565325
0.309011	0.563709
0.309011	0.567866
0.309011	0.573695
0.110441	0.559165
0.110441	0.560439
0.110441	0.560790
0.110441	0.560281
0.110441	0.565370
0.110441	0.563739
0.110441	0.583288
0.110441	0.569985
0.110441	0.544991
0.206494	0.545361
0.206494	0.544002
0.206494	0.544526
0.206494	0.641139
0.206494	0.595004
0.206494	0.544376
0.206494	0.546543
0.206494	0.543751
0.206494	0.545128
0.143495	0.566899
0.143495	0.545439
0.143495	0.551585
0.143495	0.554377
0.143495	0.552333
0.143495	0.553917
0.143495	0.555745
0.143495	0.556392
0.143495	0.563690
0.143495	0.562645
0.143495	0.547147
0.143495	0.551283
0.088757	0.549619
0.088757	0.563874
0.088757	0.578695
0.088757	0.558143
0.156483	0.579564
0.156483	0.559814
0.156483	0.575679
0.156483	0.550844
0.156483	0.583806
0.156483	0.553868
0.156483	0.635751
0.089862	0.592304
0.089862	0.598842
0.089862	0.570583
0.089862	0.574227
0.089862	0.576378
0.089862	0.546063
0.089862	0.566904
0.089862	0.545537
0.089862	0.591073
0.069122	0.559898
0.069122	0.568580
0.069122	0.555738
0.069122	0.564100
0.069122	0.558944
0.093885	0.566722
0.093885	0.563441
0.093885	0.560217
0.093885	0.573234
0.093885	0.560618
0.093885	0.560167
0.043857	0.563020
0.043857	0.618707
0.043857	0.560053
0.043857	0.633745
0.043857	0.559543
0.101622	0.572035
0.101622	0.542521
0.101622	0.546057
0.101622	0.543666
0.101622	0.662635
0.101622	0.620578
0.101622	0.646342
0.101622	0.570341
0.101622	0.546793
0.101622	0.585634
0.101622	0.544994
0.169318	0.624227
0.169318	0.705597
0.169318	0.576693
0.169318	0.571095
0.169318	0.571989
0.169318	0.567375
0.169318	0.605005
0.102467	0.572970
0.102467	0.563313
0.102467	0.562889
0.102467	0.576509
0.102467	0.580868
0.102467	0.609742
0.102467	0.560059
0.102467	0.575905
0.102467	0.557206
0.028593	0.558912
0.028593	0.615156
0.028593	0.667384
0.028593	0.583141
0.028593	0.568951
0.028593	0.571134
0.028593	0.588090
0.028593	0.582421
0.028593	0.573534
0.122339	0.586187
0.122339	0.598171
0.122339	0.590815
0.122339	0.664964
0.122339	0.645893
0.122339	0.589553
0.122339	0.592396
0.122339	0.588210
0.100818	0.588562
0.100818	0.591807
0.100818	0.637572
0.100818	0.620150
0.100818	0.627566
0.100818	0.604060
0.100818	0.641043
0.108169	0.602446
0.108169	0.604981
0.108169	0.621161
0.108169	0.621742
0.108169	0.622069
0.108169	0.624668
0.108169	0.649409
0.108169	0.664615
0.108169	0.641355
0.056054	0.668869
0.056054	0.641196
0.056054	0.606335
0.056054	0.628216
0.056054	0.610743
0.056054	0.616313
0.056054	0.626283
0.056054	0.657982
0.073443	0.633071
0.073443	0.652989
0.073443	0.657217
0.073443	0.576530
0.073443	0.585783
0.126104	0.574581
0.126104	0.581510
0.126104	0.595002
0.126104	0.579549
0.126104	0.602251
0.126104	0.600801
0.126104	0.605686
0.126104	0.640581
0.126104	0.601810
0.194584	0.708788
0.194584	0.609042
0.194584	0.628592
0.194584	0.665569
0.194584	0.636767
0.194584	0.692973
0.194584	0.715988
0.194584	0.621577
0.194584	0.657891
0.103942	0.646035
0.103942	0.673673
0.103942	0.711866
0.103942	0.609501
0.103942	0.673592
0.103942	0.624385
0.103942	0.662436
0.103942	0.618433
0.070238	0.638355
0.070238	0.616205
0.070238	0.619232
0.070238	0.642903
0.070238	0.656592
0.070238	0.641860
0.070238	0.654504
0.070238	0.660902
0.070238	0.636149
0.102689	0.616564
0.102689	0.605717
0.102689	0.637216
0.102689	0.632945
0.102689	0.660902
0.102689	0.652235
0.102689	0.693413
0.093037	0.701630
0.093037	0.607924
0.093037	0.598801
0.093037	0.595292
0.093037	0.603575
0.093037	0.597474
0.093037	0.593550
0.093037	0.603629
0.093037	0.612850
0.093196	0.607269
0.093196	0.647430
0.093196	0.641824
0.093196	0.637559
0.093196	0.753323
0.093196	0.740384
0.093196	0.616983
0.093196	0.604020
0.093196	0.608019
0.093196	0.624430
0.093196	0.632784
0.099035	0.601621
0.099035	0.619501
0.099035	0.641731
0.099035	0.592500
0.099035	0.595954
0.099035	0.591534
0.099035	0.596362
0.099035	0.674961
0.169405	0.632844
0.169405	0.739134
0.169405	0.632559
0.169405	0.628935
0.169405	0.631679
0.169405	0.644699
0.169405	0.672885
0.169405	0.647785
0.169405	0.648030
0.194718	0.673407
0.194718	0.616205
0.194718	0.622379
0.194718	0.612639
0.498033	0.612711
0.498033	0.638382
0.498033	0.644689
0.498033	0.670533
0.498033	0.666640
0.498033	0.564623
0.498033	0.564448
0.498033	0.561820
0.498033	0.564548
0.116172	0.565868
0.116172	0.638261
0.116172	0.658307
0.116172	0.569644
0.116172	0.570362
0.116172	0.565043
0.116172	0.567160
0.116172	0.572611
0.116172	0.587165
0.116172	0.575393
0.116172	0.598871
0.130694	0.586871
0.130694	0.585328
0.130694	0.593679
0.130694	0.604667
0.130694	0.601925
0.130694	0.628082
0.130694	0.597474
0.355247	0.620899
0.355247	0.610016
0.355247	0.601714
0.355247	0.634288
0.355247	0.606446
0.355247	0.618420
0.355247	0.596201
0.355247	0.593989
0.216342	0.592640
0.216342	0.598336
0.216342	0.597646
0.216342	0.611498
0.216342	0.618668
0.216342	0.654881
0.216342	0.594121
0.216342	0.593181
0.216342	0.592959
0.130450	0.596432
0.130450	0.609717
0.130450	0.623099
0.130450	0.628826
0.130450	0.652340
0.130450	0.637477
0.130450	0.638640
0.130450	0.634396
0.130450	0.639563
0.130450	0.645360
0.130450	0.633205
0.130450	0.650242
0.074462	0.631292
0.074462	0.579273
0.074462	0.582416
0.074462	0.580068
0.165217	0.582906
0.165217	0.588100
0.165217	0.593858
0.165217	0.611258
0.165217	0.596810
0.165217	0.595984
0.165217	0.594317
0.165217	0.626033
0.165217	0.614105
0.165217	0.616051
0.165217	0.630616
0.131049	0.646605
0.131049	0.646078
0.131049	0.653157
0.131049	0.641814
0.198734	0.645315
0.198734	0.657501
0.198734	0.638083
0.198734	0.655411
0.198734	0.640283
0.198734	0.638348
0.198734	0.649233
0.198734	0.625361
0.138322	0.626116
0.138322	0.597481
0.138322	0.592587
0.138322	0.591548
0.138322	0.599060
0.050500	0.640342
0.050500	0.657775
0.050500	0.684529
0.050500	0.593209
0.050500	0.597805
0.050500	0.598896
0.050500	0.595180
0.050500	0.614652
0.050500	0.619219
0.050500	0.712926
0.050500	0.642629
0.050500	0.651037
0.068716	0.647467
0.068716	0.655799
0.068716	0.653256
0.068716	0.642711
0.068716	0.662823
0.068716	0.643300
0.068716	0.582564
0.068716	0.589501
0.068716	0.587999
0.114496	0.607433
0.114496	0.593647
0.114496	0.590896
0.114496	0.598929
0.114496	0.598485
0.114496	0.602782
0.114496	0.611965
0.114496	0.607424
0.114496	0.616920
0.114496	0.623842
0.114496	0.621292
0.114496	0.653694
0.117112	0.623993
0.117112	0.706319
0.117112	0.657007
0.117112	0.629805
0.117112	0.649134
0.122887	0.636056
0.122887	0.669717
0.122887	0.662302
0.122887	0.642387
0.122887	0.659496
0.122887	0.655533
0.122887	0.649189
0.122887	0.653264
0.230375	0.649338
0.230375	0.660636
0.230375	0.650302
0.230375	0.674279
0.089751	0.686104
0.089751	0.687830
0.089751	0.679777
0.089751	0.669598
0.089751	0.674628
0.089751	0.687815
0.089751	0.694842
0.089751	0.598788
0.089751	0.613165
0.068885	0.595972
0.068885	0.596613
0.068885	0.616924
0.068885	0.598542
0.068885	0.659072
0.068885	0.602486
0.068885	0.671242
0.068885	0.605689
0.082373	0.654182
0.082373	0.593256
0.082373	0.601915
0.082373	0.591047
0.082373	0.597422
0.082373	0.644708
0.082373	0.635448
0.042558	0.642028
0.042558	0.602842
0.042558	0.601559
0.042558	0.595883
0.042558	0.597095
0.042558	0.618622
0.042558	0.596732
0.042558	0.613066
0.065936	0.613976
0.065936	0.649381
0.065936	0.631060
0.065936	0.681149
0.065936	0.599310
0.065936	0.596522
0.065936	0.594462
0.065936	0.599707
0.065936	0.601858
0.067467	0.603858
0.067467	0.611063
0.067467	0.645063
0.067467	0.649070
0.067467	0.647465
0.106899	0.650496
0.106899	0.672459
0.106899	0.592974
0.106899	0.590654
0.106899	0.590004
0.106899	0.594738
0.106899	0.599033
0.106899	0.608187
0.081943	0.608043
0.081943	0.588777
0.081943	0.589727
0.081943	0.589843
0.081943	0.593124
0.081943	0.611171
0.081943	0.601064
0.121370	0.591674
0.121370	0.595566
0.121370	0.593965
0.121370	0.597722
0.121370	0.607946
0.121370	0.617649
0.121370	0.648282
0.121370	0.654998
0.121370	0.612233
0.121370	0.637703
0.121370	0.620606
0.050563	0.618332
0.050563	0.584819
0.050563	0.586797
0.050563	0.591768
0.050563	0.591842
0.050563	0.592878
0.050563	0.592369
0.050563	0.596562
0.050563	0.613159
0.080509	0.606045
0.080509	0.635565
0.080509	0.621589
0.080509	0.625784
0.099481	0.630559
0.099481	0.634571
0.099481	0.643982
0.099481	0.667961
0.099481	0.601916
0.099481	0.608960
0.099481	0.607192
0.099481	0.618422
0.125662	0.641654
0.125662	0.724493
0.125662	0.660217
0.125662	0.636310
0.125662	0.639881
0.123901	0.633644
0.123901	0.654714
0.123901	0.682848
0.123901	0.655361
0.123901	0.666491
0.123901	0.678863
0.123901	0.617599
0.123901	0.613151
0.123901	0.608370
0.177890	0.645804
0.177890	0.644575
0.177890	0.623638
0.177890	0.672990
0.177890	0.650663
0.177890	0.705841
0.177890	0.617682
0.303787	0.629658
0.303787	0.613065
0.303787	0.618934
0.303787	0.649395
0.303787	0.657553
0.561144	0.667626
0.561144	0.705058
0.561144	0.706514
0.561144	0.640459
0.561144	0.608370
0.561144	0.614365
0.561144	0.644567
0.561144	0.636998
0.561144	0.629719
0.561144	0.626710
0.561144	0.655088
0.561144	0.607909
0.552639	0.618433
0.552639	0.609629
0.552639	0.615433
0.552639	0.631945
0.552639	0.638473
0.552639	0.643478
0.552639	0.654814
0.540178	0.653039
0.540178	0.611667
0.540178	0.607381
0.540178	0.598611
0.540178	0.601856
0.540178	0.623953
0.540178	0.614044
0.540178	0.618360
0.540178	0.639116
0.540178	0.622128
0.540178	0.635156
0.540178	0.619778
0.575838	0.606467
0.575838	0.613669
0.575838	0.603126
0.575838	0.608992
0.575838	0.599666
0.575838	0.603114
0.575838	0.597359
0.575838	0.597368
0.575838	0.608973
0.450269	0.615231
0.450269	0.621311
0.450269	0.601563
0.450269	0.599462
0.334478	0.600876
0.334478	0.604002
0.334478	0.597076
0.334478	0.599821
0.334478	0.598242
0.334478	0.600318
0.334478	0.602868
0.334478	0.601052
0.235020	0.599892
0.235020	0.611438
0.235020	0.609795
0.235020	0.617631
0.235020	0.618275
0.235020	0.638476
0.235020	0.630068
0.235020	0.627206
0.047395	0.656988
0.047395	0.597515
0.047395	0.594463
0.047395	0.601842
0.047395	0.609442
0.047395	0.614959
0.047395	0.606107
0.061198	0.601070
0.061198	0.609707
0.061198	0.609707
0.061198	0.636177
0.061198	0.621733
0.061198	0.633138
0.061198	0.601019
0.061198	0.619348
0.061198	0.602868
0.061198	0.695568
0.193820	0.602641
0.193820	0.701606
0.193820	0.623124
0.193820	0.611437
0.193820	0.636316
0.193820	0.626043
0.193820	0.675080
0.193820	0.625315
0.193820	0.636861
0.030840	0.604873
0.030840	0.611221
0.030840	0.635404
0.030840	0.598459
0.030840	0.654076
0.030840	0.599917
0.030840	0.651664
0.030840	0.606315
0.030840	0.605862
0.087684	0.601371
0.087684	0.600063
0.087684	0.608669
0.087684	0.633334
0.087684	0.617499
0.087684	0.684259
0.087684	0.684110
0.087684	0.602887
0.081904	0.597835
0.081904	0.596816
0.081904	0.616752
0.081904	0.669289
0.081904	0.658753
0.081904	0.611203
0.081904	0.629676
0.081904	0.611722
0.031679	0.611063
0.031679	0.612059
0.031679	0.609809
0.031679	0.609208
0.031679	0.606005
0.031679	0.612334
0.031679	0.611695
0.031679	0.614239
0.031679	0.612293
0.031679	0.609902
0.031679	0.624998
0.149186	0.603546
0.149186	0.601037
0.149186	0.605970
0.149186	0.614333
0.149186	0.626142
0.149186	0.658806
0.149186	0.644608
0.149186	0.627683
0.149186	0.633878
0.205731	0.630581
0.205731	0.627683
0.205731	0.644091
0.205731	0.634545
0.205731	0.635388
0.101194	0.638342
0.101194	0.638585
0.101194	0.645727
0.101194	0.644419
0.101194	0.645751
0.101194	0.650436
0.101194	0.654111
0.101194	0.658941
0.101194	0.700518
0.068892	0.615338
0.068892	0.619154
0.068892	0.624897
0.068892	0.694168
0.068892	0.627337
0.382230	0.688019
0.382230	0.665689
0.382230	0.713650
0.382230	0.709430
0.382230	0.616821
0.382230	0.703444
0.382230	0.636271
0.382230	0.710667
0.382230	0.619532
0.051777	0.659105
0.051777	0.641863
0.051777	0.688249
0.051777	0.668286
0.051777	0.707550
0.091195	0.677720
0.091195	0.730797
0.091195	0.708009
0.091195	0.620026
0.091195	0.639561
0.091195	0.604038
0.091195	0.611495
0.091195	0.634256
0.091195	0.631515
0.204272	0.629882
0.204272	0.634212
0.204272	0.647433
0.204272	0.622529
0.204272	0.616289
0.204272	0.615343
0.204272	0.620882
0.204272	0.667038
0.204272	0.655680
0.151435	0.678790
0.151435	0.685764
0.151435	0.686455
0.151435	0.730027
0.151435	0.728833
0.151435	0.617709
0.151435	0.614660
0.151435	0.621207
0.151435	0.634273
0.079077	0.637916
0.079077	0.655449
0.079077	0.626503
0.079077	0.648573
0.079077	0.650138
0.079077	0.661863
0.079077	0.669348
0.079077	0.640878
0.079077	0.639144
0.035374	0.654058
0.035374	0.637918
0.035374	0.688487
0.035374	0.616914
0.035374	0.667176
0.035374	0.628961
0.035374	0.636692
0.035374	0.628002
0.090748	0.620966
0.090748	0.668490
0.090748	0.668711
0.090748	0.661001
0.090748	0.707099
0.090748	0.709301
0.090748	0.652691
0.090748	0.616365
0.110528	0.610536
0.110528	0.706234
0.110528	0.709701
0.110528	0.698073
0.110528	0.641729
0.110528	0.682402
0.110528	0.624157
0.110528	0.604680
0.071360	0.607915
0.071360	0.604003
0.071360	0.607116
0.071360	0.604304
0.071360	0.599115
0.071360	0.606125
0.071360	0.651708
0.071360	0.654104
0.071360	0.644738
0.071360	0.641735
0.071360	0.657303
0.071360	0.684013
0.071360	0.673027
0.071360	0.667973
0.268817	0.655085
0.268817	0.671392
0.268817	0.590706
0.268817	0.586381
0.268817	0.587735
0.268817	0.638511
