Ground Truth	Predictions
0.125774	0.579397
0.125774	0.573721
0.125774	0.568200
0.125774	0.573328
0.125774	0.583049
0.125774	0.571673
0.125774	0.606080
0.125774	0.569249
0.125774	0.605887
0.151071	0.571130
0.151071	0.569954
0.151071	0.585493
0.151071	0.570961
0.151071	0.571999
0.151071	0.547800
0.151071	0.552236
0.151071	0.553033
0.151071	0.545728
0.151071	0.554233
0.151071	0.551004
0.275282	0.555257
0.275282	0.603780
0.275282	0.635785
0.275282	0.551551
0.275282	0.553598
0.275282	0.551524
0.275282	0.548977
0.166950	0.557380
0.166950	0.555809
0.166950	0.556407
0.166950	0.645204
0.166950	0.623853
0.166950	0.553872
0.166950	0.553475
0.126720	0.552515
0.126720	0.552017
0.126720	0.553859
0.126720	0.567004
0.126720	0.560705
0.126720	0.559785
0.126720	0.559823
0.126720	0.559148
0.126720	0.560200
0.126720	0.559436
0.126720	0.561622
0.139207	0.563023
0.139207	0.552844
0.139207	0.554430
0.139207	0.554396
0.139207	0.553157
0.139207	0.563488
0.139207	0.555991
0.139207	0.562200
0.139207	0.564332
0.139207	0.573542
0.139207	0.575283
0.139207	0.567382
0.172923	0.571544
0.172923	0.571973
0.172923	0.572756
0.172923	0.585180
0.172923	0.573121
0.172923	0.600178
0.172923	0.573424
0.172923	0.574012
0.172923	0.595458
0.172923	0.553942
0.172923	0.553705
0.203228	0.552914
0.203228	0.552486
0.203228	0.560856
0.203228	0.575556
0.203228	0.572453
0.203228	0.571828
0.203228	0.577039
0.203228	0.577199
0.203228	0.599850
0.257556	0.583151
0.257556	0.561927
0.257556	0.562787
0.257556	0.560989
0.257556	0.562461
0.257556	0.567109
0.257556	0.602267
0.257556	0.604204
0.257556	0.558008
0.245933	0.556894
0.245933	0.555168
0.245933	0.556131
0.245933	0.557314
0.245933	0.558618
0.245933	0.559399
0.245933	0.563459
0.245933	0.552674
0.385416	0.553659
0.385416	0.552365
0.385416	0.552113
0.385416	0.563614
0.385416	0.551944
0.385416	0.552967
0.385416	0.552787
0.385416	0.552576
0.295368	0.554422
0.295368	0.559765
0.295368	0.585718
0.295368	0.556635
0.295368	0.557297
0.295368	0.563482
0.295368	0.575626
0.295368	0.549801
0.295368	0.551256
0.326216	0.550346
0.326216	0.549531
0.326216	0.553107
0.326216	0.553153
0.326216	0.553616
0.326216	0.553308
0.326216	0.633797
0.134650	0.552704
0.134650	0.552680
0.134650	0.551785
0.134650	0.551812
0.134650	0.558574
0.134650	0.545312
0.134650	0.545931
0.134650	0.544045
0.262820	0.545824
0.262820	0.545508
0.262820	0.548642
0.262820	0.548717
0.262820	0.546049
0.262820	0.550446
0.262820	0.554930
0.262820	0.551982
0.262820	0.578518
0.262820	0.575782
0.262820	0.570995
0.262820	0.570863
0.262820	0.568055
0.262820	0.572524
0.163859	0.570223
0.163859	0.578194
0.163859	0.591108
0.163859	0.570239
0.163859	0.568391
0.163859	0.567582
0.163859	0.572122
0.163859	0.563727
0.163859	0.564959
0.133048	0.567243
0.133048	0.550442
0.133048	0.551415
0.133048	0.551897
0.133048	0.552007
0.133048	0.566210
0.133048	0.561604
0.127378	0.546960
0.127378	0.550511
0.127378	0.549727
0.127378	0.547504
0.127378	0.551995
0.127378	0.558730
0.127378	0.553443
0.134579	0.557495
0.134579	0.640411
0.134579	0.553667
0.134579	0.555167
0.134579	0.553155
0.134579	0.553611
0.134579	0.562619
0.134579	0.554926
0.134579	0.553073
0.230437	0.552173
0.230437	0.556885
0.230437	0.553006
0.230437	0.553072
0.230437	0.566125
0.230437	0.556630
0.230437	0.559558
0.230437	0.560836
0.230437	0.561003
0.230437	0.579786
0.230437	0.562851
0.111389	0.570477
0.111389	0.591271
0.111389	0.612541
0.111389	0.626462
0.111389	0.553963
0.111389	0.554984
0.111389	0.562829
0.111389	0.565125
0.111389	0.557066
0.111389	0.556093
0.111389	0.559269
0.111389	0.643957
0.106718	0.558523
0.106718	0.584565
0.106718	0.582290
0.106718	0.601110
0.106718	0.594296
0.106718	0.588116
0.106718	0.615599
0.106718	0.553393
0.106718	0.555412
0.247782	0.552551
0.247782	0.552207
0.247782	0.579204
0.247782	0.551883
0.247782	0.551003
0.247782	0.585403
0.247782	0.556999
0.247782	0.555710
0.192428	0.554631
0.192428	0.555886
0.192428	0.554461
0.192428	0.557615
0.192428	0.567991
0.192428	0.565037
0.192428	0.574352
0.192428	0.567415
0.157159	0.568312
0.157159	0.571300
0.157159	0.569469
0.157159	0.571851
0.157159	0.570469
0.157159	0.559966
0.161754	0.560698
0.161754	0.560242
0.161754	0.562015
0.161754	0.561291
0.161754	0.585278
0.161754	0.590002
0.161754	0.552731
0.478955	0.554525
0.478955	0.553017
0.478955	0.554090
0.478955	0.587605
0.478955	0.559862
0.478955	0.559367
0.478955	0.557170
0.882419	0.558590
0.882419	0.559456
0.882419	0.558133
0.882419	0.564606
1.000000	0.550287
1.000000	0.550268
1.000000	0.550499
1.000000	0.550441
1.000000	0.555184
0.669660	0.549384
0.669660	0.548631
0.669660	0.567256
0.669660	0.548742
0.389686	0.550743
0.389686	0.550483
0.389686	0.549590
0.389686	0.552406
0.389686	0.553549
0.389686	0.551551
0.348807	0.559551
0.348807	0.622362
0.348807	0.557352
0.348807	0.558328
0.348807	0.556843
0.348807	0.557953
0.348807	0.558954
0.202061	0.560093
0.202061	0.566115
0.202061	0.585110
0.202061	0.617516
0.202061	0.568890
0.202061	0.566814
0.173864	0.566100
0.173864	0.569193
0.173864	0.565415
0.173864	0.565537
0.173864	0.569842
0.163961	0.544414
0.163961	0.546818
0.163961	0.547797
0.163961	0.544819
0.163961	0.546314
0.206405	0.545149
0.206405	0.545263
0.206405	0.546228
0.206405	0.544217
0.206405	0.557103
0.206405	0.558861
0.206405	0.558414
0.206405	0.559330
0.206405	0.560185
0.206405	0.560536
0.206405	0.577209
0.159281	0.593272
0.159281	0.618790
0.159281	0.558362
0.159281	0.558658
0.159281	0.558039
0.159281	0.559170
0.159281	0.558432
0.159281	0.561986
0.088769	0.559081
0.088769	0.572700
0.088769	0.556617
0.088769	0.555693
0.088769	0.555721
0.088769	0.557218
0.088769	0.554861
0.253689	0.554143
0.253689	0.553377
0.253689	0.557015
0.253689	0.555086
0.253689	0.553441
0.253689	0.553007
0.253689	0.557145
0.253689	0.554504
0.253689	0.554549
0.132012	0.557537
0.132012	0.555188
0.132012	0.560403
0.132012	0.561691
0.132012	0.561609
0.132012	0.562688
0.132012	0.603442
0.044334	0.584355
0.044334	0.561282
0.044334	0.561731
0.044334	0.561158
0.148864	0.562278
0.148864	0.568475
0.148864	0.559826
0.148864	0.557109
0.148864	0.554501
0.148864	0.553776
0.148864	0.558919
0.148864	0.554983
0.475411	0.555646
0.475411	0.557674
0.475411	0.556220
0.475411	0.561083
0.475411	0.562458
0.475411	0.563187
0.475411	0.564544
0.475411	0.562936
0.475411	0.562520
0.475411	0.569530
0.475411	0.561008
0.064568	0.607885
0.064568	0.550450
0.064568	0.555141
0.064568	0.553596
0.064568	0.558680
0.064568	0.555783
0.064568	0.557013
0.127689	0.554524
0.127689	0.587502
0.127689	0.629541
0.127689	0.564271
0.127689	0.563594
0.086328	0.563756
0.086328	0.565397
0.086328	0.564126
0.086328	0.564690
0.086328	0.564089
0.086328	0.565024
0.086328	0.567255
0.356007	0.571021
0.356007	0.569574
0.356007	0.568597
0.356007	0.572433
0.356007	0.568661
0.356007	0.568381
0.356007	0.568641
0.356007	0.579247
0.356007	0.568138
0.182712	0.589045
0.182712	0.568679
0.182712	0.572399
0.182712	0.564717
0.182712	0.565418
0.182712	0.565006
0.182712	0.589143
0.182712	0.611782
0.182712	0.619631
0.188014	0.567801
0.188014	0.565486
0.188014	0.568688
0.188014	0.564013
0.188014	0.579213
0.188014	0.619910
0.188014	0.573127
0.188014	0.550178
0.368195	0.545389
0.368195	0.544010
0.368195	0.555404
0.368195	0.547932
0.368195	0.548548
0.368195	0.550943
0.213471	0.547282
0.213471	0.550075
0.213471	0.550530
0.213471	0.562615
0.213471	0.563475
0.213471	0.559683
0.213471	0.560216
0.213471	0.571769
0.213471	0.597579
0.213471	0.559807
0.213471	0.557044
0.151823	0.556191
0.151823	0.559262
0.151823	0.558202
0.151823	0.558071
0.151823	0.558636
0.151823	0.561392
0.151823	0.559764
0.169356	0.571078
0.169356	0.570054
0.169356	0.553807
0.169356	0.551712
0.169356	0.550403
0.169356	0.552137
0.169356	0.552127
0.169356	0.563299
0.169356	0.564251
0.169356	0.565427
0.169356	0.545580
0.197004	0.558480
0.197004	0.544075
0.197004	0.545953
0.197004	0.544134
0.197004	0.546802
0.197004	0.546652
0.197004	0.544197
0.197004	0.554824
0.197004	0.560364
0.078348	0.550304
0.078348	0.567229
0.078348	0.604829
0.078348	0.544351
0.078348	0.548971
0.078348	0.548152
0.036652	0.545816
0.036652	0.549392
0.036652	0.564479
0.036652	0.550646
0.036652	0.551200
0.036652	0.570791
0.036652	0.559557
0.036652	0.561098
0.022155	0.559212
0.022155	0.561803
0.022155	0.562576
0.022155	0.560159
0.022155	0.573805
0.022155	0.571840
0.022155	0.574003
0.022155	0.583665
0.124452	0.571074
0.124452	0.595372
0.124452	0.573665
0.124452	0.553189
0.124452	0.562585
0.124452	0.554397
0.124452	0.573895
0.124452	0.607993
0.124452	0.553834
0.124452	0.560933
0.042971	0.556376
0.042971	0.566514
0.042971	0.598895
0.042971	0.545489
0.042971	0.607356
0.208656	0.549264
0.208656	0.565231
0.208656	0.548523
0.208656	0.552620
0.208656	0.549872
0.208656	0.546510
0.208656	0.554231
0.208656	0.566279
0.208656	0.552921
0.240918	0.554670
0.240918	0.634930
0.240918	0.560161
0.240918	0.558530
0.240918	0.557260
0.240918	0.561796
0.240918	0.560388
0.240918	0.570128
0.240918	0.570445
0.240918	0.615057
0.240918	0.626939
0.120581	0.562695
0.120581	0.560781
0.120581	0.561050
0.120581	0.562348
0.120581	0.559648
0.120581	0.559095
0.120581	0.554874
0.215601	0.553735
0.215601	0.552440
0.215601	0.561833
0.215601	0.556380
0.215601	0.560174
0.215601	0.607884
0.215601	0.602817
0.215601	0.557720
0.215601	0.556898
0.215601	0.557578
0.215601	0.560584
0.215601	0.563087
0.344259	0.556941
0.344259	0.564612
0.344259	0.568451
0.344259	0.566927
0.344259	0.567214
0.344259	0.566560
0.344259	0.568578
0.344259	0.583925
0.344259	0.574676
0.344259	0.620302
0.344259	0.554996
0.304513	0.555283
0.304513	0.555110
0.304513	0.556225
0.304513	0.567860
0.304513	0.556789
0.304513	0.556778
0.304513	0.646176
0.304513	0.554857
0.304513	0.555449
0.256941	0.554384
0.256941	0.553820
0.256941	0.556885
0.256941	0.557387
0.256941	0.592723
0.256941	0.598813
0.256941	0.562936
0.256941	0.561536
0.351002	0.560263
0.351002	0.561766
0.351002	0.562533
0.351002	0.587663
0.351002	0.577628
0.351002	0.563523
0.351002	0.561624
0.351002	0.559799
0.351002	0.561083
0.351002	0.561796
0.351002	0.566734
0.394646	0.561663
0.394646	0.567142
0.394646	0.562546
0.394646	0.560852
0.394646	0.564613
0.394646	0.565450
0.394646	0.567550
0.394646	0.570840
0.194249	0.566477
0.194249	0.574678
0.194249	0.569649
0.194249	0.566546
0.194249	0.575226
0.194249	0.568531
0.194249	0.571027
0.194249	0.553299
0.275889	0.551881
0.275889	0.550315
0.275889	0.553429
0.275889	0.553762
0.275889	0.558344
0.275889	0.560530
0.275889	0.568987
0.275889	0.551937
0.275889	0.552098
0.350226	0.549230
0.350226	0.552536
0.350226	0.556678
0.350226	0.561438
0.350226	0.563324
0.350226	0.569912
0.350226	0.552781
0.350226	0.554658
0.350226	0.551798
0.350226	0.553579
0.258486	0.560295
0.258486	0.553378
0.258486	0.558022
0.258486	0.554143
0.258486	0.551630
0.258486	0.552960
0.258486	0.552126
0.258486	0.553519
0.109946	0.554591
0.109946	0.555808
0.109946	0.558813
0.109946	0.551504
0.109946	0.551452
0.109946	0.548071
0.109946	0.557672
0.109946	0.555603
0.109946	0.557858
0.111995	0.560778
0.111995	0.565903
0.111995	0.555988
0.111995	0.560783
0.111995	0.554538
0.111995	0.555309
0.111995	0.567490
0.111995	0.558693
0.111995	0.566297
0.111995	0.560894
0.282065	0.556905
0.282065	0.563668
0.282065	0.549109
0.282065	0.549729
0.282065	0.551700
0.282065	0.552191
0.282065	0.553105
0.282065	0.556054
0.282065	0.566248
0.097171	0.570617
0.097171	0.584697
0.097171	0.546453
0.097171	0.547112
0.097171	0.547022
0.097171	0.547202
0.097171	0.549161
0.097171	0.548866
0.173957	0.598649
0.173957	0.555482
0.173957	0.558751
0.173957	0.556043
0.173957	0.557858
0.173957	0.562432
0.173957	0.556805
0.176879	0.565284
0.176879	0.558616
0.176879	0.552778
0.176879	0.553832
0.176879	0.554359
0.176879	0.559074
0.176879	0.555039
0.176879	0.555068
0.236620	0.555990
0.236620	0.556423
0.236620	0.557603
0.236620	0.559677
0.111536	0.559137
0.111536	0.560820
0.111536	0.563162
0.111536	0.563499
0.111536	0.571463
0.111536	0.563109
0.111536	0.596453
0.111536	0.570243
0.264299	0.553707
0.264299	0.556458
0.264299	0.555005
0.264299	0.568460
0.264299	0.564464
0.264299	0.555090
0.264299	0.564970
0.264299	0.562571
0.336835	0.581459
0.336835	0.568211
0.336835	0.554410
0.336835	0.557959
0.336835	0.554052
0.336835	0.565206
0.336835	0.574380
0.336835	0.575152
0.219302	0.568378
0.219302	0.558181
0.219302	0.562243
0.219302	0.576026
0.219302	0.574537
0.219302	0.555350
0.219302	0.554293
0.128321	0.552748
0.128321	0.553797
0.128321	0.559498
0.128321	0.553305
0.128321	0.566056
0.128321	0.554194
0.128321	0.575086
0.128321	0.555463
0.128321	0.565017
0.128321	0.554718
0.128321	0.554616
0.123003	0.553438
0.123003	0.553750
0.123003	0.566749
0.123003	0.572413
0.123003	0.562961
0.123003	0.553310
0.123003	0.554219
0.189375	0.550932
0.189375	0.551797
0.189375	0.559259
0.189375	0.552062
0.189375	0.556562
0.189375	0.557023
0.189375	0.562862
0.138865	0.560574
0.138865	0.572741
0.138865	0.562395
0.138865	0.559849
0.138865	0.559628
0.176862	0.563268
0.176862	0.562782
0.176862	0.565534
0.176862	0.568115
0.176862	0.558538
0.176862	0.560771
0.176862	0.558796
0.176862	0.560108
0.176862	0.575480
0.176862	0.561299
0.176862	0.560548
0.186165	0.559576
0.186165	0.562332
0.186165	0.565647
0.186165	0.571254
0.186165	0.571252
0.186165	0.551248
0.150890	0.551400
0.150890	0.551908
0.150890	0.553211
0.150890	0.557145
0.150890	0.553785
0.150890	0.551684
0.150890	0.552923
0.150890	0.550808
0.322631	0.553291
0.322631	0.556286
0.322631	0.560365
0.322631	0.568220
0.322631	0.569987
0.322631	0.548306
0.322631	0.557309
0.322631	0.547500
0.322631	0.549328
0.194530	0.556480
0.194530	0.556832
0.194530	0.557429
0.194530	0.559115
0.194530	0.558414
0.194530	0.559998
0.194530	0.560138
0.194530	0.562384
0.194530	0.562139
0.091340	0.567180
0.091340	0.564485
0.091340	0.554883
0.091340	0.556503
0.091340	0.554969
0.091340	0.557130
0.091340	0.568201
0.091340	0.579482
0.091340	0.580391
0.091340	0.579703
0.091340	0.586686
0.318051	0.592046
0.318051	0.609068
0.318051	0.596172
0.318051	0.554952
0.318051	0.555667
0.318051	0.554688
0.318051	0.557442
0.318051	0.570026
0.195799	0.558378
0.195799	0.564229
0.195799	0.646724
0.195799	0.563249
0.195799	0.558670
0.195799	0.557219
0.195799	0.565317
0.195799	0.563341
0.152394	0.563759
0.152394	0.607216
0.152394	0.565890
0.152394	0.626247
0.152394	0.562201
0.152394	0.559709
0.152394	0.557509
0.057478	0.562778
0.057478	0.565992
0.057478	0.571282
0.057478	0.573059
0.057478	0.619273
0.057478	0.632551
0.057478	0.558632
0.057478	0.553960
0.057478	0.552733
0.057478	0.561768
0.057478	0.558797
0.057478	0.562021
0.150593	0.563658
0.150593	0.567167
0.150593	0.553486
0.150593	0.551875
0.150593	0.550706
0.150593	0.554714
0.150593	0.554430
0.150593	0.556147
0.046291	0.553123
0.046291	0.562322
0.046291	0.558731
0.046291	0.565728
0.046291	0.562856
0.046291	0.560497
0.046291	0.562445
0.075311	0.565421
0.075311	0.566046
0.075311	0.565108
0.075311	0.570078
0.075311	0.566408
0.075311	0.570512
0.075311	0.567391
0.356073	0.553490
0.356073	0.557338
0.356073	0.552340
0.356073	0.553554
0.356073	0.572260
0.356073	0.573563
0.356073	0.569435
0.356073	0.567973
0.356073	0.577370
0.356073	0.579596
0.241080	0.581842
0.241080	0.568766
0.241080	0.565570
0.241080	0.567627
0.241080	0.569598
0.241080	0.562361
0.241080	0.563398
0.241080	0.563383
0.347652	0.567393
0.347652	0.569424
0.347652	0.567730
0.347652	0.566941
0.347652	0.573301
0.347652	0.576182
0.347652	0.578136
0.347652	0.578149
0.471916	0.584001
0.471916	0.581520
0.471916	0.583088
0.471916	0.591599
0.119418	0.562618
0.119418	0.560511
0.119418	0.564359
0.119418	0.568827
0.119418	0.568035
0.374158	0.564753
0.374158	0.549318
0.374158	0.552073
0.374158	0.550120
0.374158	0.554899
0.374158	0.555908
0.374158	0.559837
0.374158	0.572328
0.135587	0.577918
0.135587	0.572790
0.135587	0.588836
0.135587	0.572120
0.135587	0.595810
0.135587	0.579058
0.135587	0.550792
0.135587	0.549400
0.359244	0.550532
0.359244	0.556336
0.359244	0.550985
0.359244	0.554106
0.359244	0.549157
0.359244	0.549130
0.359244	0.554876
0.359244	0.554430
0.599040	0.572315
0.599040	0.554073
0.599040	0.562409
0.599040	0.558786
0.599040	0.557244
0.599040	0.556154
0.599040	0.557211
0.599040	0.557347
0.599040	0.561379
0.349785	0.559170
0.349785	0.596007
0.349785	0.602007
0.349785	0.561312
0.349785	0.559565
0.349785	0.559250
0.349785	0.563930
0.349785	0.574311
0.349785	0.573061
0.401659	0.561435
0.401659	0.565432
0.401659	0.576019
0.401659	0.575209
0.401659	0.575669
0.401659	0.573955
0.401659	0.571786
0.401659	0.571913
0.259490	0.572176
0.259490	0.573106
0.259490	0.573101
0.259490	0.573918
0.259490	0.573816
0.259490	0.575769
0.259490	0.573011
0.121856	0.571817
0.121856	0.573314
0.121856	0.577314
0.121856	0.579703
0.121856	0.590101
0.121856	0.584988
0.121856	0.552554
0.121856	0.555317
0.096237	0.553369
0.096237	0.553078
0.096237	0.560769
0.096237	0.553030
0.096237	0.553992
0.096237	0.554146
0.096237	0.554015
0.096237	0.555356
0.475520	0.555594
0.475520	0.556078
0.475520	0.556062
0.475520	0.557997
0.475520	0.558633
0.475520	0.617220
0.475520	0.561933
0.475520	0.561261
0.475520	0.562657
0.475520	0.582209
0.149586	0.562477
0.149586	0.578991
0.149586	0.571097
0.149586	0.613067
0.149586	0.604560
0.149586	0.557072
0.149586	0.617485
0.086978	0.555440
0.086978	0.614937
0.086978	0.564076
0.086978	0.566806
0.086978	0.563596
0.086978	0.580835
0.086978	0.571367
0.086978	0.595547
0.086978	0.578208
0.218501	0.615777
0.218501	0.602569
0.218501	0.557576
0.218501	0.558413
0.218501	0.555170
0.218501	0.556993
0.218501	0.554559
0.218501	0.553906
0.218501	0.554002
0.218501	0.554556
0.218501	0.561675
0.176920	0.568662
0.176920	0.565522
0.176920	0.565150
0.176920	0.569125
0.176920	0.577170
0.176920	0.576674
0.176920	0.581505
0.176920	0.582368
0.059400	0.585131
0.059400	0.600630
0.059400	0.601558
0.059400	0.548715
0.059400	0.549335
0.059400	0.550931
0.059400	0.549840
0.059400	0.554270
0.075365	0.558260
0.075365	0.552739
0.075365	0.555160
0.075365	0.555653
0.075365	0.559172
0.075365	0.570736
0.075365	0.554090
0.075365	0.553336
0.075365	0.565731
0.075365	0.555880
0.075365	0.613153
0.075365	0.556213
0.121148	0.560567
0.121148	0.545928
0.121148	0.550591
0.121148	0.549961
0.121148	0.547585
0.121148	0.562172
0.121148	0.582139
0.121148	0.555069
0.121148	0.634365
0.042269	0.637908
0.042269	0.567900
0.042269	0.561901
0.042269	0.560793
0.042269	0.591276
0.042269	0.600146
0.042269	0.594588
0.042269	0.565029
0.044974	0.596894
0.044974	0.563584
0.044974	0.556562
0.044974	0.555569
0.044974	0.555436
0.044974	0.556502
0.044974	0.554447
0.044974	0.554266
0.179431	0.557386
0.179431	0.567449
0.179431	0.554123
0.179431	0.555183
0.179431	0.554846
0.179431	0.554959
0.179431	0.576517
0.179431	0.566448
0.179431	0.557959
0.179431	0.564986
0.179431	0.563039
0.049693	0.569043
0.049693	0.567900
0.049693	0.569300
0.049693	0.573184
0.062013	0.566891
0.062013	0.565991
0.062013	0.569517
0.062013	0.558692
0.062013	0.555945
0.062013	0.556778
0.062013	0.561901
0.062013	0.559505
0.065256	0.560117
0.065256	0.553783
0.065256	0.554181
0.065256	0.554583
0.065256	0.554878
0.065256	0.569244
0.065256	0.561918
0.065256	0.555407
0.065256	0.555200
0.061776	0.555254
0.061776	0.551326
0.061776	0.553917
0.061776	0.552302
0.061776	0.547472
0.061776	0.552729
0.061776	0.550005
0.061776	0.552035
0.061776	0.548288
0.061776	0.550205
0.061776	0.544317
0.061776	0.544693
0.305694	0.545262
0.305694	0.547223
0.305694	0.546919
0.305694	0.546395
0.305694	0.545996
0.305694	0.563671
0.305694	0.561755
0.305694	0.558131
0.100794	0.558817
0.100794	0.557148
0.100794	0.556814
0.100794	0.561873
0.100794	0.560623
0.100794	0.560030
0.100794	0.563275
0.100794	0.544567
0.100794	0.545867
0.100794	0.546941
0.079699	0.542843
0.079699	0.545377
0.079699	0.543535
0.079699	0.546510
0.079699	0.543431
0.079699	0.557671
0.165601	0.558516
0.165601	0.558330
0.165601	0.560488
0.165601	0.562171
0.165601	0.562250
0.200408	0.566166
0.200408	0.554641
0.200408	0.551969
0.200408	0.549755
0.200408	0.553318
0.200408	0.553881
0.200408	0.557290
0.200408	0.559984
0.309095	0.567865
0.309095	0.658240
0.309095	0.558383
0.309095	0.557476
0.309095	0.556563
0.309095	0.556868
0.309095	0.557177
0.309095	0.556740
0.288293	0.543500
0.288293	0.543584
0.288293	0.543378
0.288293	0.543194
0.288293	0.546423
0.288293	0.542732
0.288293	0.548205
0.288293	0.570744
0.456629	0.543546
0.456629	0.544815
0.456629	0.544989
0.456629	0.543571
0.456629	0.545344
0.456629	0.544178
0.456629	0.551741
0.456629	0.547660
0.456629	0.557697
0.456629	0.556147
0.264390	0.554509
0.264390	0.554682
0.264390	0.555456
0.264390	0.555128
0.264390	0.559784
0.264390	0.548623
0.264390	0.549158
0.264390	0.549125
0.264390	0.548069
0.264390	0.549529
0.264390	0.547734
0.323210	0.556823
0.323210	0.551316
0.323210	0.554566
0.323210	0.552657
0.323210	0.556965
0.323210	0.566621
0.323210	0.563328
0.323210	0.552097
0.109326	0.563652
0.109326	0.551686
0.109326	0.548069
0.109326	0.548039
0.109326	0.548093
0.109326	0.552508
0.109326	0.566314
0.109326	0.553974
0.140900	0.605544
0.140900	0.560153
0.140900	0.556768
0.140900	0.577153
0.140900	0.556000
0.140900	0.577469
0.140900	0.550970
0.140900	0.554519
0.140900	0.551903
0.121128	0.560681
0.121128	0.594918
0.121128	0.573949
0.121128	0.552214
0.121128	0.553907
0.121128	0.554401
0.121128	0.553609
0.324445	0.572627
0.324445	0.555734
0.324445	0.554870
0.324445	0.554703
0.324445	0.555309
0.324445	0.563818
0.206277	0.576377
0.206277	0.572931
0.206277	0.584975
0.206277	0.563235
0.206277	0.559439
0.206277	0.578586
0.206277	0.599255
0.206277	0.556554
0.107894	0.558921
0.107894	0.558092
0.107894	0.556797
0.107894	0.557720
0.107894	0.579110
0.107894	0.605758
0.107894	0.557864
0.107894	0.558151
0.189135	0.557760
0.189135	0.558415
0.189135	0.566110
0.189135	0.622965
0.189135	0.561580
0.183437	0.555976
0.183437	0.556159
0.183437	0.554510
0.183437	0.554634
0.183437	0.558618
0.183437	0.559104
0.183437	0.559108
0.204549	0.566687
0.204549	0.571068
0.204549	0.556777
0.204549	0.556277
0.204549	0.555966
0.204549	0.555014
0.204549	0.555546
0.204549	0.554878
0.309433	0.554722
0.309433	0.564265
0.309433	0.563494
0.309433	0.563877
0.309433	0.564623
0.309433	0.564483
0.309433	0.568907
0.309433	0.566421
0.309433	0.553471
0.111145	0.554827
0.111145	0.553788
0.111145	0.554671
0.111145	0.559557
0.111145	0.565536
0.111145	0.571863
0.111145	0.557681
0.111145	0.559746
0.330987	0.581993
0.330987	0.574335
0.330987	0.553668
0.330987	0.552472
0.330987	0.551028
0.330987	0.552742
0.310151	0.552966
0.310151	0.553740
0.310151	0.559456
0.310151	0.553924
0.310151	0.563121
0.310151	0.561360
0.310151	0.561808
0.310151	0.562509
0.310151	0.560432
0.088558	0.559636
0.088558	0.560114
0.088558	0.542946
0.088558	0.542860
0.088558	0.543832
0.088558	0.543590
0.088558	0.549198
0.088558	0.542785
0.243028	0.586080
0.243028	0.569346
0.243028	0.555720
0.243028	0.556591
0.243028	0.555989
0.243028	0.556643
0.243028	0.559361
0.243028	0.561982
0.243028	0.552700
0.181744	0.552553
0.181744	0.551945
0.181744	0.552644
0.181744	0.552547
0.181744	0.551687
0.181744	0.553250
0.181744	0.551818
0.181744	0.552555
0.320029	0.551779
0.320029	0.552057
0.320029	0.553987
0.320029	0.552576
0.320029	0.551403
0.320029	0.551782
0.320029	0.562413
0.320029	0.552047
0.687161	0.554671
0.687161	0.553964
0.687161	0.554451
0.687161	0.555879
0.687161	0.557431
0.687161	0.557951
0.687161	0.557388
0.687161	0.553810
0.770914	0.552280
0.770914	0.550770
0.770914	0.549625
0.770914	0.554161
0.770914	0.552026
0.770914	0.554913
0.770914	0.553023
0.770914	0.560023
0.770914	0.560884
0.770914	0.546761
0.770914	0.542307
0.734133	0.541031
0.734133	0.547741
0.734133	0.543449
0.734133	0.545621
0.734133	0.544823
0.444979	0.546639
0.444979	0.554745
0.444979	0.554734
0.444979	0.555531
0.444979	0.557344
0.444979	0.555305
0.444979	0.555291
0.499783	0.555528
0.499783	0.557281
0.499783	0.555704
0.499783	0.562576
0.499783	0.565090
0.499783	0.555634
0.499783	0.557812
0.499783	0.557452
0.499783	0.562470
0.499783	0.563089
0.499783	0.576409
0.391463	0.542516
0.391463	0.554399
0.391463	0.547248
0.391463	0.565244
0.391463	0.543936
0.391463	0.543881
0.391463	0.551149
0.391463	0.542770
0.391463	0.559047
0.391463	0.558167
0.391463	0.557149
0.391463	0.557890
0.391463	0.561493
0.391463	0.570498
0.210655	0.564762
0.210655	0.569833
0.210655	0.567556
0.210655	0.567056
0.210655	0.570949
0.210655	0.566637
0.210655	0.567837
0.210655	0.567666
0.210655	0.550971
0.210655	0.554525
0.210655	0.552920
0.210655	0.559165
0.456206	0.553428
0.456206	0.552936
0.456206	0.556691
0.456206	0.554981
0.456206	0.568418
0.456206	0.557350
0.456206	0.554156
0.456206	0.558993
0.456206	0.552381
0.456206	0.552074
0.456206	0.548156
0.168635	0.548620
0.168635	0.548870
0.168635	0.564026
0.168635	0.551142
0.168635	0.548023
0.381055	0.553309
0.381055	0.560643
0.381055	0.552412
0.381055	0.558649
0.381055	0.550711
0.381055	0.550406
0.381055	0.562539
0.453876	0.572683
0.453876	0.578377
0.453876	0.553295
0.453876	0.555554
0.453876	0.588356
0.453876	0.560172
0.453876	0.552775
0.453876	0.551069
0.453876	0.551111
0.175477	0.562525
0.175477	0.572775
0.175477	0.552947
0.175477	0.554058
0.175477	0.554161
0.175477	0.552619
0.175477	0.553617
0.175477	0.555270
0.295604	0.569323
0.295604	0.557158
0.295604	0.557636
0.295604	0.572795
0.295604	0.556142
0.295604	0.566304
0.295604	0.549164
0.295604	0.551616
0.443550	0.547553
0.443550	0.547105
0.443550	0.554339
0.443550	0.549497
0.443550	0.554868
0.443550	0.573851
0.443550	0.573890
0.443550	0.567745
0.467009	0.566585
0.467009	0.598068
0.467009	0.566832
0.467009	0.569133
0.467009	0.565293
0.467009	0.567742
0.467009	0.585110
0.467009	0.549216
0.593190	0.552916
0.593190	0.550213
0.593190	0.552301
0.593190	0.554936
0.593190	0.565308
0.593190	0.561739
0.593190	0.559693
0.593190	0.563111
0.593190	0.559677
0.593190	0.563294
0.593190	0.565598
0.593190	0.559751
0.593190	0.559124
0.593190	0.562370
0.731002	0.551178
0.731002	0.553583
0.731002	0.550159
0.731002	0.553179
0.731002	0.555747
0.731002	0.557677
0.731002	0.562559
0.731002	0.560900
0.365161	0.560335
0.365161	0.565409
0.365161	0.561982
0.365161	0.563335
0.365161	0.573527
0.365161	0.576783
0.365161	0.549895
0.365161	0.554957
0.365161	0.552080
0.365161	0.551812
0.292586	0.559109
0.292586	0.554344
0.292586	0.569300
0.292586	0.593296
0.292586	0.558589
0.292586	0.559580
0.292586	0.560606
0.292586	0.562848
0.292586	0.558671
0.292586	0.561832
0.292586	0.559683
0.292586	0.559291
0.234163	0.563064
0.234163	0.559802
0.234163	0.562498
0.234163	0.574009
0.234163	0.561610
0.234163	0.562588
0.234163	0.563188
0.234163	0.566142
0.108559	0.567270
0.108559	0.562206
0.108559	0.566274
0.108559	0.545436
0.108559	0.550298
0.108559	0.547292
0.108559	0.550183
0.108559	0.549233
0.108559	0.571658
0.095322	0.547581
0.095322	0.550969
0.095322	0.554838
0.095322	0.559089
0.095322	0.554280
0.095322	0.556727
0.095322	0.569621
0.162633	0.553159
0.162633	0.553689
0.162633	0.552638
0.162633	0.553388
0.162633	0.555961
0.162633	0.555900
0.162633	0.556969
0.062846	0.557624
0.062846	0.554263
0.062846	0.554966
0.062846	0.551099
0.062846	0.553576
0.062846	0.567169
0.062846	0.555991
0.062846	0.553332
0.058405	0.552924
0.058405	0.554915
0.058405	0.553641
0.058405	0.550110
0.058405	0.550085
0.058405	0.548861
0.058405	0.548862
0.058405	0.548660
0.096489	0.548615
0.096489	0.548292
0.096489	0.553971
0.096489	0.553121
0.096489	0.551293
0.096489	0.551957
0.096489	0.555462
0.096489	0.555968
0.096489	0.555830
0.096489	0.556480
0.096489	0.559050
0.096489	0.557318
0.096489	0.557569
0.096489	0.559207
0.056895	0.553533
0.056895	0.556120
0.056895	0.552292
0.056895	0.554052
0.056895	0.558968
0.056895	0.560931
0.033015	0.555231
0.033015	0.553188
0.033015	0.561351
0.033015	0.549815
0.033015	0.549660
0.033015	0.548203
0.033015	0.555336
0.048563	0.555445
0.048563	0.555907
0.048563	0.560960
0.048563	0.563003
0.046453	0.556294
0.046453	0.572740
0.046453	0.557168
0.046453	0.567643
0.046453	0.558363
0.046453	0.562632
0.102086	0.557570
0.102086	0.560254
0.102086	0.560472
0.102086	0.564419
0.102086	0.579407
0.102086	0.573734
0.102086	0.553636
0.102086	0.556183
0.045967	0.552704
0.045967	0.553511
0.045967	0.559585
0.045967	0.552230
0.045967	0.554584
0.045967	0.567977
0.045967	0.581034
0.045967	0.573429
0.060404	0.559472
0.060404	0.561836
0.060404	0.556779
0.060404	0.558186
0.060404	0.571684
0.093998	0.577278
0.093998	0.557063
0.093998	0.556674
0.093998	0.552583
0.093998	0.558106
0.093998	0.562617
0.093998	0.554968
0.093998	0.560060
0.093998	0.556862
0.097279	0.562342
0.097279	0.555490
0.097279	0.564513
0.097279	0.564599
0.097279	0.567390
0.097279	0.569777
0.097279	0.560642
0.097279	0.565335
0.274998	0.562218
0.274998	0.567470
0.274998	0.573872
0.274998	0.566523
0.274998	0.569595
0.274998	0.571610
0.274998	0.552767
0.274998	0.555011
0.198168	0.555852
0.198168	0.560314
0.198168	0.556979
0.198168	0.563555
0.198168	0.566444
0.198168	0.563494
0.198168	0.566644
0.261710	0.561848
0.261710	0.565533
0.261710	0.582503
0.261710	0.554394
0.066500	0.562197
0.066500	0.549893
0.066500	0.553039
0.066500	0.559747
0.066500	0.561229
0.066500	0.557366
0.066500	0.558704
0.066500	0.576896
0.066500	0.553936
0.066500	0.563351
0.066500	0.554807
0.058371	0.554299
0.058371	0.554321
0.058371	0.556156
0.058371	0.550875
0.058371	0.554147
0.058371	0.558395
0.058371	0.565650
0.073244	0.564816
0.073244	0.568760
0.073244	0.551673
0.073244	0.553158
0.073244	0.550428
0.073244	0.553495
0.073244	0.556007
0.073244	0.557920
0.045876	0.566386
0.045876	0.565819
0.045876	0.560397
0.045876	0.560676
0.045876	0.562369
0.045876	0.564544
0.045876	0.559412
0.045876	0.564973
0.045876	0.561047
0.045876	0.560117
0.045876	0.560240
0.065021	0.560657
0.065021	0.561626
0.065021	0.564727
0.065021	0.562095
0.065021	0.576568
0.065021	0.547097
0.065021	0.551634
0.494880	0.551144
0.494880	0.555034
0.494880	0.550024
0.494880	0.549895
0.331057	0.551383
0.331057	0.549577
0.331057	0.554878
0.331057	0.557507
0.331057	0.561448
0.331057	0.558957
0.331057	0.559582
0.201198	0.570145
0.201198	0.545663
0.201198	0.565832
0.201198	0.544883
0.201198	0.554869
0.201198	0.545325
0.201198	0.547752
0.201198	0.544130
0.479276	0.547887
0.479276	0.564843
0.479276	0.564729
0.479276	0.562656
0.479276	0.561991
0.479276	0.566598
0.479276	0.581593
0.479276	0.595353
0.479276	0.554806
0.479276	0.550555
0.379117	0.549692
0.379117	0.557566
0.379117	0.555226
0.379117	0.553138
0.379117	0.567283
0.379117	0.556860
0.379117	0.558116
0.379117	0.558625
0.078593	0.557414
0.078593	0.557362
0.078593	0.561934
0.078593	0.561203
0.078593	0.567612
0.078593	0.566512
0.078593	0.551948
0.078593	0.552161
0.115409	0.551765
0.115409	0.552574
0.115409	0.556936
0.115409	0.553137
0.115409	0.552899
0.115409	0.553273
0.115409	0.564851
0.115409	0.563794
0.115409	0.566952
0.422154	0.576613
0.422154	0.564265
0.422154	0.562487
0.422154	0.566936
0.422154	0.559770
0.422154	0.564842
0.422154	0.561986
0.422154	0.594423
0.227808	0.587299
0.227808	0.571930
0.227808	0.602169
0.227808	0.551899
0.227808	0.557597
0.227808	0.554350
0.227808	0.555792
0.227808	0.554633
0.227808	0.566731
0.064411	0.553500
0.064411	0.552167
0.064411	0.565831
0.064411	0.569637
0.064411	0.561751
0.064411	0.565028
0.064411	0.604129
0.064411	0.608288
0.147478	0.604861
0.147478	0.565081
0.147478	0.560351
0.147478	0.560089
0.147478	0.578640
0.147478	0.565671
0.147478	0.557386
0.147478	0.558070
0.261986	0.562989
0.261986	0.555650
0.261986	0.556623
0.261986	0.556770
0.261986	0.553334
0.261986	0.556630
0.261986	0.550842
0.261986	0.553015
0.079365	0.569654
0.079365	0.557942
0.079365	0.561289
0.079365	0.564185
0.079365	0.556615
0.079365	0.553786
0.079365	0.550395
0.079365	0.558388
0.079365	0.561616
0.079365	0.563592
0.079365	0.579898
0.091384	0.568087
0.091384	0.558343
0.091384	0.558255
0.091384	0.557800
0.091384	0.559071
0.091384	0.562116
0.091384	0.569879
0.091384	0.564353
0.149005	0.568724
0.149005	0.558727
0.149005	0.559059
0.149005	0.557093
0.149005	0.559560
0.149005	0.563281
0.149005	0.559241
0.144147	0.553442
0.144147	0.555370
0.144147	0.551163
0.144147	0.551705
0.148519	0.557628
0.148519	0.559386
0.148519	0.558468
0.148519	0.551726
0.148519	0.555224
0.148519	0.565268
0.148519	0.583164
0.330713	0.551327
0.330713	0.551563
0.330713	0.549319
0.330713	0.553898
0.330713	0.555621
0.330713	0.556527
0.330713	0.555869
0.112944	0.551517
0.112944	0.554570
0.112944	0.568292
0.112944	0.566523
0.098783	0.559465
0.098783	0.559119
0.098783	0.559328
0.098783	0.560140
0.098783	0.556372
0.190401	0.561427
0.190401	0.563874
0.190401	0.547275
0.190401	0.546053
0.190401	0.546223
0.190401	0.548528
0.190401	0.546828
0.190401	0.549344
0.190401	0.558315
0.316924	0.557331
0.316924	0.559585
0.316924	0.561937
0.316924	0.559953
0.316924	0.560843
0.316924	0.574205
0.316924	0.553966
0.316924	0.556556
0.230489	0.554925
0.230489	0.555922
0.230489	0.571594
0.230489	0.554411
0.230489	0.555716
0.230489	0.556286
0.230489	0.557546
0.230489	0.558788
0.446323	0.555412
0.446323	0.554650
0.446323	0.555961
0.446323	0.555520
0.446323	0.556978
0.446323	0.556357
0.446323	0.555778
0.446323	0.573749
0.446323	0.557958
0.289203	0.557731
0.289203	0.558825
0.289203	0.557444
0.289203	0.557830
0.289203	0.557748
0.289203	0.557182
0.289203	0.566686
0.289203	0.559896
0.289203	0.575215
0.328327	0.560499
0.328327	0.562523
0.328327	0.579490
0.328327	0.586695
0.328327	0.554697
0.328327	0.554997
0.328327	0.553591
0.328327	0.554537
0.375424	0.556024
0.375424	0.553001
0.375424	0.558812
0.375424	0.568842
0.375424	0.554503
0.375424	0.553450
0.283150	0.552215
0.283150	0.552481
0.283150	0.553313
0.283150	0.554124
0.283150	0.554282
0.283150	0.555216
0.235140	0.556148
0.235140	0.555943
0.235140	0.555804
0.235140	0.555543
0.235140	0.562671
0.235140	0.551396
0.235140	0.552774
0.235140	0.552470
0.235140	0.552771
0.042390	0.556242
0.042390	0.555009
0.042390	0.555593
0.042390	0.565069
0.042390	0.557479
0.042390	0.554599
0.279110	0.555165
0.279110	0.553935
0.279110	0.554620
0.279110	0.556046
0.279110	0.557476
0.442202	0.557460
0.442202	0.557959
0.442202	0.559726
0.442202	0.562598
0.442202	0.579640
0.442202	0.544161
0.442202	0.546601
0.442202	0.547059
0.442202	0.544024
0.442202	0.545152
0.442202	0.544504
0.283562	0.543269
0.283562	0.544579
0.283562	0.553220
0.283562	0.553937
0.283562	0.554537
0.283562	0.555916
0.283562	0.563550
0.283562	0.552269
0.292536	0.545645
0.292536	0.548681
0.292536	0.551081
0.292536	0.551428
0.292536	0.554182
0.292536	0.559597
0.292536	0.554723
0.292536	0.628918
0.292536	0.553450
0.292536	0.554120
0.292536	0.553058
0.292536	0.553726
0.439319	0.554429
0.439319	0.555536
0.439319	0.556841
0.439319	0.557992
0.439319	0.557910
0.439319	0.544233
0.439319	0.546761
0.439319	0.547624
0.198924	0.547557
0.198924	0.545102
0.198924	0.544391
0.198924	0.543585
0.198924	0.544362
0.198924	0.553137
0.198924	0.554057
0.198924	0.552686
0.198924	0.552133
0.088994	0.557593
0.088994	0.557578
0.088994	0.557628
0.088994	0.571601
0.088994	0.568486
0.088994	0.565532
0.278228	0.563784
0.278228	0.563541
0.278228	0.565347
0.278228	0.560901
0.278228	0.564191
0.278228	0.572581
0.278228	0.547848
0.278228	0.550301
0.031105	0.550566
0.031105	0.547765
0.031105	0.549452
0.031105	0.548844
0.031105	0.558226
0.031105	0.559804
0.031105	0.557034
0.081398	0.557561
0.081398	0.556053
0.081398	0.556615
0.081398	0.600589
0.081398	0.614457
0.081398	0.560968
0.081398	0.555750
0.081398	0.555693
0.081398	0.555357
0.095616	0.561493
0.095616	0.553851
0.095616	0.553046
0.095616	0.557331
0.095616	0.572377
0.095616	0.555237
0.095616	0.556180
0.095616	0.554082
0.132171	0.554419
0.132171	0.569575
0.132171	0.557611
0.132171	0.560123
0.132171	0.573768
0.132171	0.578578
0.132171	0.550514
0.144457	0.548755
0.144457	0.547033
0.144457	0.551727
0.144457	0.552393
0.144457	0.561631
0.144457	0.574431
0.144457	0.549884
0.144457	0.552404
0.144457	0.564992
0.157018	0.561704
0.157018	0.552416
0.157018	0.558795
0.157018	0.553782
0.157018	0.559993
0.157018	0.561360
0.157018	0.553548
0.157018	0.558085
0.139559	0.553795
0.139559	0.552710
0.139559	0.554043
0.139559	0.554354
0.139559	0.561117
0.139559	0.565890
0.139559	0.555592
0.139559	0.553919
0.119022	0.558317
0.119022	0.556836
0.119022	0.558903
0.119022	0.564977
0.119022	0.564642
0.119022	0.561146
0.119022	0.567755
0.119022	0.560176
0.119022	0.569421
0.119022	0.573346
