Ground Truth	Predictions
0.185420	0.638017
0.185420	0.546507
0.185420	0.530772
0.185420	0.540730
0.185420	0.576366
0.185420	0.532798
0.185420	0.615758
0.185420	0.532882
0.274019	0.598873
0.274019	0.532971
0.274019	0.540671
0.274019	0.572488
0.274019	0.541272
0.274019	0.542866
0.274019	0.537430
0.274019	0.538079
0.274019	0.537298
0.160130	0.536802
0.160130	0.546736
0.160130	0.538059
0.160130	0.538070
0.160130	0.612803
0.300041	0.651344
0.300041	0.533143
0.300041	0.534091
0.300041	0.531392
0.300041	0.532098
0.131521	0.550848
0.131521	0.541639
0.131521	0.534120
0.131521	0.643794
0.131521	0.629681
0.131521	0.535060
0.131521	0.536770
0.131521	0.537373
0.131521	0.538402
0.131521	0.538845
0.166570	0.581800
0.166570	0.535160
0.166570	0.536828
0.166570	0.535728
0.166570	0.537245
0.166570	0.537808
0.198196	0.539593
0.198196	0.543690
0.198196	0.542926
0.198196	0.539438
0.198196	0.540241
0.198196	0.540554
0.198196	0.542547
0.198196	0.573733
0.198196	0.541430
0.088929	0.560595
0.088929	0.565050
0.088929	0.538098
0.088929	0.554476
0.088929	0.530686
0.088929	0.539957
0.160319	0.539628
0.160319	0.533123
0.160319	0.571627
0.160319	0.542890
0.160319	0.589721
0.160319	0.541850
0.160319	0.536530
0.027580	0.576120
0.027580	0.546720
0.027580	0.551804
0.027580	0.548407
0.027580	0.549403
0.027580	0.572944
0.027580	0.557754
0.027580	0.555844
0.027580	0.550853
0.117917	0.560422
0.117917	0.562626
0.117917	0.619729
0.117917	0.571853
0.117917	0.528905
0.117917	0.531680
0.117917	0.530297
0.117917	0.529579
0.117917	0.541204
0.113858	0.604640
0.113858	0.619371
0.113858	0.536416
0.113858	0.538064
0.113858	0.538907
0.113858	0.539803
0.153069	0.539132
0.153069	0.536676
0.153069	0.540125
0.153069	0.555075
0.153069	0.553535
0.153069	0.561809
0.153069	0.553565
0.153069	0.557019
0.040362	0.587078
0.040362	0.548759
0.040362	0.549835
0.040362	0.547895
0.040362	0.548222
0.087433	0.558022
0.087433	0.573212
0.087433	0.644712
0.087433	0.554595
0.087433	0.555134
0.087433	0.580495
0.087433	0.616007
0.087433	0.540047
0.087433	0.540796
0.087433	0.540645
0.087433	0.540788
0.087433	0.545048
0.163310	0.542048
0.163310	0.540602
0.163310	0.546321
0.163310	0.651431
0.163310	0.548902
0.163310	0.552903
0.163310	0.549680
0.163310	0.550067
0.163310	0.570973
0.163310	0.546387
0.163310	0.548961
0.107861	0.545954
0.107861	0.545980
0.107861	0.541581
0.107861	0.542025
0.089944	0.540385
0.089944	0.540304
0.089944	0.547900
0.089944	0.565988
0.089944	0.543317
0.089944	0.611271
0.089944	0.600801
0.173125	0.546388
0.173125	0.547823
0.173125	0.540552
0.173125	0.552370
0.173125	0.546742
0.173125	0.566474
0.178485	0.578873
0.178485	0.554923
0.178485	0.556988
0.178485	0.551604
0.178485	0.558043
0.178485	0.553597
0.178485	0.562206
0.178485	0.563738
0.178485	0.545636
0.399759	0.546282
0.399759	0.544106
0.399759	0.544443
0.399759	0.595016
0.399759	0.580091
0.399759	0.538542
0.399759	0.540047
0.340960	0.537347
0.340960	0.537261
0.340960	0.543447
0.340960	0.574170
0.340960	0.542110
0.340960	0.574525
0.340960	0.650298
0.198412	0.544617
0.198412	0.552181
0.198412	0.544564
0.198412	0.545499
0.135856	0.576494
0.135856	0.540135
0.135856	0.541747
0.135856	0.539054
0.135856	0.540331
0.135856	0.543132
0.135856	0.544765
0.135856	0.579600
0.141604	0.556462
0.141604	0.535890
0.141604	0.540670
0.141604	0.533715
0.141604	0.608749
0.141604	0.547669
0.141604	0.584045
0.096691	0.619595
0.096691	0.642400
0.096691	0.660226
0.096691	0.538949
0.096691	0.540235
0.096691	0.586778
0.096691	0.590985
0.224743	0.554157
0.224743	0.542011
0.224743	0.566738
0.224743	0.664045
0.224743	0.635603
0.224743	0.572602
0.224743	0.559786
0.224743	0.604991
0.194879	0.585226
0.194879	0.573155
0.194879	0.655332
0.194879	0.544736
0.194879	0.556382
0.194879	0.544396
0.194879	0.544624
0.194879	0.636028
0.194879	0.547452
0.109856	0.546305
0.109856	0.630481
0.109856	0.543433
0.109856	0.541315
0.109856	0.539670
0.109856	0.539925
0.109856	0.572011
0.150125	0.538451
0.150125	0.633829
0.150125	0.564351
0.150125	0.562129
0.150125	0.557010
0.150125	0.556559
0.150125	0.561678
0.150125	0.563578
0.150125	0.569160
0.155292	0.565161
0.155292	0.538698
0.155292	0.542477
0.155292	0.537466
0.155292	0.539227
0.155292	0.540924
0.155292	0.599092
0.155292	0.612184
0.155292	0.546005
0.155292	0.549844
0.155292	0.546081
0.149940	0.549782
0.149940	0.642127
0.149940	0.532702
0.149940	0.536440
0.149940	0.535304
0.149940	0.535181
0.149940	0.539084
0.149940	0.535507
0.149940	0.555155
0.149940	0.550564
0.143914	0.552589
0.143914	0.550782
0.143914	0.552123
0.143914	0.571774
0.143914	0.557804
0.143914	0.558581
0.143914	0.606944
0.143914	0.544648
0.073448	0.546647
0.073448	0.543170
0.073448	0.543040
0.073448	0.550805
0.073448	0.560521
0.073448	0.543525
0.073448	0.577546
0.073448	0.647435
0.073448	0.536597
0.103743	0.537383
0.103743	0.536385
0.103743	0.535844
0.103743	0.541979
0.103743	0.543144
0.103743	0.563895
0.103743	0.598835
0.103743	0.646927
0.103743	0.550352
0.175584	0.548147
0.175584	0.545299
0.175584	0.551763
0.175584	0.552210
0.175584	0.559365
0.175584	0.562823
0.175584	0.545326
0.175584	0.546256
0.175584	0.543945
0.175584	0.543269
0.175584	0.549388
0.175584	0.548041
0.109543	0.547684
0.109543	0.558911
0.109543	0.549829
0.109543	0.536303
0.333663	0.536500
0.333663	0.534458
0.333663	0.534086
0.333663	0.545166
0.333663	0.544404
0.333663	0.593761
0.333663	0.612368
0.333663	0.646277
0.333663	0.533299
0.333663	0.538148
0.249626	0.533516
0.249626	0.533575
0.249626	0.537965
0.249626	0.562107
0.249626	0.537502
0.249626	0.601587
0.249626	0.537830
0.249626	0.539280
0.398432	0.538035
0.398432	0.537929
0.398432	0.542212
0.398432	0.541753
0.398432	0.545507
0.398432	0.548342
0.398432	0.536958
0.398432	0.536880
0.398432	0.534678
0.483049	0.534067
0.483049	0.538331
0.483049	0.540034
0.483049	0.541312
0.483049	0.542181
0.483049	0.526804
0.483049	0.526463
0.483049	0.525164
0.399149	0.524113
0.399149	0.607490
0.399149	0.579951
0.399149	0.525762
0.399149	0.527344
0.399149	0.525549
0.399149	0.525076
0.221298	0.555176
0.221298	0.527515
0.221298	0.531252
0.221298	0.532154
0.221298	0.530305
0.619203	0.529963
0.619203	0.534355
0.619203	0.534617
0.619203	0.538928
0.619203	0.538472
0.619203	0.527089
0.619203	0.527209
0.619203	0.524959
0.619203	0.526406
0.405389	0.534359
0.405389	0.530732
0.405389	0.567729
0.405389	0.532588
0.405389	0.618866
0.405389	0.526113
0.405389	0.529936
0.405389	0.525486
0.405389	0.540693
0.599206	0.533127
0.599206	0.540510
0.599206	0.528648
0.599206	0.597167
0.510820	0.625487
0.510820	0.523125
0.510820	0.527159
0.510820	0.522784
0.510820	0.536456
0.510820	0.527622
0.510820	0.533053
0.510820	0.527534
0.510820	0.532232
0.710372	0.538800
0.710372	0.518872
0.710372	0.520063
0.710372	0.515768
0.710372	0.526409
0.710372	0.525008
0.779178	0.517452
0.779178	0.528443
0.779178	0.560911
0.779178	0.525433
0.779178	0.573661
0.779178	0.518538
0.779178	0.528339
0.779178	0.520628
0.925505	0.522934
0.925505	0.521687
0.925505	0.593736
0.925505	0.606533
0.925505	0.626661
0.925505	0.530862
0.925505	0.521780
0.925505	0.537495
0.925505	0.522757
0.925505	0.575262
0.925505	0.639314
0.925505	0.544063
0.925505	0.529656
0.925505	0.532129
0.617681	0.532423
0.617681	0.538422
0.617681	0.534310
0.617681	0.531268
0.617681	0.532109
0.617681	0.531079
0.617681	0.533499
0.617681	0.539461
0.617681	0.531160
0.526775	0.539164
0.526775	0.533384
0.526775	0.533744
0.526775	0.571511
0.526775	0.601211
0.526775	0.541181
0.526775	0.540566
0.526775	0.541520
0.593784	0.545997
0.593784	0.544081
0.593784	0.539200
0.593784	0.544658
0.593784	0.544507
0.593784	0.544305
0.593784	0.589885
0.689764	0.579287
0.689764	0.548133
0.689764	0.549895
0.689764	0.550633
0.689764	0.551589
0.689764	0.552723
0.689764	0.579241
0.689764	0.579892
0.619103	0.578018
0.619103	0.557452
0.619103	0.587630
0.619103	0.557139
0.619103	0.558373
0.619103	0.564833
0.619103	0.564714
0.619103	0.557397
0.619103	0.558747
0.659101	0.588605
0.659101	0.600279
0.659101	0.578652
0.659101	0.612289
0.659101	0.639826
0.659101	0.551038
0.659101	0.559204
0.659101	0.547819
0.659101	0.547942
0.821418	0.560240
0.821418	0.603087
0.821418	0.554346
0.821418	0.576915
0.821418	0.614978
0.821418	0.541266
0.821418	0.544359
0.821418	0.539833
0.821418	0.539606
0.821418	0.551626
0.821418	0.544277
0.899873	0.563555
0.899873	0.563085
0.899873	0.562957
0.899873	0.573009
0.899873	0.565117
0.899873	0.633534
0.899873	0.571518
0.899873	0.562950
0.899873	0.591301
0.565140	0.562055
0.565140	0.620604
0.565140	0.677145
0.565140	0.549603
0.565140	0.579467
0.565140	0.556097
0.565140	0.596294
0.565140	0.671045
0.544871	0.542581
0.544871	0.654312
0.544871	0.545003
0.544871	0.607035
0.544871	0.542825
0.544871	0.550096
0.544871	0.544392
0.544871	0.547297
0.846148	0.564816
0.846148	0.602503
0.846148	0.553211
0.846148	0.579323
0.846148	0.656030
0.846148	0.550888
0.846148	0.546070
0.846148	0.544861
0.610399	0.563818
0.610399	0.553444
0.610399	0.589170
0.610399	0.587084
0.610399	0.654102
0.610399	0.669296
0.610399	0.551071
0.443381	0.548966
0.443381	0.545538
0.443381	0.550962
0.443381	0.558507
0.443381	0.552468
0.443381	0.546781
0.443381	0.551222
0.443381	0.545776
0.443381	0.572049
0.443381	0.565059
0.443381	0.564099
0.521091	0.673513
0.521091	0.668652
0.521091	0.548976
0.521091	0.545714
0.521091	0.543453
0.521091	0.548174
0.521091	0.569897
0.521091	0.546329
0.561439	0.567768
0.561439	0.582766
0.561439	0.540206
0.561439	0.538355
0.561439	0.535343
0.561439	0.541919
0.561439	0.587501
0.561439	0.555845
0.354589	0.662077
0.354589	0.542551
0.354589	0.541681
0.354589	0.541425
0.354589	0.546612
0.354589	0.590234
0.354589	0.544894
0.354589	0.552818
0.160345	0.665666
0.160345	0.539447
0.160345	0.540524
0.160345	0.540580
0.160345	0.542596
0.160345	0.552584
0.160345	0.543449
0.160345	0.648631
0.532163	0.653029
0.532163	0.531077
0.532163	0.533832
0.532163	0.534069
0.532163	0.533575
0.414895	0.533223
0.414895	0.593141
0.414895	0.589978
0.414895	0.533943
0.414895	0.536308
0.226771	0.535886
0.226771	0.537523
0.226771	0.539563
0.226771	0.545520
0.226771	0.545369
0.226771	0.553565
0.378697	0.547189
0.378697	0.546073
0.378697	0.556362
0.378697	0.557806
0.378697	0.549714
0.378697	0.561622
0.378697	0.548467
0.378697	0.560396
0.578516	0.550183
0.578516	0.556281
0.578516	0.565629
0.578516	0.557498
0.578516	0.559604
0.578516	0.555531
0.436702	0.558357
0.436702	0.556743
0.436702	0.563859
0.436702	0.563878
0.436702	0.569140
0.436702	0.582884
0.436702	0.603298
0.436702	0.556732
0.436702	0.560785
0.436702	0.556817
0.436702	0.564035
0.444855	0.567684
0.444855	0.574049
0.444855	0.583927
0.444855	0.595436
0.444855	0.578999
0.444855	0.582776
0.444855	0.577332
0.571534	0.580962
0.571534	0.595192
0.571534	0.584072
0.571534	0.593680
0.571534	0.585802
0.571534	0.548586
0.571534	0.550773
0.571534	0.549882
0.534071	0.550377
0.534071	0.552617
0.534071	0.556726
0.534071	0.579586
0.534071	0.562267
0.555083	0.565433
0.555083	0.561148
0.555083	0.585642
0.555083	0.572375
0.555083	0.572642
0.555083	0.588365
0.555083	0.594261
0.555083	0.589535
0.555083	0.599260
0.555083	0.587833
0.555083	0.589323
0.555083	0.607515
0.555083	0.591907
0.555083	0.605832
0.510231	0.594132
0.510231	0.589652
0.510231	0.601945
0.510231	0.577074
0.510231	0.575476
0.510231	0.562224
0.510231	0.558949
0.510231	0.554384
0.510231	0.558604
0.510231	0.592592
0.510231	0.599031
0.656466	0.625234
0.656466	0.572472
0.656466	0.573775
0.656466	0.573743
0.656466	0.573614
0.656466	0.575139
0.656466	0.574823
0.656466	0.648113
0.656466	0.587424
0.443867	0.592945
0.443867	0.588401
0.443867	0.590716
0.443867	0.598565
0.443867	0.589981
0.443867	0.603507
0.443867	0.592748
0.443867	0.549726
0.443867	0.551527
0.454291	0.548065
0.454291	0.553455
0.454291	0.555622
0.454291	0.548657
0.345958	0.553362
0.345958	0.550115
0.345958	0.551984
0.345958	0.556371
0.345958	0.551447
0.345958	0.585717
0.345958	0.590516
0.345958	0.586741
0.345958	0.605719
0.574819	0.591349
0.574819	0.634049
0.574819	0.602116
0.574819	0.575959
0.574819	0.583380
0.574819	0.576697
0.574819	0.600968
0.574819	0.596497
0.574819	0.577825
0.528498	0.594641
0.528498	0.593858
0.528498	0.631956
0.528498	0.597811
0.528498	0.579488
0.528498	0.591278
0.528498	0.581520
0.408343	0.602581
0.408343	0.616525
0.408343	0.617086
0.408343	0.606344
0.408343	0.589327
0.408343	0.596581
0.408343	0.617246
0.408343	0.615782
0.485781	0.560440
0.485781	0.567152
0.485781	0.565364
0.485781	0.561787
0.485781	0.575103
0.485781	0.562930
0.485781	0.600859
0.440799	0.565994
0.440799	0.616783
0.440799	0.569015
0.440799	0.603719
0.440799	0.562469
0.621243	0.563943
0.621243	0.562608
0.621243	0.564459
0.621243	0.609448
0.621243	0.622180
0.621243	0.594413
0.621243	0.564849
0.621243	0.571089
0.621243	0.567085
0.621243	0.564603
0.621243	0.579973
0.479912	0.564851
0.479912	0.573493
0.479912	0.574373
0.479912	0.589369
0.479912	0.579865
0.479912	0.627114
0.479912	0.565988
0.473602	0.565267
0.473602	0.564542
0.473602	0.566020
0.473602	0.566896
0.473602	0.573914
0.473602	0.576956
0.473602	0.590304
0.473602	0.593987
0.473602	0.590462
0.384579	0.593808
0.384579	0.622241
0.384579	0.564354
0.384579	0.563967
0.384579	0.563374
0.384579	0.565365
0.384579	0.566537
0.351180	0.576446
0.351180	0.575666
0.351180	0.556392
0.351180	0.558398
0.351180	0.553849
0.351180	0.557389
0.351180	0.580476
0.351180	0.570097
0.351180	0.558871
0.351180	0.562378
0.351180	0.557527
0.481614	0.560341
0.481614	0.566117
0.481614	0.573631
0.481614	0.594951
0.481614	0.600138
0.481614	0.566249
0.481614	0.585472
0.333777	0.565869
0.333777	0.565444
0.333777	0.547662
0.333777	0.546783
0.333777	0.546142
0.333777	0.546378
0.333777	0.546948
0.333777	0.543383
0.235262	0.544967
0.235262	0.547328
0.235262	0.545004
0.235262	0.561289
0.235262	0.546397
0.235262	0.565674
0.235262	0.568118
0.235262	0.563045
0.354366	0.568179
0.354366	0.601375
0.354366	0.561756
0.354366	0.561352
0.354366	0.557712
0.354366	0.567914
0.354366	0.573958
0.354366	0.628115
0.584172	0.583133
0.584172	0.546033
0.584172	0.548280
0.584172	0.546325
0.584172	0.567644
0.584172	0.599415
0.584172	0.559503
0.584172	0.582190
0.450977	0.674645
0.450977	0.557924
0.450977	0.558564
0.450977	0.557140
0.450977	0.589839
0.450977	0.585744
0.450977	0.561465
0.450977	0.642271
0.189260	0.580101
0.189260	0.666045
0.189260	0.560488
0.189260	0.565958
0.189260	0.560502
0.189260	0.562737
0.189260	0.587733
0.189260	0.609734
0.676630	0.609103
0.676630	0.656272
0.676630	0.667503
0.676630	0.568170
0.676630	0.556838
0.647250	0.552765
0.647250	0.571281
0.647250	0.575460
0.647250	0.577676
0.647250	0.578809
0.647250	0.603839
0.647250	0.547441
0.647250	0.547824
0.464720	0.547152
0.464720	0.546934
0.464720	0.553876
0.464720	0.555222
0.464720	0.548594
0.328064	0.574512
0.328064	0.561284
0.328064	0.551431
0.328064	0.548232
0.328064	0.546081
0.328064	0.553807
0.328064	0.556042
0.328064	0.548333
0.611229	0.554720
0.611229	0.559833
0.611229	0.556927
0.611229	0.557214
0.611229	0.552638
0.611229	0.553356
0.611229	0.568537
0.411344	0.554303
0.411344	0.555989
0.411344	0.566714
0.411344	0.567264
0.535178	0.565925
0.535178	0.566209
0.535178	0.568799
0.535178	0.570260
0.535178	0.571678
0.535178	0.566864
0.535178	0.566428
0.810957	0.566561
0.810957	0.567372
0.810957	0.565907
0.810957	0.571571
0.810957	0.569133
0.810957	0.565535
0.810957	0.566036
0.810957	0.565337
0.810957	0.565395
0.810957	0.568069
0.810957	0.566883
0.810957	0.568310
0.810957	0.568956
0.810957	0.574307
0.809031	0.570311
0.809031	0.569596
0.809031	0.593754
0.809031	0.563125
0.809031	0.562151
0.809031	0.562311
0.809031	0.564614
0.809031	0.576750
0.809031	0.567007
0.718800	0.559098
0.718800	0.563000
0.718800	0.555380
0.718800	0.569662
0.718800	0.572870
0.718800	0.584665
0.718800	0.564471
0.718800	0.571002
0.718800	0.562913
0.730104	0.601403
0.730104	0.565283
0.730104	0.625551
0.730104	0.579189
0.730104	0.565130
0.730104	0.572879
0.730104	0.570170
0.730104	0.615978
0.730104	0.568915
0.730104	0.587825
0.730104	0.566964
0.866427	0.568799
0.866427	0.593021
0.866427	0.548200
0.866427	0.618227
0.866427	0.547742
0.866427	0.594241
0.866427	0.544428
0.866427	0.546743
0.986982	0.546397
0.986982	0.545805
0.986982	0.548810
0.986982	0.558965
0.986982	0.551667
0.917466	0.631002
0.917466	0.639732
0.917466	0.546341
0.917466	0.544963
0.917466	0.544118
0.917466	0.552392
0.917466	0.592513
0.917466	0.585398
0.917466	0.554831
0.420602	0.569000
0.420602	0.567310
0.420602	0.567466
0.420602	0.567103
0.420602	0.566989
0.420602	0.567679
0.420602	0.565924
0.420602	0.567839
0.724314	0.567565
0.724314	0.568128
0.724314	0.567535
0.724314	0.566895
0.724314	0.569590
0.801588	0.563961
0.801588	0.562426
0.801588	0.562277
0.801588	0.566471
0.801588	0.569849
0.801588	0.586152
0.801588	0.581055
0.801588	0.560959
0.276802	0.566375
0.276802	0.557905
0.276802	0.560925
0.276802	0.580514
0.276802	0.550751
0.276802	0.550492
0.276802	0.549565
0.276802	0.548845
0.276802	0.559845
0.457943	0.561100
0.457943	0.551789
0.457943	0.551810
0.457943	0.547550
0.457943	0.552340
0.660147	0.666078
0.660147	0.542080
0.660147	0.544367
0.660147	0.543658
0.660147	0.583861
0.660147	0.546749
0.660147	0.598029
0.660147	0.577412
0.370459	0.649173
0.370459	0.627952
0.370459	0.544353
0.370459	0.656447
0.370459	0.544776
0.370459	0.644568
0.370459	0.540575
0.370459	0.553057
0.370459	0.545527
0.362279	0.581640
0.362279	0.563758
0.362279	0.606418
0.362279	0.575009
0.362279	0.645211
0.362279	0.600472
0.362279	0.545264
0.362279	0.560783
0.362279	0.545226
0.649272	0.546485
0.649272	0.554876
0.649272	0.559817
0.649272	0.552492
0.649272	0.553643
0.649272	0.580459
0.649272	0.553396
0.649272	0.547063
0.649272	0.546992
0.649272	0.557113
0.649272	0.571373
0.649272	0.556914
0.480126	0.573757
0.480126	0.571609
0.480126	0.575259
0.480126	0.622285
0.480126	0.623090
0.480126	0.549510
0.480126	0.553208
0.480126	0.549091
0.480126	0.554142
0.605952	0.570940
0.605952	0.587382
0.605952	0.549257
0.605952	0.562636
0.605952	0.551194
0.605952	0.574346
0.605952	0.609492
0.745719	0.555230
0.745719	0.556551
0.745719	0.593997
0.745719	0.548585
0.745719	0.650857
0.745719	0.543469
0.745719	0.581693
0.745719	0.543599
0.745719	0.544581
0.755633	0.543935
0.755633	0.544412
0.755633	0.591060
0.755633	0.621059
0.755633	0.549681
0.755633	0.657988
0.755633	0.664544
0.755633	0.551399
0.184687	0.542772
0.184687	0.542143
0.184687	0.604847
0.184687	0.623399
0.147980	0.610778
0.147980	0.550132
0.147980	0.611128
0.147980	0.545169
0.147980	0.561788
0.147980	0.562103
0.147980	0.560406
0.147980	0.562371
0.147980	0.563292
0.140976	0.563144
0.140976	0.573999
0.140976	0.594109
0.140976	0.580785
0.140976	0.580299
0.140976	0.579331
0.140976	0.582479
0.536546	0.614891
0.536546	0.601731
0.536546	0.585581
0.536546	0.608518
0.536546	0.600839
0.536546	0.573147
0.536546	0.570964
0.536546	0.569735
0.536546	0.599724
0.536546	0.569457
0.536546	0.580458
0.536546	0.590050
0.173125	0.559657
0.173125	0.565457
0.173125	0.559110
0.173125	0.561938
0.173125	0.570648
0.173125	0.578257
0.173125	0.578653
0.173125	0.578077
0.173125	0.577486
0.173125	0.581292
0.173125	0.599126
0.181294	0.588715
0.181294	0.581212
0.181294	0.617343
0.181294	0.589952
0.181294	0.576735
0.200764	0.578016
0.200764	0.574836
0.200764	0.573943
0.200764	0.578122
0.200764	0.575643
0.200764	0.576994
0.200764	0.571938
0.200764	0.577582
0.154194	0.573039
0.154194	0.572001
0.154194	0.573112
0.154194	0.570516
0.154194	0.574263
0.154194	0.572432
0.154194	0.574065
0.154194	0.596196
0.154194	0.596770
0.154194	0.570679
0.154194	0.573208
0.417496	0.569711
0.417496	0.569932
0.417496	0.580394
0.417496	0.574713
0.417496	0.574252
0.417496	0.581366
0.417496	0.567914
0.417496	0.567406
0.417496	0.566874
0.142276	0.567134
0.142276	0.567798
0.142276	0.568322
0.142276	0.572908
0.142276	0.569927
0.142276	0.547406
0.283268	0.548024
0.283268	0.547430
0.283268	0.554983
0.283268	0.555077
0.283268	0.553727
0.283268	0.599872
0.283268	0.561725
0.202178	0.566341
0.202178	0.566115
0.202178	0.564388
0.202178	0.566087
0.202178	0.562946
0.202178	0.557205
0.202178	0.613530
0.202178	0.647582
0.202178	0.554128
0.479627	0.554755
0.479627	0.554261
0.479627	0.554625
0.479627	0.556762
0.479627	0.555146
0.479627	0.570791
0.479627	0.571501
0.479627	0.570569
0.479627	0.569403
0.479627	0.574458
0.479627	0.570810
0.354820	0.578100
0.354820	0.602919
0.354820	0.571713
0.354820	0.571905
0.354820	0.571163
0.354820	0.570766
0.354820	0.572838
0.354820	0.572406
0.576409	0.583577
0.576409	0.577096
0.576409	0.567285
0.576409	0.566363
0.576409	0.565543
0.576409	0.567402
0.576409	0.567696
0.576409	0.569406
0.576409	0.577529
0.423186	0.565517
0.423186	0.565647
0.423186	0.565218
0.423186	0.565933
0.423186	0.566579
0.378853	0.566447
0.378853	0.582913
0.378853	0.577554
0.378853	0.583561
0.378853	0.580402
0.378853	0.587293
0.378853	0.604257
0.378853	0.598904
0.378853	0.579241
0.378853	0.598937
0.378853	0.578294
0.191652	0.574421
0.191652	0.573282
0.191652	0.572978
0.191652	0.582796
0.191652	0.602012
0.191652	0.585487
0.191652	0.664971
0.191652	0.595276
0.196865	0.585768
0.196865	0.621049
0.196865	0.585062
0.196865	0.622064
0.196865	0.568468
0.196865	0.574820
0.196865	0.566207
0.196865	0.601592
0.166724	0.633856
0.166724	0.618424
0.166724	0.564678
0.166724	0.566482
0.166724	0.563269
0.166724	0.566166
0.166724	0.619519
0.106202	0.576554
0.106202	0.586261
0.106202	0.585722
0.106202	0.582513
0.106202	0.599733
0.106202	0.619988
0.106202	0.614807
0.147210	0.625067
0.147210	0.597297
0.147210	0.592891
0.147210	0.620611
0.176541	0.657478
0.176541	0.560038
0.176541	0.561360
0.176541	0.558982
0.176541	0.559704
0.176541	0.561306
0.176541	0.614422
0.176541	0.643610
0.163404	0.555478
0.163404	0.556766
0.163404	0.554808
0.163404	0.556400
0.163404	0.607514
0.163404	0.635057
0.163404	0.578232
0.163404	0.575618
0.192385	0.575586
0.192385	0.573955
0.192385	0.574574
0.192385	0.581127
0.192385	0.584296
0.192385	0.579825
0.192385	0.602963
0.350884	0.608466
0.350884	0.558755
0.350884	0.559326
0.350884	0.558531
0.350884	0.559217
0.350884	0.560245
0.350884	0.570879
0.350884	0.569318
0.350884	0.560014
0.183452	0.560815
0.183452	0.559014
0.183452	0.561001
0.183452	0.562241
0.183452	0.624742
0.183452	0.592356
0.183452	0.574449
0.105899	0.576130
0.105899	0.575140
0.105899	0.575789
0.105899	0.589030
0.105899	0.597930
0.367830	0.604947
0.367830	0.576205
0.367830	0.579734
0.367830	0.617951
0.367830	0.608080
0.367830	0.558109
0.367830	0.560915
0.753576	0.561721
0.753576	0.557377
0.753576	0.559500
0.753576	0.567964
0.386423	0.576091
0.386423	0.558600
0.386423	0.559806
0.386423	0.561218
0.386423	0.558930
0.386423	0.561631
0.386423	0.561243
0.386423	0.568458
0.688726	0.569774
0.688726	0.568556
0.688726	0.570334
0.688726	0.570892
0.688726	0.570392
0.688726	0.576002
0.688726	0.570115
0.688726	0.626410
0.688726	0.599636
0.187512	0.553766
0.187512	0.555011
0.187512	0.553278
0.187512	0.554089
0.187512	0.561808
0.187512	0.577385
0.187512	0.573040
0.308260	0.573426
0.308260	0.572752
0.308260	0.573062
0.308260	0.573906
0.308260	0.572510
0.308260	0.573673
0.308260	0.572942
0.123133	0.556741
0.123133	0.559230
0.123133	0.561343
0.123133	0.556378
0.123133	0.559605
0.318152	0.557080
0.318152	0.556936
0.318152	0.587344
0.318152	0.569415
0.318152	0.572854
0.318152	0.569449
0.318152	0.570261
0.318152	0.574796
0.108164	0.576505
0.108164	0.575773
0.108164	0.580413
0.108164	0.614854
0.108164	0.558457
0.108164	0.564324
0.108164	0.563401
0.108164	0.558926
0.277101	0.562308
0.277101	0.559445
0.277101	0.562099
0.277101	0.575780
0.277101	0.585326
0.277101	0.565653
0.277101	0.567125
0.277101	0.567226
0.277101	0.566045
0.277101	0.566722
0.277101	0.564793
0.122380	0.564991
0.122380	0.565921
0.122380	0.549498
0.122380	0.548586
0.122380	0.547204
0.122380	0.549969
0.122380	0.551445
0.122380	0.547020
0.055108	0.551621
0.055108	0.553278
0.055108	0.560476
0.055108	0.580707
0.055108	0.589031
0.055108	0.566421
0.055108	0.570840
0.055108	0.567255
0.101602	0.581221
0.101602	0.583853
0.101602	0.611842
0.101602	0.563660
0.101602	0.570443
0.101602	0.563957
0.095788	0.584554
0.095788	0.564282
0.095788	0.567941
0.095788	0.574212
0.095788	0.567208
0.095788	0.545606
0.095788	0.547124
0.095788	0.546399
0.191568	0.547400
0.191568	0.558524
0.191568	0.618842
0.191568	0.570765
0.191568	0.549642
0.191568	0.550060
0.191568	0.549278
0.191568	0.559179
0.191568	0.551066
0.100603	0.553752
0.100603	0.554965
0.100603	0.570083
0.100603	0.573337
0.100603	0.569766
0.100603	0.580613
0.255673	0.572164
0.255673	0.570881
0.255673	0.577783
0.255673	0.575384
0.255673	0.612153
0.255673	0.579533
0.255673	0.574241
0.291657	0.583834
0.291657	0.572506
0.291657	0.572732
0.291657	0.574359
0.291657	0.572508
0.291657	0.571999
0.291657	0.592688
0.109760	0.575101
0.109760	0.573790
0.109760	0.582587
0.109760	0.593754
0.109760	0.579961
0.109760	0.593117
0.109760	0.580092
0.109760	0.578001
0.261689	0.599065
0.261689	0.613974
0.261689	0.621287
0.261689	0.580607
0.261689	0.587237
0.261689	0.632420
0.261689	0.594365
0.261689	0.569298
0.261689	0.566068
0.261689	0.565395
0.261689	0.605581
0.101237	0.616518
0.101237	0.572875
0.101237	0.571174
0.101237	0.571578
0.101237	0.569415
0.101237	0.573220
0.101237	0.573059
0.274961	0.618549
0.274961	0.579145
0.274961	0.588745
0.274961	0.614924
0.274961	0.586559
0.274961	0.605494
0.274961	0.571118
0.274961	0.575584
0.208354	0.566671
0.208354	0.567651
0.208354	0.580439
0.208354	0.572214
0.208354	0.581524
0.208354	0.615025
0.208354	0.612845
0.208354	0.606366
0.208354	0.608928
0.353335	0.649821
0.353335	0.606854
0.353335	0.614500
0.353335	0.607310
0.353335	0.611061
0.353335	0.637770
0.548739	0.569626
0.548739	0.573426
0.548739	0.569850
0.548739	0.573714
0.548739	0.576477
0.548739	0.607702
0.548739	0.598247
0.548739	0.596065
0.510295	0.601789
0.510295	0.596066
0.510295	0.601547
0.510295	0.605709
0.510295	0.596356
0.510295	0.595103
0.510295	0.600946
0.510295	0.576601
0.486763	0.583979
0.486763	0.579573
0.486763	0.579707
0.486763	0.585834
0.486763	0.587728
0.486763	0.593437
0.486763	0.593030
0.542520	0.593542
0.542520	0.601707
0.542520	0.596222
0.542520	0.598320
0.518395	0.615524
0.518395	0.620860
0.518395	0.578170
0.518395	0.584718
0.518395	0.579791
0.518395	0.582119
0.518395	0.591767
0.518395	0.585141
0.518395	0.609510
0.322701	0.648004
0.322701	0.577311
0.322701	0.577677
0.322701	0.575297
0.322701	0.584761
0.322701	0.578668
0.345183	0.587831
0.345183	0.585408
0.345183	0.592078
0.345183	0.598141
0.345183	0.592785
0.345183	0.596761
0.345183	0.615397
0.256208	0.567250
0.256208	0.568318
0.256208	0.566720
0.256208	0.617995
0.256208	0.612321
0.256208	0.575486
0.240423	0.597840
0.240423	0.573864
0.240423	0.585203
0.240423	0.578802
0.240423	0.585025
0.240423	0.571166
0.240423	0.626648
0.410628	0.571876
0.410628	0.579885
0.410628	0.584886
0.410628	0.592160
0.410628	0.584438
0.410628	0.588088
0.410628	0.608497
0.410628	0.575789
0.255980	0.576359
0.255980	0.575633
0.255980	0.575871
0.255980	0.582068
0.255980	0.578030
0.255980	0.579030
0.255980	0.584968
0.255980	0.583648
0.255980	0.584729
0.239730	0.579091
0.239730	0.582943
0.239730	0.604002
0.239730	0.566655
0.239730	0.566316
0.239730	0.565776
0.239730	0.568090
0.239730	0.568618
0.239730	0.564687
0.239730	0.565612
0.133432	0.566036
0.133432	0.565314
0.133432	0.565456
0.133432	0.563706
0.133432	0.565529
0.133432	0.566094
0.133432	0.565787
0.173854	0.564824
0.173854	0.566519
0.173854	0.568940
0.173854	0.565102
0.173854	0.569957
0.173854	0.569278
0.173854	0.579931
0.173854	0.569387
0.173854	0.566413
0.120020	0.572868
0.120020	0.581126
0.120020	0.586066
0.120020	0.579878
0.120020	0.581989
0.120020	0.591153
0.120020	0.594640
0.133904	0.584869
0.133904	0.580641
0.133904	0.595370
0.133904	0.568547
0.133904	0.570554
0.133904	0.570291
0.133904	0.580108
0.117963	0.580142
0.117963	0.577948
0.117963	0.581984
0.117963	0.589433
0.117963	0.585239
0.117963	0.614078
0.117963	0.587591
0.140722	0.606906
0.140722	0.591112
0.140722	0.598663
0.140722	0.588964
0.140722	0.594432
0.140722	0.594755
0.140722	0.601254
0.140722	0.623872
0.149600	0.616564
0.149600	0.581307
0.149600	0.588714
0.149600	0.580353
0.149600	0.580953
0.149600	0.595390
0.149600	0.579409
0.097574	0.585658
0.097574	0.611968
0.097574	0.634180
0.097574	0.622272
0.097574	0.596240
0.097574	0.599990
0.097574	0.590019
0.097574	0.593799
0.097574	0.615495
0.097574	0.623803
0.097574	0.567305
0.290804	0.570441
0.290804	0.564339
0.290804	0.571676
0.290804	0.582099
0.290804	0.565240
0.510531	0.578891
0.510531	0.568665
0.510531	0.581433
0.510531	0.566002
0.510531	0.582091
0.510531	0.584856
0.510531	0.586582
0.375252	0.592021
0.375252	0.598325
0.375252	0.604513
0.375252	0.598978
0.375252	0.608935
0.375252	0.615291
0.375252	0.607287
0.375252	0.612150
0.512299	0.614710
0.512299	0.569405
0.512299	0.571687
0.512299	0.573433
0.512299	0.575385
0.512299	0.575455
0.512299	0.586820
0.512299	0.590532
0.512299	0.603498
0.276759	0.608466
0.276759	0.598550
0.276759	0.606716
0.276759	0.633122
0.276759	0.583584
0.276759	0.597835
0.276759	0.576765
0.276759	0.580606
0.153679	0.593764
0.153679	0.595647
0.153679	0.588198
0.153679	0.589965
0.153679	0.622144
0.153679	0.590442
0.153679	0.606458
0.153679	0.592608
0.153679	0.593134
0.249254	0.573806
0.249254	0.579109
0.249254	0.573257
0.249254	0.571010
0.249254	0.580698
0.249254	0.591667
0.249254	0.589917
0.249254	0.595867
0.249254	0.568322
0.176742	0.574266
0.176742	0.571760
0.176742	0.570076
0.176742	0.577418
0.176742	0.578313
0.176742	0.593978
0.176742	0.593647
0.176742	0.581682
0.289069	0.581321
0.289069	0.580123
0.289069	0.587750
0.289069	0.581593
0.289069	0.598393
0.289069	0.590958
0.289069	0.567536
0.289069	0.567823
0.141887	0.566977
0.141887	0.608931
0.141887	0.616732
0.141887	0.578186
0.141887	0.630254
0.141887	0.578403
0.141887	0.583652
0.141887	0.580048
0.292998	0.592414
0.292998	0.584587
0.292998	0.586318
0.292998	0.581517
0.292998	0.588214
0.292998	0.594525
0.292998	0.587080
0.292998	0.593333
0.292998	0.589620
0.292998	0.590352
0.292998	0.606916
0.284751	0.575085
0.284751	0.603377
0.284751	0.577082
0.284751	0.592106
0.284751	0.575406
0.284751	0.581156
0.349669	0.576092
0.349669	0.583834
0.349669	0.577850
0.349669	0.579264
0.159835	0.573715
0.159835	0.579003
0.159835	0.583510
0.159835	0.628657
0.159835	0.640306
0.159835	0.566494
0.159835	0.565216
0.441273	0.564537
0.441273	0.590630
0.441273	0.581021
0.441273	0.568392
0.441273	0.605559
0.441273	0.578595
0.441273	0.561103
0.441273	0.561415
0.154566	0.559848
0.154566	0.561855
0.154566	0.576275
0.154566	0.567168
0.154566	0.582894
0.154566	0.578198
0.154566	0.566432
0.154566	0.570402
0.291913	0.565606
0.291913	0.567136
0.291913	0.580920
0.291913	0.574612
0.291913	0.574862
0.167176	0.571892
0.167176	0.568568
0.167176	0.566029
0.167176	0.567164
0.167176	0.579309
0.158778	0.570448
0.158778	0.574326
0.158778	0.576952
0.158778	0.548261
0.129192	0.565148
0.129192	0.546916
0.129192	0.620789
0.129192	0.613078
0.129192	0.584108
0.129192	0.635672
0.129192	0.552465
0.129192	0.575904
0.129192	0.558873
0.094669	0.569201
0.094669	0.563818
0.094669	0.606361
0.094669	0.560393
0.094669	0.558958
0.191708	0.563671
0.191708	0.593337
0.191708	0.558508
0.191708	0.573241
0.191708	0.638349
0.191708	0.644095
0.191708	0.641753
0.191708	0.581499
0.114945	0.568268
0.114945	0.566335
0.114945	0.625140
0.114945	0.601986
0.104374	0.565356
0.104374	0.573535
0.104374	0.599744
0.104374	0.570502
0.104374	0.571600
0.104374	0.575312
0.104374	0.578059
0.104374	0.585389
0.136149	0.574063
0.136149	0.579853
0.136149	0.612033
0.136149	0.587398
0.136149	0.594843
0.136149	0.600779
0.136149	0.581599
0.110775	0.578112
0.110775	0.572407
0.110775	0.584149
0.110775	0.596196
0.110775	0.600998
0.289274	0.640317
0.289274	0.605200
0.289274	0.569270
0.289274	0.570364
0.289274	0.568378
0.289274	0.570874
0.289274	0.578134
0.120351	0.618665
0.120351	0.587670
0.120351	0.605705
0.120351	0.572124
0.120351	0.572339
0.120351	0.568979
0.120351	0.576855
0.117263	0.587514
0.117263	0.575484
0.117263	0.589017
0.117263	0.594988
0.380216	0.588630
0.380216	0.584337
0.380216	0.598568
0.380216	0.599652
0.380216	0.600295
0.380216	0.587670
0.380216	0.594996
0.409315	0.607538
0.409315	0.637385
0.409315	0.583979
0.409315	0.588241
0.409315	0.585100
0.409315	0.586286
0.343976	0.593747
0.343976	0.593384
0.343976	0.595490
0.343976	0.586333
0.343976	0.592373
0.343976	0.613033
0.343976	0.608796
0.372421	0.571823
0.372421	0.573850
0.372421	0.573013
0.372421	0.571894
0.372421	0.572434
0.372421	0.582559
0.372421	0.582296
0.372421	0.563725
0.372421	0.564534
0.386654	0.563563
0.386654	0.565100
0.386654	0.565742
0.386654	0.570477
0.386654	0.586845
0.386654	0.587166
0.386654	0.593592
0.386654	0.597313
0.177818	0.594232
0.177818	0.595260
0.177818	0.617620
0.177818	0.582114
0.491805	0.585438
0.491805	0.581914
0.491805	0.584962
0.491805	0.609425
0.491805	0.577757
0.491805	0.578978
0.491805	0.579013
0.491805	0.581921
0.491805	0.588045
0.495672	0.578571
0.495672	0.578061
0.495672	0.579298
0.495672	0.577903
0.495672	0.579275
0.495672	0.578224
0.495672	0.578007
0.495672	0.611676
0.701182	0.579771
0.701182	0.579495
0.701182	0.581267
0.701182	0.579233
0.701182	0.579002
0.701182	0.578312
0.701182	0.578140
0.701182	0.600291
0.701182	0.583253
0.701182	0.613219
0.701182	0.581215
0.492754	0.584836
0.492754	0.636495
0.492754	0.636868
0.492754	0.552872
0.492754	0.552502
0.492754	0.550464
0.492754	0.553552
0.492754	0.552095
0.676620	0.570233
0.676620	0.560046
0.676620	0.599422
0.676620	0.554924
0.676620	0.555580
0.676620	0.554537
0.676620	0.555775
0.676620	0.557686
0.676620	0.556427
0.608069	0.559388
0.608069	0.558703
0.608069	0.578150
0.608069	0.578315
0.608069	0.577853
0.608069	0.577967
0.608069	0.592070
0.608069	0.545553
0.575151	0.547523
0.575151	0.545477
0.575151	0.547396
0.575151	0.561284
0.575151	0.554193
0.724046	0.552266
0.724046	0.596705
0.724046	0.562918
0.724046	0.572758
0.724046	0.573713
0.635291	0.572959
0.635291	0.572813
0.635291	0.574848
0.635291	0.576358
0.635291	0.574940
0.635291	0.573979
0.635291	0.576262
0.632194	0.589531
0.632194	0.607428
0.632194	0.570787
0.632194	0.571082
0.632194	0.570540
0.632194	0.570675
0.632194	0.570257
0.632194	0.570985
0.632194	0.570634
0.424054	0.571406
0.424054	0.576007
0.424054	0.576819
0.424054	0.577314
0.424054	0.579153
0.424054	0.594457
0.424054	0.562270
0.424054	0.571720
0.424054	0.567442
0.535675	0.569824
0.535675	0.567232
0.535675	0.563657
0.535675	0.568436
0.535675	0.566246
0.535675	0.635300
0.535675	0.569898
0.535675	0.570777
0.481543	0.569633
0.481543	0.571417
0.481543	0.572060
0.481543	0.572940
0.481543	0.573728
0.481543	0.580109
0.481543	0.581134
0.481543	0.570530
0.481543	0.570741
0.515097	0.570375
0.515097	0.573912
0.515097	0.569871
0.515097	0.570526
0.515097	0.570916
0.515097	0.570778
0.515097	0.572619
0.439738	0.573664
0.439738	0.572468
0.439738	0.572114
0.439738	0.582849
0.439738	0.578124
0.439738	0.577811
0.439738	0.598108
0.457809	0.596216
0.457809	0.563135
0.457809	0.559784
0.457809	0.559275
0.457809	0.579426
0.457809	0.590181
0.457809	0.598090
0.457809	0.624598
0.403107	0.573328
0.403107	0.573767
0.403107	0.573417
0.403107	0.573293
0.403107	0.573577
0.403107	0.573953
0.403107	0.590120
0.403107	0.591606
0.403107	0.559255
0.375688	0.562367
0.375688	0.559070
0.375688	0.567648
0.375688	0.633121
0.375688	0.641212
0.375688	0.575817
0.375688	0.578835
0.375688	0.579181
0.375688	0.578758
0.382967	0.587791
0.382967	0.577377
0.382967	0.576330
0.382967	0.583196
0.382967	0.603865
0.382967	0.580681
0.382967	0.582204
0.382967	0.579411
0.382967	0.579801
0.436052	0.607266
0.436052	0.586403
0.436052	0.592276
0.436052	0.610632
0.436052	0.614036
0.436052	0.582071
0.436052	0.586144
0.436052	0.581173
0.662779	0.581219
0.662779	0.591163
0.662779	0.602995
0.662779	0.625195
0.662779	0.580803
0.662779	0.586512
0.662779	0.604410
0.662779	0.596892
0.227794	0.573222
0.227794	0.591925
0.227794	0.574282
0.227794	0.593232
0.227794	0.595693
0.227794	0.580450
0.227794	0.591774
0.227794	0.581225
0.227794	0.567510
0.522895	0.573512
0.522895	0.567957
0.522895	0.590632
0.522895	0.602258
0.522895	0.579049
0.522895	0.574995
0.522895	0.585006
0.522895	0.581326
0.522895	0.584159
0.522895	0.602286
0.522895	0.599050
0.633816	0.592637
0.633816	0.599658
0.633816	0.585691
0.633816	0.591979
0.571305	0.609892
