Ground Truth	Predictions
0.131405	0.876325
0.131405	0.673579
0.131405	0.650452
0.131405	0.606549
0.131405	0.703966
0.131405	0.663050
0.131405	0.722415
0.202130	0.647060
0.202130	0.702408
0.202130	0.663280
0.202130	0.640095
0.202130	0.697467
0.202130	0.632785
0.202130	0.640003
0.202130	0.703884
0.202130	0.670896
0.110941	0.681796
0.110941	0.661692
0.110941	0.724631
0.110941	0.679724
0.110941	0.692333
0.110941	0.699335
0.110941	0.672071
0.110941	0.703786
0.110941	0.699955
0.110941	0.657770
0.110941	0.650391
0.110941	0.700579
0.110941	0.680652
0.110941	0.684745
0.278615	0.615046
0.278615	0.631963
0.278615	0.594198
0.278615	0.578561
0.278615	0.577887
0.278615	0.579607
0.278615	0.580268
0.278615	0.633683
0.278615	0.560252
0.100382	0.562031
0.100382	0.577670
0.100382	0.565514
0.100382	0.562348
0.100382	0.566712
0.100382	0.598441
0.100382	0.628962
0.100382	0.626725
0.100382	0.622902
0.100382	0.645371
0.100382	0.675223
0.128447	0.643400
0.128447	0.638223
0.128447	0.642450
0.128447	0.682779
0.128447	0.580101
0.128447	0.599144
0.128447	0.568848
0.135906	0.566159
0.135906	0.561849
0.135906	0.580654
0.135906	0.607001
0.135906	0.565722
0.135906	0.610272
0.135906	0.563457
0.135906	0.571190
0.109383	0.607679
0.109383	0.589253
0.109383	0.580363
0.109383	0.582443
0.109383	0.579462
0.109383	0.577776
0.109383	0.549602
0.109383	0.547633
0.082224	0.546604
0.082224	0.545149
0.082224	0.553398
0.082224	0.610652
0.082224	0.557742
0.082224	0.554132
0.082224	0.556404
0.147892	0.556384
0.147892	0.553536
0.147892	0.560538
0.147892	0.580134
0.147892	0.581929
0.147892	0.575268
0.147892	0.575497
0.147892	0.567823
0.147892	0.569825
0.147892	0.567644
0.147892	0.574416
0.147892	0.578038
0.177304	0.613108
0.177304	0.585588
0.177304	0.582634
0.177304	0.587701
0.177304	0.585425
0.177304	0.582728
0.177304	0.664205
0.177304	0.660484
0.177304	0.691045
0.177304	0.688500
0.177304	0.690971
0.142044	0.730915
0.142044	0.693493
0.142044	0.730740
0.142044	0.716024
0.142044	0.719737
0.142044	0.719741
0.142044	0.625208
0.142044	0.624634
0.164984	0.629352
0.164984	0.631392
0.164984	0.649161
0.164984	0.657364
0.164984	0.654406
0.164984	0.694019
0.164984	0.611241
0.164984	0.589821
0.164984	0.587626
0.164984	0.581684
0.164984	0.580532
0.081487	0.579597
0.081487	0.576460
0.081487	0.572175
0.081487	0.587474
0.081487	0.582629
0.081487	0.636281
0.081487	0.643822
0.081487	0.652717
0.123967	0.652652
0.123967	0.689815
0.123967	0.684061
0.123967	0.654503
0.123967	0.669594
0.123967	0.634187
0.123967	0.546431
0.123967	0.546845
0.123967	0.545221
0.123967	0.548888
0.123967	0.542443
0.123967	0.553112
0.116256	0.574026
0.116256	0.545234
0.116256	0.551245
0.116256	0.552537
0.116256	0.549483
0.116256	0.538643
0.116256	0.539224
0.104205	0.540974
0.104205	0.583700
0.104205	0.586031
0.104205	0.608266
0.104205	0.608211
0.104205	0.676151
0.104205	0.626119
0.107727	0.659347
0.107727	0.697118
0.107727	0.673110
0.107727	0.677934
0.107727	0.677896
0.107727	0.743547
0.107727	0.692736
0.107727	0.722185
0.107727	0.610480
0.123431	0.607440
0.123431	0.628186
0.123431	0.598427
0.123431	0.609500
0.123431	0.617811
0.123431	0.604171
0.123431	0.608932
0.123431	0.620295
0.197029	0.629129
0.197029	0.599577
0.197029	0.580986
0.197029	0.662416
0.197029	0.596206
0.197029	0.685088
0.088881	0.721771
0.088881	0.699766
0.088881	0.726376
0.088881	0.713486
0.088881	0.721817
0.088881	0.709363
0.088881	0.695638
0.088881	0.597141
0.088881	0.683940
0.300837	0.684831
0.300837	0.772243
0.300837	0.721522
0.300837	0.701764
0.300837	0.691859
0.399384	0.718403
0.399384	0.605202
0.399384	0.880181
0.399384	0.654831
0.399384	0.632537
0.399384	0.679746
0.399384	0.630704
0.399384	0.615573
0.399384	0.713821
0.079862	0.728347
0.079862	0.726408
0.079862	0.709935
0.079862	0.696535
0.079862	0.711305
0.079862	0.697625
0.079862	0.685983
0.239010	0.703701
0.239010	0.662096
0.239010	0.630409
0.239010	0.609652
0.239010	0.595453
0.239010	0.675908
0.239010	0.598066
0.239010	0.685860
0.239010	0.654261
0.500978	0.587533
0.500978	0.555251
0.500978	0.575104
0.500978	0.566522
0.500978	0.577265
0.500978	0.606509
0.500978	0.569496
0.500978	0.598848
0.500978	0.605169
0.500978	0.607372
0.500978	0.601961
0.179547	0.588256
0.179547	0.647748
0.179547	0.644141
0.179547	0.608480
0.179547	0.621852
0.095684	0.610050
0.095684	0.634646
0.095684	0.658096
0.095684	0.571129
0.095684	0.564682
0.095684	0.565381
0.095684	0.563762
0.095684	0.555937
0.288337	0.554858
0.288337	0.580072
0.288337	0.648632
0.288337	0.621398
0.288337	0.651686
0.288337	0.670129
0.288337	0.677224
0.288337	0.665641
0.288337	0.659707
0.297414	0.717796
0.297414	0.657769
0.297414	0.681755
0.297414	0.674975
0.297414	0.671271
0.297414	0.687867
0.297414	0.722455
0.297414	0.683841
0.122802	0.730021
0.122802	0.654811
0.122802	0.623606
0.122802	0.633929
0.122802	0.623894
0.080048	0.610161
0.080048	0.639291
0.080048	0.635363
0.080048	0.652769
0.080048	0.620995
0.080048	0.622715
0.080048	0.549326
0.080048	0.545772
0.080048	0.547519
0.080048	0.543018
0.080048	0.542536
0.252831	0.538943
0.252831	0.542360
0.252831	0.639919
0.252831	0.621373
0.252831	0.665429
0.252831	0.625662
0.252831	0.647536
0.252831	0.623965
0.252831	0.635764
0.220914	0.712186
0.220914	0.661956
0.220914	0.615659
0.220914	0.635270
0.220914	0.623453
0.220914	0.609551
0.220914	0.664594
0.220914	0.672457
0.119807	0.636685
0.119807	0.657896
0.119807	0.594103
0.119807	0.556805
0.119807	0.592443
0.119807	0.562267
0.119807	0.560443
0.119807	0.575812
0.119807	0.606175
0.119807	0.560464
0.119807	0.623880
0.119807	0.570957
0.119807	0.571223
0.119807	0.570097
0.113265	0.565177
0.113265	0.564802
0.113265	0.564316
0.113265	0.562438
0.113265	0.574061
0.113265	0.569539
0.105063	0.571247
0.105063	0.586137
0.105063	0.580995
0.105063	0.581965
0.105063	0.570245
0.105063	0.597202
0.105063	0.576936
0.093953	0.544686
0.093953	0.545156
0.093953	0.547107
0.093953	0.547143
0.093953	0.587316
0.109010	0.563145
0.109010	0.542543
0.109010	0.544594
0.109010	0.541697
0.109010	0.543732
0.109010	0.547354
0.183504	0.539296
0.183504	0.571332
0.183504	0.575013
0.183504	0.577603
0.183504	0.580249
0.183504	0.569152
0.183504	0.570744
0.170333	0.571148
0.170333	0.571584
0.170333	0.581190
0.170333	0.612680
0.170333	0.630298
0.170333	0.653498
0.170333	0.645752
0.170333	0.619776
0.148508	0.618807
0.148508	0.602462
0.148508	0.597322
0.148508	0.618340
0.148508	0.650397
0.148508	0.643556
0.148508	0.663602
0.148508	0.629880
0.121268	0.627034
0.121268	0.628963
0.121268	0.605446
0.121268	0.598060
0.121268	0.605980
0.121268	0.634651
0.121268	0.602630
0.121268	0.635567
0.121268	0.606185
0.121268	0.599182
0.121268	0.592520
0.127920	0.606525
0.127920	0.607709
0.127920	0.584882
0.127920	0.581487
0.127920	0.588825
0.127920	0.585831
0.127920	0.558440
0.270781	0.573107
0.270781	0.560580
0.270781	0.604538
0.270781	0.555226
0.270781	0.610355
0.270781	0.563942
0.270781	0.568617
0.270781	0.564357
0.270781	0.559275
0.270781	0.561270
0.270781	0.621030
0.110683	0.595179
0.110683	0.593379
0.110683	0.573728
0.110683	0.562832
0.110683	0.573097
0.110683	0.556952
0.110683	0.615063
0.110683	0.597915
0.407402	0.568505
0.407402	0.656965
0.407402	0.635986
0.407402	0.643887
0.407402	0.717326
0.407402	0.605774
0.230176	0.607588
0.230176	0.603691
0.230176	0.638350
0.230176	0.636390
0.230176	0.674338
0.230176	0.561935
0.230176	0.575794
0.230176	0.556818
0.230176	0.553408
0.056368	0.615140
0.056368	0.604368
0.056368	0.620446
0.056368	0.561963
0.097170	0.597346
0.097170	0.634762
0.097170	0.588148
0.097170	0.608476
0.097170	0.613920
0.097170	0.629971
0.097170	0.622029
0.097170	0.686206
0.097170	0.688514
0.070286	0.591015
0.070286	0.597956
0.070286	0.599263
0.070286	0.591271
0.070286	0.588145
0.094894	0.666090
0.094894	0.601369
0.094894	0.611242
0.094894	0.598887
0.094894	0.619416
0.094894	0.605601
0.094894	0.603847
0.094894	0.694472
0.103977	0.690932
0.103977	0.708256
0.103977	0.709844
0.103977	0.698009
0.103977	0.719439
0.103977	0.702115
0.103977	0.737455
0.103977	0.683182
0.125449	0.694485
0.125449	0.715411
0.125449	0.706346
0.125449	0.708628
0.125449	0.700149
0.125449	0.731260
0.125449	0.709231
0.125449	0.748031
0.071597	0.747336
0.071597	0.604338
0.071597	0.612415
0.071597	0.608547
0.071597	0.607760
0.071597	0.603438
0.071597	0.595501
0.071597	0.587424
0.220695	0.583395
0.220695	0.613640
0.220695	0.651377
0.220695	0.588742
0.220695	0.717466
0.085675	0.585648
0.085675	0.665872
0.085675	0.695780
0.085675	0.686491
0.085675	0.731461
0.085675	0.720350
0.085675	0.654647
0.085675	0.679914
0.085675	0.691466
0.085675	0.706278
0.085675	0.711435
0.174448	0.662773
0.174448	0.657763
0.174448	0.681188
0.174448	0.713165
0.174448	0.729296
0.174448	0.738518
0.174448	0.729669
0.174448	0.729208
0.174448	0.741000
0.174448	0.744305
0.174448	0.742138
0.174448	0.765152
0.078565	0.689560
0.078565	0.741420
0.078565	0.718117
0.078565	0.713183
0.078565	0.739403
0.078565	0.729249
0.078565	0.755431
0.078565	0.747319
0.078565	0.747485
0.062893	0.632961
0.062893	0.648878
0.062893	0.611595
0.062893	0.619212
0.062893	0.624587
0.062893	0.585623
0.062893	0.606342
0.062893	0.642289
0.062893	0.643526
0.062893	0.645461
0.062893	0.712009
0.056535	0.677519
0.056535	0.674988
0.056535	0.775285
0.056535	0.741234
0.056535	0.668716
0.056535	0.623544
0.056535	0.647108
0.056535	0.684041
0.125196	0.669249
0.125196	0.618019
0.125196	0.605255
0.125196	0.659518
0.125196	0.616338
0.125196	0.606816
0.125196	0.623175
0.125196	0.603608
0.125196	0.638447
0.125196	0.659132
0.019502	0.673410
0.019502	0.715966
0.019502	0.667949
0.019502	0.721231
0.053696	0.729462
0.053696	0.740868
0.053696	0.728473
0.053696	0.731197
0.053696	0.635420
0.053696	0.678854
0.053696	0.676714
0.053696	0.678424
0.085277	0.673509
0.085277	0.690977
0.085277	0.716244
0.085277	0.694935
0.085277	0.687433
0.085277	0.588900
0.085277	0.560244
0.085277	0.573695
0.031584	0.571459
0.031584	0.553139
0.031584	0.602971
0.031584	0.645681
0.031584	0.556388
0.031584	0.561044
0.068786	0.555749
0.068786	0.553361
0.068786	0.553109
0.068786	0.583821
0.068786	0.551767
0.068786	0.589936
0.068786	0.567985
0.064395	0.589215
0.064395	0.584302
0.064395	0.582406
0.064395	0.600589
0.064395	0.613281
0.064395	0.576059
0.064395	0.598488
0.064395	0.600245
0.064395	0.575913
0.064395	0.625485
0.064395	0.584228
0.056796	0.592881
0.056796	0.584835
0.056796	0.579525
0.056796	0.586446
0.056796	0.595156
0.056796	0.583870
0.056796	0.589514
0.056796	0.585159
0.101447	0.627780
0.101447	0.596663
0.101447	0.582416
0.101447	0.609583
0.140619	0.610953
0.140619	0.600752
0.140619	0.600966
0.140619	0.598081
0.140619	0.611012
0.140619	0.672779
0.140619	0.663000
0.117348	0.672569
0.117348	0.667243
0.117348	0.643215
0.117348	0.664121
0.117348	0.692113
0.117348	0.659918
0.117348	0.606289
0.117348	0.580303
0.191430	0.590294
0.191430	0.588183
0.191430	0.578346
0.191430	0.600493
0.107312	0.633175
0.107312	0.619692
0.107312	0.600759
0.107312	0.625530
0.107312	0.657188
0.107312	0.627242
0.107312	0.603726
0.107312	0.616347
0.191965	0.623883
0.191965	0.677870
0.191965	0.686059
0.191965	0.678031
0.191965	0.679599
0.191965	0.665729
0.191965	0.663449
0.191965	0.688438
0.153086	0.665428
0.153086	0.671007
0.153086	0.655760
0.153086	0.638648
0.153086	0.617635
0.091489	0.645751
0.091489	0.614718
0.091489	0.627742
0.091489	0.625965
0.091489	0.645717
0.091489	0.687627
0.091489	0.673526
0.091489	0.694026
0.091489	0.701349
0.091489	0.709214
0.105502	0.722034
0.105502	0.715774
0.105502	0.728494
0.105502	0.773166
0.105502	0.693840
0.052600	0.693694
0.052600	0.693359
0.052600	0.708550
0.052600	0.676867
0.052600	0.683741
0.052600	0.713223
0.052600	0.676849
0.052600	0.601685
0.052600	0.605210
0.052600	0.621858
0.052600	0.653867
0.110359	0.613851
0.110359	0.636440
0.110359	0.624425
0.110359	0.629181
0.110359	0.624378
0.110359	0.647735
0.110359	0.631181
0.110359	0.689569
0.110359	0.717027
0.087263	0.726891
0.087263	0.764744
0.087263	0.707710
0.087263	0.813276
0.087263	0.763286
0.087263	0.716116
0.087263	0.727680
0.096392	0.726714
0.096392	0.756903
0.096392	0.730325
0.096392	0.725473
0.123858	0.737717
0.123858	0.729120
0.123858	0.702879
0.123858	0.730805
0.123858	0.735246
0.123858	0.738461
0.123858	0.735821
0.123858	0.751911
0.123858	0.760113
0.084187	0.760030
0.084187	0.753087
0.084187	0.758081
0.084187	0.756103
0.066135	0.762647
0.066135	0.771457
0.066135	0.695580
0.066135	0.700099
0.066135	0.688517
0.066135	0.677303
0.066135	0.695969
0.066135	0.696978
0.074774	0.736101
0.074774	0.686930
0.074774	0.742897
0.074774	0.692331
0.037351	0.724698
0.037351	0.678612
0.037351	0.671170
0.037351	0.652773
0.090485	0.676232
0.090485	0.696861
0.090485	0.664161
0.090485	0.693698
0.090485	0.680847
0.090485	0.655347
0.090485	0.655214
0.090485	0.660875
0.058505	0.668739
0.058505	0.666852
0.058505	0.677838
0.058505	0.674747
0.058505	0.713107
0.134865	0.696294
0.134865	0.752453
0.134865	0.585986
0.134865	0.587714
0.134865	0.578115
0.134865	0.575466
0.134865	0.585136
0.134865	0.576979
0.134865	0.582634
0.134865	0.626628
0.064488	0.615718
0.064488	0.630944
0.064488	0.628534
0.064488	0.623832
0.064488	0.562170
0.064488	0.554155
0.064488	0.560424
0.064488	0.559187
0.064488	0.557906
0.064488	0.558827
0.064488	0.558113
0.056580	0.582963
0.056580	0.577841
0.056580	0.586654
0.056580	0.584946
0.056580	0.592192
0.056580	0.603321
0.056580	0.582575
0.056580	0.580773
0.142999	0.585139
0.142999	0.589046
0.142999	0.587348
0.142999	0.585595
0.142999	0.600073
0.083503	0.604875
0.083503	0.594535
0.083503	0.588713
0.083503	0.603151
0.083503	0.589819
0.083503	0.586119
0.083503	0.576994
0.083503	0.607483
0.083503	0.587730
0.125566	0.569670
0.125566	0.592720
0.125566	0.574174
0.125566	0.611092
0.125566	0.582198
0.125566	0.652338
0.125566	0.621301
0.125566	0.602466
0.125566	0.595010
0.188078	0.628187
0.188078	0.626896
0.188078	0.614015
0.188078	0.559954
0.188078	0.575366
0.188078	0.582482
0.188078	0.596551
0.083026	0.624119
0.083026	0.641463
0.083026	0.628629
0.083026	0.711417
0.083026	0.701062
0.083026	0.705641
0.083026	0.741586
0.083026	0.749833
0.083026	0.719511
0.083026	0.736306
0.083026	0.663106
0.083026	0.720047
0.083026	0.693812
0.083026	0.708974
0.055925	0.742593
0.055925	0.734588
0.055925	0.693386
0.055925	0.715961
0.055925	0.751517
0.055925	0.642112
0.055925	0.713193
0.338983	0.725326
0.338983	0.708719
0.338983	0.708638
0.338983	0.747195
0.338983	0.738923
0.338983	0.761165
0.338983	0.706304
0.338983	0.615255
0.143616	0.679677
0.143616	0.605995
0.143616	0.647226
0.143616	0.689194
0.143616	0.649405
0.143616	0.626419
0.143616	0.592632
0.132482	0.645106
0.132482	0.666773
0.132482	0.679119
0.132482	0.670989
0.132482	0.676353
0.132482	0.686463
0.073129	0.702031
0.073129	0.730147
0.073129	0.756479
0.073129	0.758479
0.073129	0.601505
0.179099	0.593583
0.179099	0.599899
0.179099	0.584708
0.179099	0.592878
0.179099	0.609132
0.179099	0.590438
0.179099	0.633135
0.179099	0.592863
0.223797	0.624484
0.223797	0.589773
0.223797	0.589224
0.223797	0.580213
0.223797	0.589750
0.223797	0.592030
0.223797	0.567629
0.223797	0.582903
0.223797	0.561184
0.223797	0.560491
0.223797	0.588816
0.223797	0.586840
0.446545	0.602809
0.446545	0.582261
0.446545	0.569326
0.446545	0.580633
0.446545	0.584328
0.446545	0.562992
0.446545	0.570007
0.446545	0.558948
0.098089	0.616280
0.098089	0.605850
0.098089	0.618146
0.098089	0.609025
0.098089	0.611823
0.098089	0.651179
0.098089	0.651602
0.098089	0.637563
0.333140	0.715036
0.333140	0.688845
0.333140	0.709462
0.333140	0.735960
0.333140	0.584949
0.333140	0.572821
0.333140	0.605426
0.333140	0.604938
0.333140	0.601285
0.333140	0.601279
0.333140	0.593333
0.423090	0.601991
0.423090	0.613601
0.423090	0.645992
0.423090	0.600062
0.423090	0.595570
0.423090	0.584956
0.423090	0.614597
0.423090	0.598133
0.194682	0.649013
0.194682	0.575315
0.194682	0.663929
0.194682	0.609603
0.194682	0.726282
0.194682	0.739640
0.194682	0.753705
0.056630	0.766569
0.056630	0.704859
0.056630	0.721164
0.056630	0.687330
0.056630	0.705702
0.127579	0.733180
0.127579	0.615216
0.127579	0.625071
0.127579	0.620065
0.127579	0.659486
0.252833	0.666124
0.252833	0.650609
0.252833	0.662021
0.252833	0.652232
0.252833	0.641807
0.252833	0.669142
0.252833	0.653307
0.252833	0.688884
0.252833	0.674324
0.252833	0.611811
0.122964	0.595444
0.122964	0.610225
0.122964	0.627935
0.122964	0.659881
0.122964	0.649048
0.122964	0.590553
0.122964	0.617762
0.122964	0.669745
0.122964	0.629680
0.089584	0.666654
0.089584	0.653461
0.089584	0.608719
0.089584	0.654838
0.089584	0.642550
0.089584	0.638663
0.089584	0.647017
0.089584	0.639948
0.089584	0.654984
0.089584	0.698676
0.089584	0.587175
0.092649	0.574721
0.092649	0.609712
0.092649	0.611499
0.092649	0.605219
0.103481	0.711832
0.103481	0.623941
0.103481	0.623591
0.103481	0.620014
0.103481	0.632473
0.103481	0.606490
0.103481	0.598039
0.103481	0.733400
0.103481	0.705019
0.103481	0.740546
0.061661	0.739508
0.061661	0.733366
0.061661	0.724866
0.061661	0.714020
0.061661	0.762079
0.061661	0.751478
0.099421	0.768097
0.099421	0.790212
0.099421	0.705011
0.099421	0.703892
0.099421	0.737932
0.099421	0.776323
0.099421	0.693743
0.099421	0.760454
0.100390	0.736623
0.100390	0.670844
0.100390	0.765230
0.100390	0.658674
0.101762	0.661659
0.101762	0.683794
0.101762	0.676509
0.101762	0.737749
0.101762	0.765491
0.101762	0.760594
0.101762	0.774023
0.101762	0.766333
0.084119	0.785377
0.084119	0.755782
0.084119	0.747991
0.084119	0.794026
0.084119	0.655657
0.057465	0.649781
0.057465	0.628266
0.057465	0.639888
0.057465	0.644702
0.057465	0.620829
0.057465	0.635276
0.057465	0.637965
0.057465	0.607968
0.057465	0.652437
0.057465	0.622809
0.123113	0.643562
0.123113	0.640938
0.123113	0.705922
0.123113	0.735966
0.123113	0.737497
0.123113	0.732081
0.137858	0.745480
0.137858	0.790544
0.137858	0.793102
0.137858	0.630633
0.137858	0.601599
0.137858	0.638719
0.078396	0.672068
0.078396	0.635499
0.078396	0.649287
0.078396	0.684307
0.078396	0.716483
0.078396	0.732158
0.078396	0.747461
0.078396	0.701857
0.156038	0.689462
0.156038	0.696842
0.156038	0.703812
0.156038	0.664426
0.156038	0.637211
0.156038	0.649635
0.156038	0.699688
0.163151	0.728305
0.163151	0.731035
0.163151	0.733815
0.163151	0.715820
0.232134	0.759841
0.232134	0.729604
0.232134	0.755295
0.232134	0.698597
0.232134	0.702353
0.391128	0.760904
0.391128	0.705965
0.391128	0.720179
0.391128	0.772958
0.391128	0.755682
0.391128	0.759587
0.391128	0.716059
0.391128	0.732593
0.105186	0.701532
0.105186	0.661310
0.105186	0.659660
0.105186	0.662102
0.105186	0.660921
0.105186	0.634576
0.105186	0.633841
0.105186	0.622973
0.098953	0.681119
0.098953	0.739954
0.098953	0.698429
0.098953	0.721254
0.098953	0.740057
0.098953	0.746531
0.098953	0.742933
0.098953	0.734504
0.098953	0.737943
0.098953	0.755453
0.098953	0.611903
0.098953	0.603309
0.197118	0.623596
0.197118	0.677998
0.197118	0.577437
0.197118	0.582462
0.197118	0.605069
0.197118	0.622937
0.197118	0.644350
0.161438	0.641133
0.161438	0.657466
0.161438	0.632144
0.161438	0.641214
0.161438	0.732615
0.161438	0.711934
0.161438	0.721269
0.161438	0.745710
0.371899	0.705066
0.371899	0.683866
0.371899	0.713046
0.371899	0.713179
0.371899	0.758330
0.371899	0.710995
0.371899	0.701306
0.371899	0.680784
0.371899	0.673302
0.371899	0.690627
0.371899	0.663682
0.371899	0.678284
0.220410	0.672263
0.220410	0.677946
0.220410	0.691977
0.220410	0.659762
0.220410	0.688059
0.328028	0.693258
0.328028	0.686431
0.328028	0.683274
0.328028	0.684974
0.328028	0.622929
0.328028	0.684636
0.328028	0.653509
0.328028	0.655952
0.328028	0.646923
0.328028	0.635274
0.328028	0.648468
0.318563	0.652735
0.318563	0.660908
0.318563	0.652268
0.318563	0.605596
0.318563	0.597399
0.318563	0.600664
0.318563	0.596018
0.318563	0.598350
0.318563	0.596689
0.318563	0.614805
0.318563	0.593286
0.613266	0.593079
0.613266	0.591788
0.613266	0.595137
0.613266	0.624491
0.613266	0.601586
0.613266	0.608961
0.613266	0.599992
0.613266	0.632613
0.613266	0.644294
0.762251	0.647432
0.762251	0.676984
0.762251	0.646812
0.762251	0.667001
0.762251	0.651322
0.762251	0.618947
0.762251	0.599404
0.393954	0.590165
0.393954	0.587126
0.393954	0.588003
0.393954	0.586482
0.393954	0.583390
0.393954	0.580756
0.347514	0.615815
0.347514	0.603025
0.347514	0.602553
0.347514	0.604413
0.347514	0.637258
0.347514	0.610619
0.347514	0.621249
0.347514	0.645602
0.477746	0.613061
0.477746	0.599723
0.477746	0.602413
0.477746	0.606339
0.477746	0.605856
0.477746	0.599488
0.477746	0.597045
0.477746	0.593449
0.477746	0.581907
0.477746	0.589142
0.477746	0.583262
0.477746	0.581203
0.241485	0.582387
0.241485	0.586712
0.241485	0.594071
0.241485	0.615355
0.241485	0.607591
0.241485	0.630185
0.147348	0.631557
0.147348	0.598822
0.147348	0.614182
0.147348	0.630454
0.147348	0.665737
0.147348	0.672015
0.147348	0.676805
0.147348	0.681795
0.264024	0.690355
0.264024	0.679626
0.264024	0.665612
0.264024	0.698259
0.264024	0.666519
0.264024	0.653217
0.264024	0.626436
0.078743	0.648410
0.078743	0.667391
0.078743	0.688049
0.078743	0.665230
0.078743	0.772404
0.078743	0.650907
0.078743	0.656153
0.078743	0.711762
0.078743	0.671359
0.099430	0.735945
0.099430	0.666763
0.099430	0.670833
0.099430	0.673463
0.099430	0.714905
0.099430	0.713746
0.099430	0.728035
0.099430	0.660710
0.153162	0.672206
0.153162	0.669454
0.153162	0.687670
0.153162	0.716830
0.153162	0.685070
0.153162	0.736053
0.153162	0.736700
0.153162	0.746445
0.079899	0.761503
0.079899	0.758427
0.079899	0.749136
0.079899	0.729793
0.079899	0.744094
0.079899	0.735521
0.079899	0.744365
0.079899	0.751305
0.055833	0.672297
0.055833	0.678224
0.055833	0.670516
0.055833	0.655483
0.055833	0.653405
0.055833	0.661823
0.055833	0.690738
0.055833	0.663875
0.084961	0.658098
0.084961	0.659173
0.084961	0.652380
0.084961	0.693388
0.165582	0.617834
0.165582	0.670186
0.165582	0.719189
0.165582	0.701026
0.165582	0.686372
0.165582	0.704769
0.165582	0.727005
0.165582	0.735926
0.087606	0.739197
0.087606	0.660636
0.087606	0.692728
0.087606	0.636990
0.087606	0.609822
0.087606	0.615836
0.087606	0.610116
0.087606	0.609416
0.087606	0.702238
0.096700	0.648670
0.096700	0.582493
0.096700	0.584913
0.096700	0.609109
0.096700	0.594869
0.104112	0.598111
0.104112	0.680815
0.104112	0.654231
0.104112	0.714812
0.104112	0.733296
0.104112	0.724845
0.104112	0.733019
0.104112	0.747767
0.144443	0.752716
0.144443	0.722372
0.144443	0.729917
0.144443	0.759528
0.144443	0.655766
0.144443	0.746450
0.144443	0.609074
0.144443	0.608302
0.144443	0.608657
0.144443	0.603438
0.144443	0.606399
0.144443	0.662125
0.320259	0.662372
0.320259	0.623378
0.320259	0.569104
0.320259	0.570891
