Ground Truth	Predictions
0.091147	111.879417
0.091147	9.194596
0.091147	0.000000
0.091147	0.000000
0.091147	47.026382
0.091147	0.000000
0.091147	101.930779
0.091147	0.000000
0.093759	90.952011
0.093759	0.000000
0.093759	0.000000
0.093759	22.912050
0.093759	0.000000
0.093759	0.000000
0.093759	30.698912
0.093759	31.725079
0.093759	20.854025
0.096973	4.227722
0.096973	84.165527
0.096973	39.787376
0.096973	46.276154
0.096973	34.160919
0.096973	40.111946
0.096973	34.002705
0.096973	48.221848
0.063387	0.000000
0.063387	0.000000
0.063387	99.740524
0.063387	81.053421
0.063387	62.282711
0.186357	44.076233
0.186357	40.261181
0.186357	0.000000
0.186357	0.000000
0.186357	0.000000
0.186357	0.000000
0.186357	0.000000
0.135855	100.803108
0.135855	0.000000
0.135855	0.000000
0.135855	0.000000
0.135855	0.000000
0.282857	0.000000
0.282857	0.000000
0.282857	29.466320
0.282857	42.844505
0.485871	0.000000
0.485871	12.629436
0.485871	11.186584
0.485871	32.903927
0.485871	59.410385
0.485871	27.271549
0.485871	22.353697
0.485871	32.166317
0.485871	0.000000
0.553150	0.000000
0.553150	0.000000
0.553150	0.000000
0.553150	0.000000
0.545677	0.000000
0.545677	0.000000
0.545677	0.000000
0.545677	46.837299
0.785032	0.000000
0.785032	0.000000
0.785032	0.000000
0.785032	3.460488
0.785032	6.064052
0.785032	0.000000
0.785032	0.000000
0.506195	35.060310
0.506195	0.000000
0.506195	0.000000
0.506195	0.000000
0.707384	0.000000
0.707384	0.000000
0.707384	87.293175
0.707384	0.000000
0.707384	0.000000
0.707384	0.000000
0.707384	0.000000
0.707384	0.000000
0.707384	0.000000
0.500701	31.071281
0.500701	54.528709
0.500701	0.000000
0.500701	0.000000
0.500701	0.000000
0.500701	0.000000
0.500701	0.000000
0.670263	0.000000
0.670263	0.000000
0.670263	48.295380
0.670263	10.018401
0.670263	13.789505
0.670263	8.104980
0.670263	7.272136
0.198571	48.592682
0.198571	32.982998
0.198571	45.360260
0.198571	40.830917
0.198571	40.708313
0.198571	68.976357
0.198571	87.884064
0.126588	61.917320
0.126588	85.975220
0.126588	89.252808
0.126588	97.125923
0.126588	81.239975
0.148133	0.000000
0.148133	1.504221
0.148133	0.000000
0.148133	0.000000
0.148133	50.755329
0.344775	42.266972
0.344775	36.967331
0.344775	51.797348
0.344775	46.405972
0.124508	0.000000
0.124508	3.989179
0.124508	0.000000
0.124508	0.000000
0.124508	23.385290
0.124508	0.000000
0.124508	7.723818
0.124508	0.000000
0.067952	0.000000
0.067952	0.000000
0.067952	15.537168
0.067952	0.000000
0.067952	5.533513
0.067952	71.019104
0.067952	70.074677
0.067952	40.288467
0.389924	38.318665
0.389924	35.299370
0.389924	0.000000
0.389924	0.000000
0.389924	0.000000
0.389924	0.000000
0.389924	0.000000
0.389924	0.000000
0.389924	10.860206
0.176310	0.000000
0.176310	0.000000
0.176310	0.000000
0.176310	0.000000
0.176310	0.000000
0.176310	0.000000
0.176310	0.000000
0.176310	0.000000
0.151124	2.708020
0.151124	3.093489
0.151124	6.756280
0.151124	84.480492
0.151124	70.412109
0.151124	0.000000
0.151124	42.078312
0.151124	1.742935
0.094096	10.514035
0.094096	65.909409
0.094096	98.144035
0.094096	62.171494
0.094096	46.974003
0.138213	48.977245
0.138213	1.410133
0.138213	32.158520
0.138213	0.000000
0.138213	1.442753
0.138213	65.057083
0.188740	0.000000
0.188740	0.000000
0.188740	0.000000
0.188740	4.566663
0.188740	0.000000
0.188740	0.000000
0.188740	70.107162
0.188740	21.137243
0.129663	9.273477
0.129663	61.397346
0.129663	24.614401
0.129663	93.846848
0.129663	77.102448
0.129663	81.359558
0.129663	61.178555
0.129663	39.331421
0.129663	69.621445
0.129663	33.063770
0.129663	49.551910
0.129663	113.997398
0.194370	118.380486
0.194370	90.835045
0.194370	59.040596
0.194370	69.099617
0.194370	57.780041
0.194370	114.852989
0.194370	37.381638
0.194370	0.000000
0.167602	93.486298
0.167602	68.010880
0.167602	12.168416
0.167602	122.058868
0.167602	59.154118
0.167602	88.468269
0.167602	44.669006
0.167602	41.782902
0.167602	73.224213
0.103368	44.158371
0.103368	27.216375
0.103368	45.107517
0.103368	37.331413
0.103368	6.750148
0.103368	0.000000
0.103368	0.000000
0.103368	83.178833
0.206402	0.000000
0.206402	91.241722
0.206402	69.100967
0.206402	0.000000
0.206402	0.000000
0.206402	0.000000
0.206402	0.000000
0.206402	0.000000
0.206402	3.936627
0.206402	0.000000
0.206402	0.000000
0.206402	0.000000
0.070142	0.000000
0.070142	0.000000
0.070142	0.000000
0.070142	36.533371
0.070142	62.787354
0.102326	0.000000
0.102326	20.273790
0.102326	0.268590
0.102326	14.896663
0.102326	106.623062
0.102326	0.000000
0.102326	0.000000
0.190533	0.000000
0.190533	0.000000
0.190533	0.000000
0.190533	0.000000
0.190533	0.000000
0.190533	23.409819
0.190533	25.405439
0.190533	24.925520
0.170318	32.132244
0.170318	56.451530
0.170318	29.735178
0.170318	24.174734
0.322237	56.464409
0.322237	1.735235
0.322237	36.046547
0.322237	13.225607
0.322237	14.729777
0.322237	66.029694
0.322237	70.425430
0.322237	40.406017
0.359644	60.097282
0.359644	46.093346
0.359644	0.000000
0.359644	0.000000
0.359644	0.000000
0.359644	0.000000
0.359644	8.530825
0.578040	13.141073
0.578040	24.862001
0.578040	25.616457
0.578040	44.421654
0.578040	0.000000
0.578040	0.000000
0.578040	0.000000
0.578040	0.000000
0.505572	0.000000
0.505572	0.000000
0.505572	0.000000
0.505572	1.064608
0.505572	6.336482
0.505572	7.934759
0.363784	0.000000
0.363784	30.436550
0.363784	15.588634
0.363784	0.507979
0.363784	44.529919
0.363784	12.564073
0.090116	0.000000
0.090116	0.000000
0.090116	0.000000
0.090116	0.000000
0.090116	30.707952
0.090116	25.239428
0.090116	26.630795
0.090116	30.199106
0.180920	50.687862
0.180920	0.000000
0.180920	0.000000
0.180920	0.000000
0.272493	0.000000
0.272493	0.000000
0.272493	54.113274
0.272493	0.000000
0.272493	55.736362
0.272493	0.000000
0.272493	0.000000
0.272493	0.000000
0.272493	0.000000
0.412728	0.000000
0.412728	0.000000
0.412728	0.000000
0.412728	0.000000
0.412728	0.000000
0.412728	0.000000
0.412728	0.000000
0.070431	0.000000
0.070431	0.000000
0.070431	0.000000
0.070431	6.311075
0.070431	0.000000
0.070431	0.000000
0.070431	0.000000
0.070431	0.000000
0.292150	0.000000
0.292150	30.291193
0.292150	0.000000
0.292150	0.000000
0.185636	0.000000
0.185636	0.000000
0.185636	0.000000
0.185636	0.000000
0.185636	0.000000
0.185636	0.000000
0.185636	0.000000
0.185636	0.000000
0.210433	0.000000
0.210433	0.000000
0.210433	0.000000
0.210433	0.000000
0.210433	0.000000
0.210433	0.000000
0.147494	0.000000
0.147494	0.000000
0.147494	0.000000
0.147494	0.000000
0.147494	0.000000
0.147494	14.434293
0.147494	0.000000
0.147494	35.943100
0.191179	0.000000
0.191179	0.000000
0.191179	0.000000
0.191179	63.252777
0.191179	17.317192
0.191179	32.278145
0.191179	0.000000
0.191179	40.342541
0.191179	44.552662
0.163506	0.000000
0.163506	0.000000
0.163506	0.000000
0.163506	0.000000
0.163506	0.000000
0.163506	0.000000
0.163506	0.000000
0.163506	0.000000
0.163506	0.000000
0.188349	0.000000
0.188349	0.000000
0.188349	0.000000
0.188349	0.000000
0.188349	0.000000
0.339738	0.000000
0.339738	0.000000
0.339738	0.000000
0.339738	0.000000
0.339738	0.000000
0.339738	0.000000
0.339738	0.000000
0.339738	0.000000
0.339738	0.000000
0.339738	0.000000
0.339738	39.563629
0.339738	29.109716
0.189027	38.390427
0.189027	0.000000
0.189027	0.000000
0.189027	0.000000
0.189027	0.000000
0.118244	2.973153
0.118244	42.818729
0.118244	0.000000
0.118244	0.000000
0.118244	0.000000
0.118244	0.000000
0.118244	36.998203
0.118244	0.000000
0.135385	0.000000
0.135385	0.000000
0.135385	0.000000
0.135385	2.062323
0.135385	23.610931
0.135385	0.000000
0.135385	0.000000
0.181357	0.000000
0.181357	0.000000
0.181357	26.089487
0.181357	29.470179
0.181357	0.000000
0.181357	0.000000
0.181357	0.000000
0.090329	0.000000
0.090329	2.792906
0.090329	0.000000
0.090329	2.250854
0.090329	19.856771
0.090329	8.021012
0.090329	77.727379
0.090329	62.268967
0.162570	10.395300
0.162570	18.559494
0.162570	5.733493
0.162570	3.730601
0.162570	18.445723
0.162570	62.029118
0.162570	48.882889
0.162570	57.577782
0.312464	28.726229
0.312464	53.244125
0.312464	24.800592
0.312464	27.759333
0.312464	54.028522
0.312464	54.550018
0.312464	55.032318
0.312464	57.649963
0.312464	58.815323
0.124221	62.709557
0.124221	56.970764
0.124221	59.050156
0.124221	44.926037
0.124221	42.224312
0.124221	68.027000
0.124221	45.866394
0.124221	52.837746
0.312848	67.743805
0.312848	83.806908
0.312848	72.970276
0.312848	81.272537
0.312848	77.435638
0.312848	0.000000
0.312848	0.000000
0.312848	0.000000
0.312848	0.000000
0.152187	25.860647
0.152187	0.000000
0.152187	0.000000
0.152187	0.000000
0.152187	0.000000
0.152187	21.177202
0.152187	0.000000
0.152187	79.513420
0.155972	17.867125
0.155972	51.002861
0.155972	82.118057
0.155972	59.273403
0.155972	103.791534
0.155972	103.804657
0.155972	39.317127
0.155972	93.809723
0.155972	72.577332
0.144074	105.443901
0.144074	115.571159
0.144074	48.453831
0.144074	97.516830
0.144074	58.303333
0.144074	93.664207
0.144074	58.689308
0.144074	80.875473
0.240994	55.560608
0.240994	61.330582
0.240994	87.592880
0.240994	95.711975
0.240994	87.478241
0.240994	91.192711
0.240994	47.665161
0.240994	67.569870
0.240994	55.367203
0.240994	43.691795
0.240994	70.547546
0.188770	69.025696
0.188770	81.608032
0.188770	84.077171
0.188770	68.048012
0.188770	66.928062
0.188770	24.716566
0.188770	20.780100
0.188770	13.359121
0.188770	17.146845
0.127466	34.686066
0.127466	8.973758
0.127466	37.083012
0.127466	50.624580
0.127466	42.955902
0.127466	72.901077
0.127466	71.025452
0.127466	65.445854
0.127466	100.888420
0.244561	101.430786
0.244561	47.893883
0.244561	40.156746
0.244561	41.687130
0.244561	50.936771
0.244561	64.479965
0.244561	35.833721
0.369834	59.257393
0.369834	66.178421
0.369834	0.192166
0.369834	12.832013
0.265446	7.743043
0.265446	3.021839
0.265446	73.734894
0.265446	26.128162
0.265446	99.892349
0.265446	65.017471
0.265446	62.799393
0.265446	61.383255
0.177841	79.456955
0.177841	111.555962
0.177841	81.403900
0.177841	91.987556
0.520279	51.661217
0.520279	45.651825
0.520279	53.903088
0.520279	39.126221
0.362931	33.425179
0.362931	83.605865
0.362931	73.352898
0.362931	64.661606
0.362931	56.835438
0.362931	0.000000
0.362931	0.000000
0.362931	0.000000
0.354245	0.000000
0.354245	0.000000
0.354245	34.511112
0.354245	82.192619
0.354245	0.000000
0.354245	0.000000
0.354245	0.000000
0.354245	0.000000
0.186373	0.000000
0.186373	0.000000
0.186373	0.000000
0.186373	0.000000
0.186373	0.000000
0.186373	0.000000
0.186373	0.000000
0.186373	7.287620
0.265088	0.000000
0.265088	17.513885
0.265088	0.000000
0.265088	4.987805
0.265088	0.000000
0.265088	0.000000
0.265088	18.193716
0.265088	0.000000
0.266432	8.591046
0.266432	20.926476
0.266432	19.133148
0.266432	13.111005
0.266432	16.620714
0.266432	24.068624
0.266432	37.709530
0.266432	38.569065
0.200817	57.434814
0.200817	14.290522
0.200817	18.034134
0.200817	10.845797
0.200817	15.069858
0.200817	36.371590
0.200817	47.674675
0.364767	48.942207
0.364767	63.334248
0.364767	47.726723
0.364767	45.353485
0.364767	45.755428
0.364767	46.436310
0.364767	42.221329
0.364767	35.869438
0.364767	41.625484
0.307323	30.201666
0.307323	0.000000
0.307323	0.000000
0.307323	0.000000
0.307323	0.000000
0.307323	13.716996
0.307323	20.482222
0.307619	35.477333
0.307619	20.214382
0.307619	20.508120
0.307619	11.594620
0.307619	30.160746
0.307619	35.444283
0.307619	40.196030
0.307619	42.964737
0.385421	54.908451
0.385421	40.857506
0.385421	37.598400
0.385421	36.125969
0.200397	38.267601
0.200397	35.746326
0.200397	26.912989
0.200397	29.628756
0.200397	25.305527
0.200397	33.138966
0.200397	37.313984
0.200397	33.673378
0.218240	35.450722
0.218240	17.152864
0.218240	12.747442
0.218240	7.533563
0.218240	12.131733
0.218240	45.215240
0.218240	46.481373
0.218240	62.273125
0.195014	23.347170
0.195014	31.076754
0.195014	27.056168
0.195014	32.353630
0.195014	54.503284
0.195014	47.309273
0.195014	80.733047
0.195014	49.307297
0.167088	54.033173
0.167088	52.357098
0.167088	59.284618
0.167088	53.522728
0.167088	47.671700
0.167088	56.579567
0.167088	46.567730
0.167088	0.000000
0.167088	14.398986
0.114642	10.101349
0.114642	22.648020
0.114642	23.479803
0.114642	3.826207
0.114642	25.123648
0.114642	22.896551
0.114642	28.151821
0.114642	36.810833
0.114642	30.717482
0.114642	0.725898
0.114642	13.910392
0.114642	6.906447
0.180512	40.101921
0.180512	15.957946
0.180512	99.744080
0.180512	62.607666
0.172977	56.568661
0.172977	75.315308
0.172977	59.400536
0.172977	94.187080
0.172977	77.835205
0.172977	67.469925
0.172977	90.172348
0.172977	74.668182
0.172977	72.800758
0.172977	81.507019
0.172977	59.423920
0.111388	69.484024
0.111388	59.281601
0.111388	83.465668
0.111388	95.103096
0.111388	97.366875
0.111388	90.755890
0.111388	84.787292
0.111388	91.189850
0.111388	99.684082
0.111388	100.411812
0.111388	47.662754
0.111388	59.038643
0.114636	43.232033
0.114636	44.206432
0.114636	62.955879
0.114636	40.844479
0.114636	82.070190
0.114636	50.341129
0.114636	92.901505
0.114636	54.399254
0.086772	74.254837
0.086772	39.168995
0.086772	54.448570
0.086772	37.506546
0.086772	43.665306
0.086772	82.667023
0.086772	72.511215
0.086772	80.770874
0.029637	44.135429
0.029637	43.628639
0.029637	35.644245
0.029637	34.047913
0.029637	51.570259
0.029637	36.645390
0.029637	51.263954
0.029637	51.691330
0.060261	69.175293
0.060261	61.135704
0.060261	84.043198
0.060261	0.000000
0.060261	0.000000
0.060261	0.000000
0.060261	0.000000
0.060261	5.054429
0.060261	17.695925
0.065454	24.027050
0.065454	39.713703
0.065454	42.124172
0.065454	42.273140
0.065454	40.634174
0.065454	45.926922
0.065454	0.000000
0.065454	0.000000
0.095250	0.000000
0.095250	0.000000
0.095250	0.000000
0.095250	18.774199
0.095250	17.894949
0.095250	8.177054
0.095250	12.783962
0.095250	8.681721
0.095250	11.634869
0.095250	27.940210
0.095250	14.605810
0.069812	9.499990
0.069812	20.667446
0.069812	14.808234
0.069812	15.817087
0.069812	33.369438
0.069812	41.637806
0.069812	58.571228
0.069812	61.123169
0.139528	32.393906
0.139528	49.754566
0.139528	42.001289
0.139528	38.901783
0.139528	0.000000
0.139528	6.963177
0.139528	7.178247
0.139528	2.140039
0.295036	18.928915
0.295036	5.560232
0.295036	20.364691
0.295036	31.613272
0.295036	28.403391
0.295036	48.697338
0.295036	34.936371
0.295036	40.822182
0.295036	48.228664
0.295036	51.480171
0.295036	59.526085
0.147125	76.029190
0.147125	0.000000
0.147125	0.000000
0.147125	0.000000
0.147125	0.000000
0.147125	14.798373
0.147125	99.360748
0.147125	51.587154
0.278171	64.096199
0.278171	69.688004
0.278171	60.315498
0.278171	94.043068
0.398031	107.602058
0.398031	99.307327
0.398031	111.662727
0.398031	54.290833
0.398031	65.377068
0.398031	64.510307
0.398031	56.394630
0.398031	83.333679
0.398031	90.530594
0.398595	76.263550
0.398595	93.057419
0.398595	97.190277
0.398595	69.191933
0.398595	62.077053
0.398595	74.214882
0.398595	57.885914
0.398595	62.342937
0.637335	88.201553
0.637335	94.037552
0.637335	97.440598
0.637335	62.305435
0.637335	72.083595
0.637335	62.337936
0.637335	42.219650
0.637335	44.636711
0.637335	61.674484
0.568784	58.830578
0.568784	51.327980
0.568784	52.284439
0.568784	57.185760
0.568784	33.703827
0.568784	43.575497
0.568784	35.011566
0.568784	40.352627
0.568784	58.957336
0.477297	63.430847
0.477297	59.189110
0.477297	75.866348
0.477297	72.967918
0.313586	2.141892
0.313586	7.786748
0.313586	0.000000
0.313586	0.000000
0.471846	23.424269
0.471846	0.000000
0.471846	13.889878
0.471846	24.919348
0.471846	15.315879
0.471846	18.672007
0.108228	10.089569
0.108228	23.341467
0.108228	36.341972
0.108228	17.254210
0.108228	25.202600
0.108228	0.000000
0.108228	0.000000
0.108228	0.000000
0.108228	0.000000
0.417652	0.000000
0.417652	8.038428
0.417652	16.346144
0.417652	0.000000
0.417652	0.000000
0.417652	0.000000
0.788878	0.000000
0.788878	0.000000
0.788878	8.897593
0.788878	5.556783
0.788878	0.000000
0.788878	0.000000
0.788878	0.000000
0.788878	0.000000
0.788878	11.792930
0.788878	0.298589
0.788878	11.685654
0.788878	13.408402
0.715149	25.647388
0.715149	19.234303
0.715149	14.755958
0.715149	69.703094
0.715149	0.000000
0.715149	0.000000
0.502473	1.770104
0.502473	5.067092
0.502473	30.190151
0.502473	2.156534
0.502473	15.951977
0.502473	31.554117
0.502473	26.054388
0.502473	60.071358
0.502473	45.001911
0.502473	53.529785
0.502473	0.000000
0.278562	4.641503
0.278562	0.000000
0.278562	78.028336
0.278562	0.000000
0.278562	80.482986
0.278562	32.870998
0.278562	47.297379
0.278562	71.350433
0.278562	57.277641
0.373747	90.470146
0.373747	62.750069
0.373747	70.412369
0.373747	39.671532
0.373747	44.900162
0.373747	64.268867
0.373747	13.450809
0.373747	71.966644
0.301751	15.060713
0.301751	70.096252
0.301751	26.518316
0.301751	30.788490
0.301751	23.342043
0.301751	17.238655
0.118307	37.841354
0.118307	49.100609
0.118307	45.285706
0.118307	44.007980
0.118307	39.546974
0.118307	6.028315
0.118307	8.545397
0.118307	2.667775
0.118307	13.896547
0.118307	61.198597
0.118307	54.602180
0.169497	30.473814
0.169497	44.390846
0.169497	5.129657
0.169497	7.956444
0.169497	5.511591
0.169497	1.232882
0.169497	10.630054
0.169497	0.000000
0.058121	10.148564
0.058121	8.704864
0.058121	10.881498
0.058121	8.269623
0.119025	2.182342
0.119025	18.933916
0.119025	0.000000
0.119025	0.000000
0.119025	0.000000
0.119025	0.000000
0.121998	22.186308
0.121998	58.211884
0.121998	47.208637
0.121998	39.102753
0.121998	49.234718
0.121998	41.794147
0.121998	39.319824
0.117604	59.339317
0.117604	54.469589
0.117604	55.615082
0.117604	54.175858
0.117604	56.325359
0.117604	73.489456
0.117604	74.120354
0.119401	65.231812
0.119401	70.600777
0.119401	64.994926
0.119401	74.403397
0.119401	104.642609
0.119401	31.868769
0.417002	39.373322
0.417002	37.221237
0.417002	72.587639
0.417002	47.798607
0.417002	75.505760
0.119260	67.995911
0.119260	42.677044
0.119260	79.594711
0.119260	36.750221
0.119260	101.168854
0.119260	47.949898
0.119260	103.856430
0.119260	32.333260
0.084442	60.536163
0.084442	46.956642
0.084442	72.426346
0.084442	69.698112
0.084442	90.305161
0.084442	73.570358
0.084442	45.521355
0.084442	80.797241
0.084442	39.051426
0.084442	64.016426
0.084442	18.834368
0.049198	30.448404
0.049198	47.501484
0.049198	46.723068
0.049198	42.097206
0.049198	46.228428
0.049198	64.413574
0.049198	9.156511
0.049198	14.872062
0.168723	6.199944
0.168723	4.293256
0.168723	45.415718
0.168723	22.438595
0.168723	46.862148
0.168723	43.916988
0.168723	46.177704
0.168723	92.325516
0.359413	92.016762
0.359413	35.667694
0.359413	36.015617
0.359413	38.625412
0.359413	49.848843
0.359413	57.555328
0.359413	64.723305
0.359413	48.464508
0.359413	77.242706
0.131164	69.485367
0.131164	88.973755
0.131164	86.481728
0.131164	66.021057
0.131164	63.489677
0.131164	71.641945
0.131164	60.527256
0.131164	95.637634
0.131164	31.602411
0.222562	86.185059
0.222562	49.239044
0.222562	54.986500
0.222562	49.120403
0.222562	45.471920
0.222562	88.393890
0.222562	93.174759
0.222562	78.325592
0.222562	44.912086
0.103384	46.954933
0.103384	48.619209
0.103384	37.833817
0.103384	31.355688
0.103384	84.640091
0.077738	92.796890
0.077738	86.536285
0.077738	53.304157
0.077738	71.874184
0.077738	43.714169
0.077738	50.392189
0.077738	57.685776
0.094410	48.777557
0.094410	53.037472
0.094410	55.144482
0.094410	45.326836
0.094410	61.916271
0.094410	84.598839
0.094410	71.642624
0.157005	65.837616
0.157005	60.702866
0.157005	81.620071
0.157005	107.782715
0.157005	105.276627
0.157005	94.841461
0.157005	92.005142
0.157005	101.589706
0.273371	10.076121
0.273371	12.615438
0.273371	13.616061
0.273371	43.234806
0.273371	8.958001
0.273371	21.563194
0.273371	41.027401
0.273371	0.000000
0.233100	38.045788
0.233100	7.108285
0.233100	19.230455
0.233100	46.072945
0.233100	24.209362
0.233100	61.578979
0.233100	56.474091
0.233100	46.494286
0.325311	83.092514
0.325311	113.959808
0.325311	75.557014
0.325311	75.754028
0.121158	56.564648
0.121158	96.599548
0.121158	29.972355
0.121158	45.017754
0.121158	0.343366
0.188589	0.000000
0.188589	49.048962
0.188589	12.855067
0.188589	24.748220
0.161548	45.261414
0.161548	25.941576
0.161548	10.618346
0.161548	0.000000
0.161548	0.000000
0.161548	2.962746
0.161548	59.102600
0.161548	31.148691
0.396004	12.280713
0.396004	52.031788
0.396004	51.924507
0.396004	0.000000
0.396004	0.000000
0.396004	0.000000
0.396004	0.000000
0.396004	44.458736
0.396004	0.666291
0.177206	0.000000
0.177206	46.125828
0.177206	0.000000
0.177206	0.000000
0.177206	0.000000
0.177206	0.000000
0.177206	0.000000
0.177206	0.000000
0.177206	0.000000
0.177206	0.000000
0.158096	0.000000
0.158096	0.000000
0.158096	0.000000
0.158096	0.000000
0.158096	0.000000
0.158096	0.000000
0.158096	38.600243
0.158096	0.000000
0.127362	0.000000
0.127362	0.000000
0.127362	8.699071
0.127362	0.000000
0.127362	16.975332
0.127362	38.300694
0.127362	55.952976
0.068920	81.420349
0.068920	0.000000
0.068920	0.000000
0.068920	0.000000
0.068920	0.000000
0.068920	0.000000
0.068920	0.000000
0.068920	0.000000
0.068920	0.000000
0.068920	0.000000
0.068920	0.000000
0.033330	25.415562
0.033330	0.000000
0.033330	47.596149
0.033330	87.461555
0.048517	0.000000
0.048517	0.000000
0.048517	0.000000
0.048517	0.000000
0.048517	7.232392
0.048517	2.924378
0.048517	39.090382
0.096461	22.556717
0.096461	8.005661
0.096461	8.858874
0.096461	5.922065
0.096461	6.403487
0.244042	10.723390
0.244042	16.073402
0.244042	29.987936
0.244042	14.710221
0.244042	14.206660
0.244042	12.694094
0.244042	15.039732
0.244042	23.692553
0.244042	16.207283
0.052799	50.641937
0.052799	37.751091
0.052799	41.703423
0.052799	42.240124
0.052799	47.045891
0.071505	44.630032
0.071505	40.078323
0.071505	35.615494
0.071505	47.758598
0.071505	35.489693
0.071505	25.683439
0.071505	25.320936
0.115361	21.554987
0.115361	43.011662
0.115361	61.530006
0.115361	51.998890
0.115361	109.421570
0.115361	61.915817
0.115361	41.407612
0.115361	55.376144
0.095635	42.987522
0.095635	62.353325
0.095635	39.769260
0.095635	49.063057
0.095635	41.746838
0.095635	70.656181
0.095635	70.795822
0.095635	65.436813
0.068425	31.864447
0.068425	54.486847
0.068425	39.418816
0.068425	51.968315
0.068425	75.353050
0.068425	67.755081
0.068425	69.532227
0.068425	65.487755
0.073884	68.045380
0.073884	89.072159
0.073884	93.336746
0.073884	85.177498
0.073884	78.185440
0.073884	85.026474
0.073884	75.832405
0.073884	80.852829
0.056508	70.956665
0.056508	30.616322
0.056508	46.762249
0.056508	33.314812
0.056508	25.897835
0.249558	49.470852
0.249558	70.662003
0.249558	103.834137
0.249558	4.599670
0.249558	32.758659
0.249558	14.202704
0.249558	12.907431
0.160613	87.190758
0.160613	62.574615
0.160613	97.206924
0.160613	53.113983
0.160613	54.587120
0.160613	32.364784
0.160613	38.452713
0.160613	89.554840
0.323757	92.580452
0.323757	89.143616
0.323757	58.656532
0.323757	58.946072
0.323757	9.895744
0.323757	6.894870
0.323757	0.000000
0.323757	1.175815
0.323757	11.732252
0.039366	47.308784
0.039366	43.936722
0.039366	0.000000
0.039366	1.491696
0.039366	0.000000
0.039366	0.000000
0.039366	5.931687
0.160992	93.648582
0.160992	52.066223
0.160992	35.384125
0.160992	59.253773
0.160992	41.149151
0.160992	54.651894
0.160992	91.397697
0.160992	100.153168
0.179376	69.327797
0.179376	61.142490
0.179376	81.641693
0.179376	73.156761
0.179376	69.197189
0.179376	0.000000
0.179376	0.000000
0.179376	0.000000
0.212581	0.000000
0.212581	0.000000
0.212581	80.565483
0.212581	90.089401
0.212581	14.276349
0.212581	0.000000
0.212581	0.308904
0.212581	0.000000
0.295347	0.000000
0.295347	1.343355
0.295347	9.536956
0.295347	10.187472
0.295347	0.000000
0.295347	0.000000
0.179466	0.000000
0.179466	0.000000
0.179466	53.985214
0.179466	0.000000
0.179466	110.785927
0.179466	85.958420
0.179466	0.000000
0.179466	0.000000
0.122725	0.000000
0.122725	0.000000
0.122725	12.183960
0.122725	25.589279
0.122725	0.000000
0.122725	0.759490
0.122725	0.000000
0.122725	0.000000
0.122725	9.499532
0.195003	0.000000
0.195003	1.159480
0.195003	3.206639
0.195003	0.000000
0.195003	0.000000
0.195003	0.000000
0.195003	0.000000
0.065780	0.000000
0.065780	0.000000
0.065780	0.000000
0.065780	53.835014
0.137994	0.000000
0.137994	0.000000
0.137994	0.000000
0.137994	0.000000
0.137994	9.677613
0.137994	30.699127
0.137994	9.969806
0.137994	47.107391
0.100661	62.840294
0.100661	0.000000
0.100661	0.000000
0.100661	0.000000
0.100661	0.000000
0.100661	0.000000
0.100661	13.111565
0.100661	0.000000
0.078149	41.592247
0.078149	36.735970
0.078149	0.000000
0.078149	0.000000
0.078149	0.000000
0.078149	0.000000
0.078149	0.000000
0.078149	0.000000
0.092645	0.000000
0.092645	0.000000
0.092645	0.000000
0.092645	0.000000
0.092645	0.000000
0.092645	0.000000
0.092645	0.000000
0.092645	0.000000
0.092645	0.000000
0.047502	4.521831
0.047502	67.749512
0.047502	113.465012
0.047502	114.363754
0.047502	0.000000
0.047502	0.000000
0.047502	0.000000
0.047502	53.394146
0.047502	97.816811
0.130557	123.198265
0.130557	0.000000
0.130557	0.000000
0.130557	0.000000
0.130557	108.468193
0.130557	0.000000
0.130557	0.000000
0.130557	4.790156
0.067912	0.000000
0.067912	0.000000
0.067912	0.000000
0.067912	0.000000
0.067912	0.000000
0.087606	5.098878
0.087606	47.230583
0.087606	46.122173
0.087606	0.000000
0.096983	0.000000
0.096983	0.000000
0.096983	0.000000
0.096983	0.000000
0.096983	0.000000
0.096983	0.000000
0.096983	0.000000
0.096983	6.621737
0.146683	0.000000
0.146683	81.773529
0.146683	0.650338
0.146683	0.000000
0.146683	43.691967
0.146683	26.087145
0.146683	64.822464
0.146683	49.057789
0.162491	0.000000
0.162491	43.332035
0.162491	0.000000
0.162491	0.000000
0.072890	10.410444
0.072890	0.000000
0.072890	0.000000
0.072890	82.642365
0.072890	27.604723
0.072890	7.557561
0.072890	27.264732
0.072890	58.262009
0.318209	51.165047
0.318209	63.906979
0.318209	46.283958
0.318209	43.432568
0.318209	65.333786
0.318209	81.138390
0.318209	84.813644
0.318209	53.923828
0.318209	59.989555
0.227409	73.277641
0.227409	65.797493
0.227409	51.786499
0.227409	28.099207
0.227409	25.375875
0.227409	68.556435
0.227409	66.624405
0.227409	43.587978
0.227409	25.989485
0.151431	30.284468
0.151431	23.448549
0.151431	25.309319
0.151431	33.017387
0.151431	64.905846
0.151431	34.955109
0.151431	40.909252
0.269466	49.715595
0.269466	34.099243
0.269466	43.015625
0.269466	29.918085
0.269466	30.872726
0.269466	22.107824
0.269466	23.797009
0.269466	35.002712
0.269466	32.526745
0.269466	34.057358
0.269466	25.532778
0.095364	23.582182
0.095364	25.953415
0.095364	29.985441
0.095364	28.207588
0.095364	27.744843
0.095364	34.114304
0.095364	35.187035
0.095364	39.619888
0.095364	41.342232
0.095364	22.227167
0.095364	28.940775
0.095364	25.147928
0.127383	28.323870
0.127383	32.769321
0.127383	53.858238
0.127383	46.507401
0.127383	38.088360
0.127383	41.067787
0.127383	40.633484
0.125784	46.895508
0.125784	39.385460
0.125784	37.472080
0.125784	40.867561
0.125784	36.592342
0.125784	32.098782
0.125784	40.094936
0.125784	39.034817
0.295808	44.520863
0.295808	40.359558
0.295808	39.663517
0.295808	41.767693
0.295808	46.904655
0.295808	38.226490
0.295808	49.082684
0.295808	47.814262
0.343671	53.199547
0.343671	54.865765
0.343671	55.099232
0.343671	35.657566
0.343671	47.233883
0.343671	43.499420
0.343671	50.090057
0.343671	52.568634
0.343671	46.132271
0.088983	58.749081
0.088983	78.304367
0.088983	9.138289
0.088983	17.192667
0.088983	14.995960
0.088983	22.907045
0.088983	14.697284
0.196530	34.797455
0.196530	27.650427
0.196530	45.474445
0.196530	54.762104
0.196530	52.884598
0.196530	60.324066
0.196530	64.823380
0.196530	24.097040
0.196530	37.769966
0.196530	38.364548
0.196530	91.041130
0.084527	78.154343
0.084527	36.220787
0.084527	69.820732
0.084527	25.023096
0.084527	76.716019
0.084527	60.664452
0.084527	79.259995
0.084527	51.768219
0.146567	89.060822
0.146567	36.467979
0.146567	71.153175
0.146567	42.068851
0.146567	48.135284
0.146567	40.903008
0.146567	43.599392
0.146567	59.439529
0.283778	25.651825
0.283778	29.863220
0.283778	21.050289
0.283778	23.100916
0.283778	55.240852
0.283778	49.320530
0.283778	59.717644
0.283778	71.483482
0.283778	25.449949
0.110917	21.432735
0.110917	14.324059
0.110917	16.189926
0.110917	51.962288
0.110917	21.563433
0.110917	21.348570
0.110917	18.362522
0.110917	18.992760
0.110917	26.314219
0.130449	9.321435
0.130449	14.041950
0.130449	15.389474
0.130449	13.652280
0.130449	14.460757
0.130449	9.934789
0.130449	12.237172
0.130449	13.988828
0.130449	17.766254
0.122480	11.993894
0.122480	11.361859
0.122480	31.834389
0.122480	15.827170
0.122480	31.947180
0.122480	33.018692
0.122480	41.676201
0.122480	34.192551
0.122480	25.722851
0.244602	35.110592
0.244602	40.373329
0.244602	40.910934
0.244602	39.001747
0.244602	40.865334
0.244602	38.091965
0.244602	38.015228
0.244602	37.371925
0.116709	35.984493
0.116709	44.125351
0.116709	25.226091
0.116709	29.842323
0.116709	23.195631
0.116709	42.779072
0.116709	48.589470
0.116709	50.143181
0.267482	62.636036
0.267482	64.635780
0.267482	38.195427
0.267482	50.316895
0.267482	36.108601
0.267482	44.585876
0.267482	35.131199
0.267482	35.196770
0.267482	33.462654
0.142478	40.335052
0.142478	30.492228
0.142478	36.127594
0.142478	37.583984
0.142478	42.606972
0.142478	31.549767
0.142478	37.220917
0.142478	36.037033
0.142478	31.899239
0.114889	39.251816
0.114889	38.131104
0.114889	43.005653
0.114889	43.903366
0.114889	55.917992
0.114889	49.998207
0.114889	40.972183
0.114889	43.367752
0.114889	38.506973
0.114889	38.393742
0.110188	51.865387
0.110188	55.915192
0.110188	18.442463
0.110188	22.554758
0.110188	15.019147
0.110188	20.544092
0.110188	34.482224
0.110188	15.856672
0.135641	28.977509
0.135641	21.276690
0.135641	32.992031
0.135641	17.979988
0.135641	36.175911
0.135641	37.355198
0.135641	40.172729
0.209513	42.436653
0.209513	35.074844
0.209513	31.558920
0.209513	31.047972
0.209513	32.021183
0.209513	29.398159
0.209513	29.706913
0.209513	32.911819
0.209513	33.881496
0.125956	14.764556
0.125956	19.580893
0.125956	19.835035
0.125956	23.459890
0.125956	22.426771
0.125956	27.426432
0.125956	34.026993
0.125956	42.017776
0.139689	48.823769
0.139689	48.675720
0.139689	54.290916
0.139689	55.570641
0.139689	38.941856
0.139689	45.515480
0.139689	38.375244
0.139689	43.293335
0.139689	39.850220
0.323867	40.840279
0.323867	40.476295
0.323867	43.449505
0.323867	42.127480
0.323867	46.290306
0.323867	55.785324
0.323867	54.798046
0.323867	57.838364
0.208914	46.944992
0.208914	58.302643
0.208914	49.241943
0.208914	55.495041
0.208914	60.458897
0.208914	74.580322
0.208914	65.707611
0.208914	77.510025
0.302969	43.894993
0.302969	49.587009
0.302969	45.259186
0.302969	52.214752
0.172823	50.938530
0.172823	54.304153
0.172823	64.339882
0.172823	60.767174
0.172823	22.219183
0.172823	29.459389
0.172823	32.641750
0.172823	36.270748
0.295795	26.675882
0.295795	47.663788
0.295795	35.979900
0.295795	32.701797
0.295795	43.698353
0.295795	45.276703
0.295795	87.482368
0.295795	82.621094
0.355321	53.794926
0.355321	84.477242
0.355321	61.370880
0.355321	76.545334
0.355321	64.485641
0.355321	90.212967
0.355321	75.080215
0.384163	77.972504
0.384163	77.129227
0.384163	93.036499
0.384163	93.012283
0.384163	56.625309
0.384163	62.265305
0.384163	61.349876
0.384163	63.183216
0.384163	72.366104
0.384163	43.178551
0.384163	97.209641
0.384163	53.185532
0.480340	90.688385
0.480340	41.690994
0.480340	63.335426
0.480340	36.466206
0.480340	73.885674
0.480340	16.301804
0.480340	23.994642
0.480340	9.863536
0.624245	7.224043
0.624245	33.025913
0.624245	89.805199
0.624245	102.168221
0.624245	42.995445
0.624245	35.535557
0.624245	36.108749
0.624245	69.140610
0.624245	54.200619
0.552138	34.059803
0.552138	58.686626
0.552138	40.517265
0.552138	17.643494
0.552138	30.853071
0.552138	20.333857
0.552138	13.109175
0.552138	65.089355
0.659371	51.794312
0.659371	71.097488
0.659371	71.640350
0.659371	49.659744
0.659371	55.067039
0.659371	46.251152
0.659371	55.569324
0.659371	67.846634
0.659371	66.099686
0.659371	59.482273
0.659371	65.553650
0.729804	0.000000
0.729804	0.000000
0.729804	0.000000
0.729804	0.000000
0.729804	0.000000
0.729804	0.000000
0.729804	0.000000
0.729804	0.000000
0.740160	13.270568
0.740160	0.000000
0.740160	95.114166
0.740160	59.280460
0.740160	6.794866
0.740160	54.695827
0.740160	0.000000
0.740160	66.046463
0.740160	30.642006
0.628814	63.732761
0.628814	61.943958
0.628814	90.551033
0.628814	45.820442
0.628814	26.098869
0.628814	39.243629
0.628814	79.057777
0.628814	33.849880
0.454175	46.239059
0.454175	60.825066
0.454175	50.758968
0.454175	103.351944
0.454175	55.341019
0.454175	44.683159
0.784585	40.522156
0.784585	80.071083
0.784585	65.571548
0.784585	25.749941
0.784585	38.437164
0.784585	58.803940
0.784585	29.580433
0.784585	33.366650
0.861256	32.301075
0.861256	61.633030
0.861256	66.473770
0.861256	55.135326
0.861256	55.712807
0.861256	73.840393
0.861256	73.063240
0.861256	73.716194
0.861256	80.242645
0.551700	55.754833
0.551700	48.442078
0.551700	43.033325
0.551700	46.249577
0.508555	60.201614
0.508555	62.067829
0.508555	71.805336
0.508555	57.072514
0.508555	43.054230
0.508555	48.879860
0.508555	44.327530
0.508555	47.089943
0.508555	59.825737
0.754051	71.650833
0.754051	61.794281
0.754051	67.729492
0.754051	31.011686
0.754051	37.231522
0.754051	27.372784
0.754051	35.058655
0.754051	55.861610
0.754051	32.706936
0.731802	52.921242
0.731802	49.764420
0.731802	46.449806
0.731802	45.615273
0.731802	52.966030
0.731802	55.589134
0.731802	58.144672
0.731802	53.255009
0.548437	57.851936
0.548437	67.116501
0.548437	67.873314
0.548437	47.282265
0.548437	47.563747
0.548437	46.021767
0.548437	50.754227
0.548437	53.882427
0.548437	58.573009
0.548437	63.125179
0.548437	61.880013
0.548437	66.819885
0.548437	74.345917
0.548437	71.812935
0.480477	3.604997
0.480477	8.031287
0.480477	4.166572
0.480477	2.145669
0.480477	7.094038
0.480477	21.256014
0.480477	24.364470
0.480477	3.752178
0.480477	10.174193
0.288186	5.991839
0.288186	13.441401
0.288186	22.887194
0.288186	29.153887
0.288186	52.794037
0.288186	57.337334
0.483422	37.776752
0.483422	42.828568
0.483422	42.923977
0.483422	41.118866
0.483422	51.424484
0.483422	20.986214
0.483422	26.907862
0.330986	30.637903
0.330986	32.141445
0.330986	63.254387
0.330986	31.324377
0.330986	46.032169
0.330986	50.218086
0.330986	60.897079
0.330986	64.388977
0.403310	41.353210
0.403310	34.692661
0.403310	49.233421
0.403310	30.482584
0.403310	50.731476
0.403310	38.992195
0.403310	28.331747
0.417833	96.418854
0.417833	53.717007
0.417833	49.030788
0.417833	65.361633
0.417833	64.104111
0.227418	61.645775
0.227418	58.014099
0.227418	52.720772
0.227418	98.029510
0.227418	74.626236
0.227418	106.191490
0.227418	70.915855
0.227418	97.094910
0.227418	71.210175
0.227418	68.075645
0.227418	0.000000
0.261486	0.000000
0.261486	0.000000
0.261486	0.000000
0.261486	0.000000
0.261486	105.792732
0.261486	53.906811
0.261486	122.046143
0.287781	0.000000
0.287781	0.000000
0.287781	0.000000
0.287781	0.000000
0.287781	0.000000
0.287781	0.000000
0.287781	0.000000
0.287781	0.000000
0.372694	7.012415
0.372694	10.094701
0.372694	5.693937
0.372694	6.190576
0.372694	33.044357
0.372694	0.000000
0.372694	0.000000
0.372694	0.000000
0.243065	0.000000
0.243065	60.922028
0.243065	31.173553
0.243065	8.021287
0.243065	42.184937
0.243065	32.937428
0.243065	0.000000
0.243065	6.523831
0.243065	0.000000
0.243065	0.000000
0.251933	23.825357
0.251933	51.394230
0.251933	29.065393
0.251933	11.653407
0.251933	48.342331
0.251933	66.746674
0.251933	64.725723
0.251933	0.000000
0.152224	0.000000
0.152224	0.000000
0.152224	0.000000
0.152224	0.000000
0.152224	0.000000
0.152224	0.000000
0.152224	0.000000
0.152224	0.000000
0.264881	7.330913
0.264881	5.526183
0.264881	25.835081
0.264881	40.052383
0.264881	0.000000
0.264881	15.765302
0.264881	0.000000
0.264881	55.850433
0.264881	51.589073
0.264881	0.000000
0.264881	47.144920
0.264881	30.750219
0.218921	63.015465
0.218921	0.000000
0.218921	0.000000
0.218921	0.000000
0.218921	0.000000
0.218921	0.000000
0.218921	0.000000
0.218921	0.000000
0.218921	40.899059
0.458342	46.577080
0.458342	0.000000
0.458342	0.000000
0.458342	0.000000
0.458342	0.000000
0.458342	0.000000
0.458342	0.000000
0.458342	0.000000
0.458342	0.000000
0.115944	0.000000
0.115944	9.137593
0.115944	0.000000
0.115944	0.000000
0.115944	71.602142
0.115944	55.864040
0.115944	47.093887
0.115944	59.668198
0.129649	51.223450
0.129649	1.972069
0.129649	0.000000
0.129649	0.000000
0.129649	16.069582
0.129649	59.129189
0.129649	65.442284
0.129649	90.240623
0.129649	7.409259
0.129649	14.588910
0.129649	9.401324
0.112030	6.936776
0.112030	12.931672
0.112030	21.953487
0.112030	56.629341
0.112030	50.804611
0.112030	22.418381
0.112030	59.414772
0.112030	26.324507
0.207878	67.173965
0.207878	61.193764
0.207878	61.661652
0.207878	82.644875
0.207878	40.522854
0.207878	50.573441
0.207878	44.037910
0.207878	75.324257
0.207878	35.537636
0.144399	26.029612
0.144399	46.957741
0.144399	67.205750
0.144399	56.300491
0.144399	65.315071
0.144399	48.477745
0.144399	53.898369
0.251175	82.992004
0.251175	72.507004
0.251175	82.300346
0.251175	61.017220
