Ground Truth	Predictions
0.457842	5.686825
0.457842	4.137353
0.457842	4.126131
0.457842	4.763452
0.457842	4.325396
0.457842	4.476203
0.457842	4.757536
0.457842	4.295622
0.457842	5.004382
0.457842	4.355181
0.457842	4.448592
0.457842	4.607222
0.457842	4.643757
0.457842	4.533092
0.508770	0.000000
0.508770	0.000000
0.508770	0.050775
0.508770	0.131825
0.508770	0.000000
0.508770	0.000000
0.508770	0.000000
0.508770	0.000000
0.508770	0.000000
0.193855	1.101215
0.193855	0.967934
0.193855	1.125329
0.193855	1.188656
0.193855	0.801360
0.193855	0.854250
0.193855	0.850598
0.193855	0.518579
0.193855	0.664910
0.086702	0.889556
0.086702	0.753463
0.086702	0.944208
0.086702	0.851116
0.086702	0.504592
0.086702	0.428899
0.319333	3.393625
0.319333	3.239101
0.319333	3.141048
0.319333	3.472129
0.319333	3.305256
0.319333	3.416069
0.319333	3.562001
0.319333	3.332629
0.311546	0.033031
0.311546	0.000000
0.311546	0.000000
0.311546	0.000000
0.311546	0.000000
0.311546	0.000000
0.311546	0.000000
0.311546	0.000000
0.127289	5.160932
0.127289	4.959758
0.127289	4.875662
0.127289	5.267236
0.127289	4.948553
0.127289	5.121460
0.127289	5.096090
0.127289	5.003737
0.127289	5.311131
0.127289	5.042654
0.127289	5.104637
0.127289	5.321119
0.141237	1.157651
0.141237	1.019934
0.141237	1.172947
0.141237	1.207468
0.141237	0.651967
0.269687	6.113245
0.269687	6.044095
0.269687	5.821714
0.269687	6.230052
0.269687	6.158301
0.269687	6.840743
0.269687	6.334563
0.163648	4.705942
0.163648	4.564443
0.163648	4.508383
0.163648	4.764983
0.163648	4.605622
0.163648	4.997519
0.163648	4.783901
0.156216	2.377982
0.156216	2.170337
0.156216	2.180543
0.156216	2.488994
0.156216	2.241863
0.156216	2.327832
0.156216	2.265827
0.156216	2.324299
0.097976	1.562016
0.097976	1.425249
0.097976	1.535112
0.097976	1.561038
0.097976	1.029916
0.438976	1.511300
0.438976	1.333750
0.438976	1.507496
0.438976	1.505446
0.438976	1.140821
0.438976	0.908902
0.438976	0.000000
0.438976	1.029033
0.438976	0.977746
0.438976	0.220608
0.438976	0.000000
0.253996	1.227860
0.253996	1.066091
0.253996	1.204764
0.253996	1.222200
0.253996	0.959798
0.253996	1.007882
0.253996	0.949696
0.253996	1.072691
0.253996	0.307637
0.136296	1.164319
0.136296	1.023678
0.136296	1.216870
0.136296	1.214966
0.136296	0.685486
0.200380	2.447005
0.200380	2.431596
0.200380	2.326907
0.200380	2.440806
0.431419	1.741481
0.431419	1.569667
0.431419	1.569346
0.431419	1.707307
0.431419	1.546854
0.431419	1.462596
0.431419	1.430003
0.431419	1.207741
0.431419	1.193327
0.145272	6.043834
0.145272	5.866540
0.145272	5.821629
0.145272	6.120657
0.145272	5.924041
0.145272	6.045048
0.145272	6.222889
0.267729	6.193819
0.267729	6.201370
0.267729	5.935760
0.267729	6.263102
0.267729	6.304027
0.267729	6.466151
0.267729	6.510594
0.306631	1.585114
0.306631	1.447953
0.306631	1.538299
0.306631	1.495013
0.306631	1.068598
0.306631	1.272003
0.447088	1.583007
0.447088	1.413178
0.447088	1.451843
0.447088	1.573987
0.447088	1.343978
0.447088	1.326368
0.447088	1.277298
0.447088	1.247367
0.447088	0.686302
0.504452	1.122800
0.504452	0.775212
0.504452	1.241064
0.504452	1.079292
0.504452	0.242213
0.262684	2.438978
0.262684	2.208115
0.262684	2.138476
0.262684	2.409298
0.262684	2.296672
0.262684	2.452269
0.262684	2.464162
0.262684	2.403810
0.346296	3.357914
0.346296	3.164943
0.346296	2.998349
0.346296	3.707387
0.346296	3.181454
0.346296	3.364995
0.346296	3.087689
0.346296	2.831006
0.346296	2.675614
0.499062	1.280965
0.499062	1.090302
0.499062	0.928311
0.499062	0.213890
0.499062	0.601323
0.499062	1.009145
0.499062	0.329222
0.499062	0.000000
0.671272	8.136143
0.671272	6.494175
0.671272	6.023508
0.671272	7.382622
0.671272	6.678376
0.671272	6.387155
0.671272	7.062508
0.508340	1.775688
0.508340	1.344545
0.508340	1.867859
0.508340	1.884720
0.508340	0.565763
0.508340	1.785729
0.508340	1.937074
0.508340	0.697049
0.903526	2.822567
0.903526	2.520180
0.903526	2.511248
0.903526	2.833861
0.903526	2.879190
0.903526	2.697176
0.903526	2.821358
0.903526	2.664510
0.803218	6.341400
0.803218	6.239645
0.803218	6.061998
0.803218	6.447438
0.803218	6.554561
0.803218	6.724317
0.803218	6.739242
0.830175	5.142154
0.830175	5.135936
0.830175	4.874197
0.830175	5.163546
0.830175	5.166782
0.830175	5.582571
0.830175	5.307405
0.705579	1.261007
0.705579	0.926229
0.705579	1.232809
0.705579	1.063714
0.705579	0.000000
0.381091	4.937583
0.381091	4.831663
0.381091	4.786716
0.381091	5.042732
0.381091	4.922956
0.381091	5.106682
0.381091	4.993811
0.420111	2.013262
0.420111	1.919283
0.420111	2.016871
0.420111	1.953799
0.420111	1.597538
0.420111	1.856151
0.420111	1.881621
0.420111	1.393707
0.468770	1.625560
0.468770	1.383449
0.468770	1.567710
0.468770	1.589131
0.468770	1.375569
0.468770	1.330260
0.468770	1.417724
0.468770	1.264518
0.468770	0.600977
0.408892	3.062113
0.408892	2.817018
0.408892	2.758986
0.408892	3.143338
0.408892	2.903606
0.408892	3.024136
0.408892	2.864110
0.408892	2.773769
0.408892	2.350693
0.174794	6.135840
0.174794	6.017520
0.174794	5.926948
0.174794	6.181246
0.174794	6.121848
0.174794	6.223836
0.174794	6.248279
0.288514	2.015787
0.288514	1.884703
0.288514	1.807006
0.288514	1.990044
0.288514	1.892000
0.288514	1.967874
0.288514	1.957991
0.288514	2.038533
0.288514	2.043206
0.291416	2.992602
0.291416	2.729258
0.291416	2.639344
0.291416	3.029862
0.291416	2.827367
0.291416	2.958724
0.291416	2.732441
0.291416	2.650298
0.291416	2.086512
0.264238	3.032857
0.264238	2.903562
0.264238	2.812405
0.264238	3.062805
0.264238	2.928771
0.264238	3.310623
0.264238	3.172235
0.264238	3.167752
0.149512	2.405092
0.149512	2.191609
0.149512	2.139447
0.149512	2.450929
0.149512	2.305159
0.149512	2.457098
0.149512	2.448781
0.149512	2.426512
0.396994	1.956609
0.396994	1.688805
0.396994	1.678166
0.396994	1.959142
0.396994	1.706987
0.396994	1.871338
0.396994	1.873529
0.396994	1.838826
0.132665	4.057306
0.132665	3.909381
0.132665	3.941508
0.132665	4.085063
0.132665	4.012659
0.132665	4.209340
0.247157	4.026646
0.247157	3.902514
0.247157	3.937296
0.247157	4.045130
0.247157	4.053495
0.247157	4.142130
0.266508	1.786124
0.266508	1.473411
0.266508	1.503797
0.266508	1.753993
0.266508	1.482949
0.266508	1.576438
0.266508	1.665638
0.266508	1.568118
0.280286	2.661350
0.280286	2.282258
0.280286	2.330495
0.280286	2.564601
0.280286	2.351977
0.280286	2.491123
0.280286	2.312324
0.280286	2.444169
0.280286	2.106770
0.153582	0.826995
0.153582	0.373759
0.153582	0.611354
0.153582	0.613703
0.153582	0.265117
0.153582	0.329088
0.153582	0.368052
0.153582	0.298355
0.153582	0.145773
0.128126	2.525918
0.128126	2.142698
0.128126	2.299469
0.128126	2.544784
0.128126	2.156850
0.128126	2.305156
0.128126	2.179139
0.128126	2.172333
0.128126	2.262380
0.195651	4.969596
0.195651	4.605965
0.195651	4.644041
0.195651	4.982398
0.195651	4.576662
0.195651	4.944098
0.195651	4.648987
0.195651	4.724302
0.195651	4.737852
0.195651	4.784032
0.195651	4.947165
0.195651	5.004062
0.105779	3.805393
0.105779	3.396392
0.105779	3.481046
0.105779	3.944954
0.105779	3.373475
0.105779	3.258730
0.105779	3.486185
0.081994	4.033005
0.081994	4.032329
0.081994	3.927208
0.081994	4.234588
0.081994	3.823174
0.081994	4.097800
0.163639	1.496123
0.163639	1.207616
0.163639	1.269045
0.163639	1.674060
0.163639	1.308828
0.163639	1.491721
0.163639	1.573386
0.163639	1.277252
0.163639	1.360501
0.163639	1.527201
0.186580	4.491863
0.186580	4.480385
0.186580	4.402271
0.186580	4.620867
0.186580	4.558847
0.186580	4.778171
0.433475	3.689377
0.433475	3.491251
0.433475	3.439321
0.433475	3.811213
0.433475	3.519832
0.433475	3.604829
0.433475	3.562574
0.433475	3.504383
0.433475	3.590324
0.433475	3.764639
0.433475	3.717065
0.245377	2.967925
0.245377	2.841247
0.245377	2.826929
0.245377	3.053822
0.245377	2.882147
0.245377	2.834697
0.245377	2.961337
0.245377	2.829919
0.220683	3.283423
0.220683	3.193014
0.220683	3.228231
0.220683	3.310049
0.370613	3.226427
0.370613	3.108926
0.370613	3.022285
0.370613	3.105824
0.370613	3.069959
0.370613	3.058607
0.370613	3.117402
0.370613	3.029340
0.370613	1.976220
0.621325	2.551205
0.621325	2.352053
0.621325	2.421046
0.621325	2.505488
0.621325	2.357567
0.621325	2.090241
0.621325	2.269623
0.621325	2.391488
0.621325	2.099947
0.439987	4.981227
0.439987	4.963167
0.439987	4.731304
0.439987	4.935285
0.439987	5.055225
0.439987	5.187445
0.294430	6.423629
0.294430	6.322753
0.294430	6.096944
0.294430	6.935176
0.294430	6.573556
0.294430	7.470026
0.294430	7.101373
0.206663	2.145239
0.206663	1.548607
0.206663	2.090482
0.206663	0.918705
0.206663	0.098237
0.270931	1.693840
0.270931	1.069410
0.270931	1.527685
0.270931	0.577867
0.270931	0.000000
0.168365	2.596993
0.168365	2.121887
0.168365	2.506273
0.168365	2.405184
0.238558	2.332908
0.238558	2.173658
0.238558	2.258774
0.238558	2.376692
0.238558	2.105738
0.238558	1.852525
0.238558	2.047536
0.238558	2.200047
0.238558	1.224783
0.240714	3.941636
0.240714	3.672508
0.240714	3.548658
0.240714	4.013242
0.240714	3.659624
0.240714	3.798477
0.240714	3.643202
0.240714	3.319896
0.240714	3.495852
0.220194	5.025069
0.220194	5.017721
0.220194	4.763575
0.220194	5.052489
0.220194	5.459542
0.220194	5.255989
0.151054	3.009021
0.151054	2.805438
0.151054	2.788841
0.151054	2.942401
0.151054	2.810712
0.151054	2.837351
0.151054	3.061464
0.151054	3.096278
0.204255	3.234051
0.204255	3.017904
0.204255	2.944809
0.204255	3.158910
0.204255	3.055242
0.204255	3.224325
0.204255	3.133696
0.204255	3.145302
0.085195	5.076235
0.085195	4.974622
0.085195	4.754546
0.085195	5.133013
0.085195	5.159238
0.085195	5.252122
0.085195	5.140042
0.059441	1.743477
0.059441	1.762390
0.059441	1.816736
0.059441	1.637388
0.059441	0.847609
0.059441	1.592670
0.059441	1.365397
0.059441	0.000000
0.048222	1.308893
0.048222	1.196435
0.048222	1.313949
0.048222	1.240373
0.048222	0.821938
0.048222	1.030638
0.048222	0.000000
0.048222	0.000000
0.112482	4.250593
0.112482	4.120130
0.112482	4.078861
0.112482	4.365033
0.112482	4.153882
0.112482	4.271540
0.112482	4.322949
0.099843	4.965381
0.099843	4.932300
0.099843	4.834626
0.099843	5.121894
0.099843	5.022595
0.099843	5.179701
0.099843	5.132421
0.180721	4.995938
0.180721	4.784766
0.180721	4.636737
0.180721	5.183091
0.180721	4.833781
0.180721	4.709530
0.180721	4.782089
0.180721	4.732732
0.180721	5.046746
0.180721	4.646111
0.180721	5.012395
0.180721	5.045621
0.180721	5.127537
0.180721	5.028295
0.140079	3.284467
0.140079	3.264913
0.140079	3.181211
0.140079	3.438066
0.140079	3.288196
0.140079	3.307343
0.140079	3.411273
0.140079	3.161767
0.135154	3.338249
0.135154	3.250914
0.135154	3.196218
0.135154	3.445095
0.135154	3.207629
0.135154	3.217282
0.135154	3.311353
0.135154	3.112548
0.158567	3.224439
0.158567	3.248661
0.158567	3.187107
0.158567	3.226095
0.158567	3.082384
0.158567	3.275643
0.158567	3.177958
0.158567	3.299040
0.176403	4.706025
0.176403	4.828192
0.176403	4.629935
0.176403	4.928295
0.176403	5.034766
0.176403	5.168972
0.176403	5.220405
0.183749	3.493622
0.183749	3.465696
0.183749	3.344440
0.183749	3.619123
0.183749	3.442993
0.183749	3.490102
0.183749	3.528379
0.183749	3.361624
0.079880	3.424733
0.079880	3.450051
0.079880	3.395843
0.079880	3.439160
0.079880	3.396926
0.079880	3.459131
0.079880	3.351987
0.079880	3.491989
0.159270	3.988326
0.159270	4.008867
0.159270	3.678682
0.159270	3.728939
0.413664	5.639812
0.413664	5.449660
0.413664	5.183986
0.413664	5.419143
0.413664	6.164376
0.413664	6.357621
0.413664	6.171474
0.322912	20.921131
0.322912	20.637321
0.322912	20.692158
0.322912	20.972431
0.322912	20.596821
0.322912	21.099625
0.322912	20.726341
0.094659	14.080390
0.094659	13.830178
0.094659	13.958934
0.094659	14.170892
0.094659	13.664805
0.094659	13.959641
0.094659	13.916362
0.094659	13.939642
0.419442	4.261938
0.419442	4.200500
0.419442	3.879027
0.419442	4.292733
0.419442	4.260726
0.419442	4.022483
0.419442	4.240541
0.419442	4.167006
0.419442	4.243223
0.419442	4.206620
0.419442	4.294603
0.499161	19.598713
0.499161	19.202835
0.499161	19.281326
0.499161	19.528778
0.499161	19.197781
0.499161	17.815628
0.499161	18.908821
0.095246	15.973931
0.095246	15.418743
0.095246	15.739625
0.095246	15.633977
0.095246	15.192867
0.095246	15.807178
0.095246	16.123734
0.095246	15.449156
0.095246	16.970104
0.095246	16.532074
0.386189	13.854299
0.386189	13.384647
0.386189	13.591238
0.386189	13.427781
0.386189	12.870690
0.386189	12.986741
0.386189	13.271850
0.386189	13.836907
0.386189	13.594360
0.386189	13.473146
0.386189	13.349339
0.093731	17.992401
0.093731	17.544857
0.093731	17.613556
0.093731	18.117592
0.093731	17.387951
0.093731	18.015160
0.093731	16.853748
0.093731	17.599918
0.093731	16.768524
0.093731	17.653469
0.093731	17.540115
0.051573	19.353195
0.051573	18.825619
0.051573	18.966629
0.051573	19.293221
0.051573	19.140762
0.051573	19.775951
0.051573	18.825237
0.087937	18.119087
0.087937	17.705696
0.087937	17.784538
0.087937	18.246571
0.087937	17.550728
0.087937	18.173260
0.087937	17.718376
0.087937	17.715435
0.087937	17.680576
0.087937	17.771679
0.087937	17.407215
0.178395	6.823383
0.178395	6.662953
0.178395	6.490853
0.178395	6.848182
0.178395	6.839493
0.178395	7.205909
0.178395	7.294231
0.110078	2.832477
0.110078	2.719905
0.110078	2.739274
0.110078	2.861976
0.110078	2.375835
0.083665	6.657095
0.083665	6.542432
0.083665	6.390079
0.083665	6.788058
0.083665	6.691438
0.083665	7.119219
0.083665	7.149441
0.148424	5.216050
0.148424	5.266442
0.148424	5.012464
0.148424	5.217962
0.148424	5.751846
0.148424	5.546515
0.109351	3.397297
0.109351	3.302288
0.109351	3.177497
0.109351	3.393848
0.109351	3.266012
0.109351	3.335506
0.109351	3.270132
0.109351	3.178181
0.098683	3.433585
0.098683	3.471907
0.098683	3.311981
0.098683	3.386300
0.134040	4.114705
0.134040	3.884034
0.134040	3.747809
0.134040	4.048218
0.134040	3.903790
0.134040	3.748115
0.134040	3.892203
0.134040	3.824645
0.134040	3.888811
0.134040	3.822379
0.134040	3.919399
0.149027	1.955588
0.149027	1.865641
0.149027	1.925343
0.149027	1.927741
0.149027	1.388518
0.254897	6.220124
0.254897	6.058050
0.254897	5.841239
0.254897	6.357387
0.254897	6.269643
0.254897	6.918603
0.254897	6.445669
0.105041	2.056859
0.105041	1.954471
0.105041	2.041184
0.105041	1.617685
0.105041	0.883489
0.105041	1.604316
0.105041	0.956914
0.105041	0.000000
0.120260	9.648328
0.120260	9.368679
0.120260	9.428906
0.120260	9.300975
0.120260	9.055791
0.120260	9.396401
0.120260	8.496063
0.120260	9.226918
0.120260	9.458535
0.189175	9.687896
0.189175	9.310613
0.189175	9.457129
0.189175	9.721407
0.189175	9.096391
0.189175	9.226464
0.189175	9.081140
0.189175	8.886591
0.189175	9.979827
0.163083	3.299444
0.163083	3.151665
0.163083	3.003029
0.163083	3.215235
0.163083	3.209321
0.163083	3.238405
0.163083	3.315072
0.163083	3.203945
0.147120	0.627234
0.147120	0.390576
0.147120	0.594298
0.147120	0.602468
0.147120	0.185535
0.147120	0.208763
0.147120	0.327666
0.147120	0.109919
0.147120	0.210147
0.119325	2.121584
0.119325	1.989421
0.119325	1.882475
0.119325	2.278916
0.119325	2.073239
0.119325	1.900946
0.119325	2.148404
0.119325	2.087250
0.119325	2.190468
0.119325	2.090037
0.119325	2.131524
0.065345	0.959830
0.065345	0.869050
0.065345	0.935270
0.065345	1.007339
0.096169	4.552325
0.096169	4.516276
0.096169	4.308771
0.096169	4.774419
0.096169	4.800468
0.096169	5.358393
0.096169	5.472324
0.081244	4.459012
0.081244	4.485278
0.081244	4.207867
0.081244	4.596635
0.081244	4.697670
0.081244	5.620678
0.081244	5.536373
0.192979	4.109099
0.192979	3.980122
0.192979	3.756614
0.192979	4.111470
0.192979	4.410635
0.192979	3.639349
0.192979	4.068339
0.192979	4.287390
0.192979	4.511122
0.192979	4.414430
0.192979	4.011129
0.192979	5.144653
0.078616	3.492826
0.078616	3.481852
0.078616	3.260908
0.078616	3.474896
0.078616	3.951009
0.078616	3.736766
0.276629	2.351079
0.276629	2.249516
0.276629	2.353145
0.276629	2.209994
0.276629	2.119743
0.276629	2.123584
0.213391	6.477001
0.213391	6.519332
0.213391	6.118931
0.213391	7.942530
0.213391	6.538490
0.213391	7.517867
0.213391	7.041853
0.071652	9.055452
0.071652	8.511893
0.071652	8.862601
0.071652	8.073602
0.071652	8.580856
0.071652	8.234660
0.071652	8.948987
0.071652	8.933832
0.071652	8.534963
0.112180	0.875508
0.112180	0.512481
0.112180	0.829002
0.112180	0.710733
0.072006	1.855376
0.072006	1.734176
0.072006	1.596255
0.072006	2.016896
0.072006	1.970211
0.072006	2.132307
0.072006	2.042383
0.072006	1.835834
0.072006	1.783013
0.219908	2.083848
0.219908	1.987610
0.219908	1.844820
0.219908	2.186319
0.219908	2.218147
0.219908	2.234367
0.219908	2.373268
0.219908	2.152402
0.052352	3.955959
0.052352	3.996733
0.052352	3.646644
0.052352	4.067999
0.052352	4.435386
0.052352	3.698429
0.052352	4.413664
0.052352	4.252907
0.052352	4.455631
0.052352	4.210029
0.052352	3.961774
0.052352	4.806254
0.167658	3.575504
0.167658	3.466976
0.167658	3.276583
0.167658	3.630750
0.167658	3.766918
0.167658	4.078012
0.167658	3.871439
0.155438	0.310891
0.155438	0.126483
0.155438	0.368474
0.155438	0.325200
0.155438	0.000000
0.441670	0.438748
0.441670	0.319830
0.441670	0.473197
0.441670	0.546457
0.441670	0.006161
0.441670	0.000000
0.441670	0.199879
0.441670	0.324156
0.441670	0.397990
0.441670	0.241871
0.441670	0.000000
0.197979	1.764320
0.197979	1.631693
0.197979	1.391597
0.197979	2.017103
0.197979	1.722675
0.197979	1.832724
0.197979	1.720005
0.197979	1.332770
0.197979	1.660111
0.132847	0.683094
0.132847	0.203653
0.132847	0.602661
0.132847	0.494270
0.305276	1.661544
0.305276	1.566289
0.305276	1.528904
0.305276	1.923810
0.305276	1.517382
0.305276	1.624228
0.305276	1.467519
0.305276	1.179197
0.305276	1.532758
0.126406	0.627409
0.126406	0.317812
0.126406	0.669571
0.126406	0.652924
0.213931	0.317184
0.213931	0.176189
0.213931	0.386207
0.213931	0.389537
0.213931	0.000000
0.168666	2.166836
0.168666	1.947384
0.168666	1.822357
0.168666	2.298390
0.168666	1.972039
0.168666	1.913043
0.168666	2.035307
0.168666	1.967536
0.168666	2.012519
0.168666	2.424089
0.168666	2.513309
0.066183	0.249095
0.066183	0.063559
0.066183	0.259635
0.066183	0.137508
0.066183	0.000000
0.066183	0.000000
0.084120	0.445134
0.084120	0.000000
0.084120	0.096242
0.084120	0.000000
0.084120	0.000000
0.084120	0.000000
0.084120	0.000000
0.084120	0.000000
0.035660	0.454949
0.035660	0.189482
0.035660	0.597380
0.035660	0.431800
0.029818	0.477492
0.029818	0.242445
0.029818	0.490593
0.029818	0.539632
0.029818	0.000000
0.029818	0.000000
0.029818	0.000000
0.029818	0.000000
0.029818	0.000000
0.226636	1.831199
0.226636	1.594971
0.226636	1.476581
0.226636	2.090538
0.226636	1.635208
0.226636	1.748058
0.226636	1.663885
0.226636	1.547540
0.226636	1.926702
0.131654	14.303906
0.131654	13.887205
0.131654	14.050330
0.131654	14.305959
0.131654	13.817746
0.131654	14.080440
0.131654	13.513211
0.131654	13.163696
0.247575	12.771911
0.247575	12.636759
0.247575	12.740691
0.247575	12.753073
0.247575	11.868892
0.247575	12.374484
0.247575	12.639894
0.247575	12.623127
0.247575	12.498569
0.177366	17.406345
0.177366	17.198158
0.177366	17.213589
0.177366	17.375061
0.177366	17.270458
0.177366	17.063663
0.177366	17.069759
0.067441	15.938836
0.067441	15.649910
0.067441	15.884042
0.067441	15.851338
0.067441	15.676549
0.067441	16.003059
0.151370	12.917065
0.151370	12.755151
0.151370	12.888865
0.151370	12.890268
0.151370	12.015486
0.151370	12.399222
0.151370	12.854990
0.151370	12.530935
0.151370	12.583756
0.077074	12.997373
0.077074	12.738461
0.077074	13.007489
0.077074	13.238372
0.077074	12.511774
0.077074	12.906373
0.077074	13.010362
0.077074	12.967319
0.077074	13.116272
0.097630	13.510091
0.097630	13.367932
0.097630	13.487939
0.097630	13.605750
0.097630	12.995875
0.097630	13.232039
0.097630	13.480502
0.097630	13.503767
0.097630	13.025853
0.171393	15.104264
0.171393	14.804273
0.171393	15.049134
0.171393	15.206383
0.171393	14.553969
0.171393	14.996497
0.171393	15.126429
0.171393	15.138502
0.098243	16.476124
0.098243	16.249092
0.098243	16.351669
0.098243	16.588188
0.098243	16.194431
0.098243	16.103043
0.098243	15.621377
0.098243	15.638392
0.105882	19.313869
0.105882	19.070908
0.105882	19.133957
0.105882	18.809326
0.105882	18.599991
0.105882	19.112316
0.105882	18.469143
0.093503	17.700680
0.093503	17.250778
0.093503	17.425915
0.093503	17.179714
0.093503	16.998638
0.093503	16.966621
0.093503	16.857479
0.093503	17.602459
0.093503	19.826084
0.111924	18.868233
0.111924	18.643764
0.111924	18.742752
0.111924	18.900482
0.111924	18.347832
0.111924	18.903183
0.071588	16.651592
0.071588	16.325020
0.071588	16.422184
0.071588	16.663258
0.071588	15.902429
0.071588	16.372437
0.071588	15.667269
0.071588	15.357728
0.073719	16.527699
0.073719	16.207592
0.073719	16.301128
0.073719	16.567219
0.073719	15.965268
0.073719	16.262886
0.073719	15.709551
0.073719	15.830245
0.089686	21.575520
0.089686	21.241440
0.089686	21.329063
0.089686	21.707813
0.089686	21.238049
0.089686	21.025131
0.089686	21.012810
0.064501	19.930347
0.064501	19.694370
0.064501	19.712513
0.064501	19.998211
0.064501	19.569798
0.064501	20.063400
0.064501	19.361526
0.181323	15.421121
0.181323	15.041764
0.181323	15.152810
0.181323	15.458907
0.181323	14.976377
0.181323	15.105152
0.181323	15.266589
0.181323	15.686195
0.181323	15.562007
0.100134	16.697304
0.100134	16.324169
0.100134	16.372425
0.100134	16.747173
0.100134	16.076550
0.100134	16.448669
0.100134	15.263296
0.100134	16.125034
0.275441	15.929618
0.275441	15.477297
0.275441	15.820806
0.275441	15.978087
0.277180	19.743332
0.277180	19.497311
0.277180	19.568214
0.277180	19.776230
0.277180	19.975372
0.277180	20.104477
0.122478	19.576107
0.122478	19.349724
0.122478	19.402798
0.122478	19.610401
0.122478	19.297520
0.122478	19.810497
0.329314	13.632277
0.329314	13.520930
0.329314	13.627814
0.329314	13.568351
0.329314	12.809995
0.329314	12.985185
0.329314	13.787585
0.329314	13.799231
0.329314	13.615311
0.329314	13.731334
0.329314	15.214746
0.069422	19.611935
0.069422	19.384857
0.069422	19.388168
0.069422	19.714584
0.069422	19.257484
0.069422	20.278988
0.069422	19.505577
0.155047	18.926357
0.155047	18.389977
0.155047	18.488705
0.155047	18.860123
0.155047	18.822060
0.155047	19.767776
0.155047	18.418343
0.316848	15.743976
0.316848	15.528687
0.316848	15.684228
0.316848	15.831056
0.316848	15.145067
0.316848	15.182055
0.316848	15.461640
0.316848	17.003174
0.316848	16.820808
0.120948	19.469566
0.120948	19.251957
0.120948	19.316025
0.120948	19.613537
0.120948	19.140507
0.120948	19.637615
0.120948	18.958458
0.106509	21.169346
0.106509	20.885002
0.106509	20.892273
0.106509	21.195076
0.106509	20.844215
0.106509	20.044365
0.106509	20.613224
0.071450	14.160444
0.071450	13.761537
0.071450	13.934430
0.071450	14.178712
0.071450	13.317185
0.071450	13.263460
0.071450	13.552635
0.071450	14.236205
0.071450	13.838319
0.071450	14.737306
0.071450	13.815352
0.145454	17.630589
0.145454	17.291584
0.145454	17.429668
0.145454	17.644737
0.145454	17.068737
0.145454	16.751823
0.145454	16.753757
0.145454	16.801922
0.136016	21.132549
0.136016	20.854954
0.136016	20.905937
0.136016	21.182076
0.136016	20.844463
0.136016	20.599445
0.136016	20.653545
0.098300	16.759258
0.098300	16.399582
0.098300	16.496643
0.098300	16.675465
0.098300	15.779094
0.098300	16.449062
0.098300	14.583571
0.098300	15.312887
0.061622	18.928497
0.061622	18.567635
0.061622	18.847198
0.061622	18.916786
0.061622	18.499554
0.061622	19.169907
0.089945	14.583163
0.089945	14.299359
0.089945	14.458895
0.089945	14.613742
0.089945	14.033681
0.089945	14.482944
0.089945	14.559323
0.089945	14.337687
0.059270	17.582668
0.059270	17.250580
0.059270	17.394699
0.059270	17.626350
0.059270	16.918655
0.059270	17.063637
0.059270	17.114536
0.059270	16.716164
0.180800	15.942205
0.180800	15.486128
0.180800	15.828891
0.180800	16.019800
0.180800	15.357176
0.180800	15.347674
0.180800	15.635581
0.180800	15.973418
0.180800	16.830074
0.065670	17.668442
0.065670	17.186771
0.065670	17.436211
0.065670	17.583797
0.065670	17.015896
0.065670	16.925014
0.065670	16.970245
0.065670	17.410641
0.065670	17.757099
0.072952	16.876408
0.072952	16.542427
0.072952	16.642387
0.072952	16.935928
0.072952	16.320370
0.072952	16.588943
0.072952	16.088711
0.072952	16.045864
0.042655	17.792599
0.042655	17.363022
0.042655	17.533104
0.042655	17.692116
0.042655	16.977032
0.042655	17.776730
0.042655	16.947437
0.042655	16.769783
0.042655	16.334129
0.042655	15.862370
0.042655	15.961012
0.090052	15.315982
0.090052	14.900808
0.090052	15.186506
0.090052	14.409364
0.090052	13.760600
0.090052	12.561410
0.175721	16.677235
0.175721	15.861149
0.175721	16.481052
0.175721	15.304215
0.175721	16.376266
0.175721	16.103367
0.175721	15.497291
0.175721	15.800057
0.046781	19.040253
0.046781	18.598331
0.046781	18.670914
0.046781	18.892960
0.046781	17.927616
0.046781	18.582214
0.046781	17.624168
0.063951	20.253746
0.063951	20.015369
0.063951	20.022289
0.063951	20.398449
0.063951	20.114250
0.063951	20.016304
0.063951	20.076523
0.076589	16.246693
0.076589	15.773284
0.076589	16.033367
0.076589	15.572176
0.076589	15.669473
0.076589	16.164307
0.076589	15.878551
0.076589	15.563254
0.076589	16.157635
0.076589	16.167343
0.058068	16.177158
0.058068	15.372888
0.058068	16.175358
0.058068	16.208347
0.055984	16.081406
0.055984	15.929931
0.055984	15.981244
0.055984	15.001437
0.055984	15.569451
0.055984	15.761532
0.055984	15.370955
0.055984	15.085388
0.052879	13.728619
0.052879	13.175908
0.052879	13.474484
0.052879	13.849226
0.052879	13.109175
0.052879	12.917385
0.052879	13.080644
0.052879	13.817295
0.052879	13.566950
0.052879	14.091147
0.052879	13.481878
0.178891	19.540672
0.178891	19.449093
0.178891	19.490108
0.178891	19.674961
0.178891	19.552147
0.178891	19.840965
0.124407	21.832569
0.124407	21.485115
0.124407	21.556870
0.124407	21.910641
0.124407	21.475548
0.124407	21.136532
0.124407	21.400604
0.240940	16.114944
0.240940	15.755073
0.240940	16.041119
0.240940	16.193935
0.162135	20.270035
0.162135	20.012119
0.162135	20.103218
0.162135	20.420605
0.162135	19.924114
0.162135	20.420845
0.162135	19.881817
0.194310	12.984463
0.194310	12.984344
0.194310	13.085881
0.194310	13.199698
0.194310	12.464814
0.087406	13.166305
0.087406	12.931077
0.087406	13.102698
0.087406	13.195516
0.087406	12.436249
0.061704	22.018234
0.061704	21.682915
0.061704	21.746189
0.061704	22.106358
0.061704	21.671394
0.061704	21.347805
0.061704	21.461971
0.112732	13.889838
0.112732	13.615057
0.112732	13.778031
0.112732	13.932416
0.112732	13.483449
0.112732	13.837956
0.112732	14.100972
0.112732	13.767813
0.064463	18.260067
0.064463	17.924782
0.064463	17.965775
0.064463	18.304756
0.064463	17.867683
0.064463	17.885220
0.064463	17.942032
0.064463	17.746643
0.071066	12.151584
0.071066	11.874609
0.071066	12.026647
0.071066	12.174649
0.071066	11.524116
0.071066	11.446731
0.058917	16.863743
0.058917	16.410393
0.058917	16.487488
0.058917	16.888493
0.058917	16.372055
0.058917	16.647114
0.058917	16.172195
0.058917	16.064335
0.066934	17.934536
0.066934	17.690407
0.066934	17.719208
0.066934	17.927814
0.066934	17.751518
0.066934	17.615646
0.066934	17.644833
0.068544	11.180320
0.068544	10.966654
0.068544	11.110490
0.068544	11.198714
0.068544	10.498915
0.060488	15.596450
0.060488	15.377002
0.060488	15.360453
0.060488	15.424520
0.060488	15.414081
0.060488	15.682469
0.060488	15.279494
0.116206	13.719205
0.116206	13.103324
0.116206	13.496817
0.116206	13.359262
0.057830	13.022456
0.057830	11.942731
0.057830	12.947547
0.057830	12.729557
0.085157	13.595218
0.085157	13.326285
0.085157	13.501456
0.085157	13.585512
0.085157	12.842385
0.069789	14.639012
0.069789	14.467804
0.069789	14.520326
0.069789	14.663947
0.069789	14.166211
0.069789	14.525064
0.069789	14.612344
0.069789	14.491283
0.059272	13.572112
0.059272	13.430132
0.059272	13.515910
0.059272	13.596274
0.059272	12.947251
0.106167	20.720066
0.106167	20.226532
0.106167	20.295242
0.106167	20.786976
0.106167	20.112923
0.106167	20.767357
0.106167	20.363060
0.106167	20.329193
0.106167	20.407608
0.106167	20.391113
0.106167	20.716999
0.106167	20.826527
0.081947	20.706871
0.081947	20.215710
0.081947	20.307507
0.081947	20.795788
0.081947	20.072430
0.081947	20.708523
0.081947	20.243919
0.081947	20.239300
0.081947	20.284935
0.081947	20.313778
0.081947	20.610165
0.081947	20.712734
0.110656	15.399372
0.110656	15.069322
0.110656	15.135848
0.110656	15.488894
0.110656	14.975411
0.110656	15.099571
0.110656	15.254589
0.110656	15.550809
0.110656	15.496339
0.117085	18.020679
0.117085	17.673306
0.117085	17.744492
0.117085	18.022552
0.117085	17.563251
0.117085	17.641636
0.117085	17.642567
0.117085	17.462696
0.090737	16.105255
0.090737	15.638764
0.090737	15.978830
0.090737	16.088669
0.128942	16.633686
0.128942	16.176426
0.128942	16.292000
0.128942	16.686829
0.128942	16.262859
0.128942	16.313690
0.128942	16.012589
0.128942	15.984664
0.100409	3.895345
0.100409	3.858956
0.100409	3.697537
0.100409	3.960957
0.100409	3.996182
0.100409	3.794055
0.100409	3.857854
0.100409	4.175025
0.100409	3.938904
0.100409	4.160006
0.268293	3.371390
0.268293	3.377492
0.268293	3.327031
0.268293	3.373091
0.268293	3.255803
0.268293	3.243466
0.158494	5.644464
0.158494	5.293988
0.158494	5.130167
0.158494	5.862871
0.158494	5.576492
0.158494	5.336424
0.158494	5.594366
0.158494	5.320490
0.158494	6.058612
0.158494	5.294300
0.158494	5.625756
0.158494	5.908191
0.158494	5.840516
0.158494	5.906443
0.112911	3.602662
0.112911	3.619343
0.112911	3.567788
0.112911	3.636528
0.112911	3.702448
0.112911	3.656415
0.112911	3.641602
0.112911	3.517913
0.089587	12.432297
0.089587	12.337678
0.089587	12.125146
0.089587	12.514454
0.089587	12.436885
0.089587	12.841798
0.089587	12.887216
0.096198	3.105226
0.096198	3.046069
0.096198	2.977316
0.096198	3.183104
0.096198	2.689738
0.074335	3.772360
0.074335	3.994545
0.074335	3.621871
0.074335	3.704641
0.076024	0.831728
0.076024	0.843687
0.076024	0.900981
0.076024	0.851118
0.076024	0.323429
0.050069	13.402411
0.050069	12.901470
0.050069	13.351037
0.050069	13.457610
0.102788	13.609425
0.102788	13.304063
0.102788	13.489650
0.102788	13.747988
0.102788	13.255973
0.102788	13.076959
0.102788	13.089715
0.102788	12.872457
0.084488	13.720704
0.084488	13.401929
0.084488	13.493796
0.084488	13.742543
0.084488	13.305346
0.084488	13.323988
0.084488	12.988484
0.084488	12.875289
0.084118	18.070351
0.084118	17.860271
0.084118	17.833897
0.084118	18.122829
0.084118	17.846096
0.084118	17.703796
0.084118	17.806736
0.085885	16.609379
0.085885	16.376450
0.085885	16.374901
0.085885	16.675888
0.085885	16.576553
0.085885	16.755367
0.085885	16.382694
0.149218	13.255854
0.149218	12.900443
0.149218	13.072827
0.149218	12.934930
0.149218	12.811322
0.149218	12.847311
0.149218	13.094254
0.149218	13.194423
0.149218	13.021212
0.121679	11.313978
0.121679	11.084423
0.121679	11.179624
0.121679	11.332990
0.121679	10.694486
0.209352	13.736238
0.209352	12.728284
0.209352	13.663629
0.209352	13.236110
0.104306	13.677239
0.104306	13.194258
0.104306	13.595168
0.104306	13.402322
0.194114	17.713417
0.194114	17.455372
0.194114	17.484661
0.194114	17.762794
0.194114	17.459801
0.194114	17.008461
0.194114	16.799004
0.093560	9.010909
0.093560	8.781126
0.093560	8.840991
0.093560	8.850083
0.093560	8.612359
0.093560	8.841577
0.093560	8.465491
0.093560	8.563944
0.158477	9.671307
0.158477	9.464284
0.158477	9.535460
0.158477	9.701592
0.158477	9.299332
0.158477	9.378829
0.158477	9.298056
0.158477	9.280845
0.117447	7.935102
0.117447	7.750357
0.117447	7.897985
0.117447	7.897495
0.117447	7.576999
0.117447	7.724012
0.117447	7.719189
0.117447	7.843908
0.081955	11.773960
0.081955	11.591743
0.081955	11.628650
0.081955	11.483317
0.081955	11.448512
0.081955	11.136355
0.081955	11.202931
0.166946	10.706336
0.166946	10.310977
0.166946	10.544930
0.166946	9.513550
0.166946	9.474542
0.166946	10.380250
0.166946	9.455644
0.209478	8.682579
0.209478	7.794605
0.209478	8.541942
0.209478	7.933393
0.107487	8.642562
0.107487	7.891672
0.107487	8.654555
0.107487	8.705642
0.093784	10.757793
0.093784	9.933602
0.093784	10.416711
0.093784	10.411296
0.093784	9.838871
0.093784	10.094889
0.093784	9.490964
0.084917	9.735042
0.084917	9.459899
0.084917	9.541041
0.084917	9.199296
0.084917	9.154668
0.084917	9.782937
0.084917	9.397223
0.084917	9.230806
0.084917	9.448036
0.084917	9.455468
0.084917	9.476577
0.144503	7.939600
0.144503	7.768408
0.144503	7.912486
0.144503	7.920776
0.144503	7.487535
0.144503	7.841461
0.144503	7.931110
0.144503	8.119945
0.204319	9.174890
0.204319	8.910309
0.204319	8.984888
0.204319	9.122113
0.204319	8.812068
0.204319	8.936311
0.204319	8.723314
0.204319	8.799261
0.404868	9.865562
0.404868	9.622943
0.404868	9.700583
0.404868	9.895919
0.404868	9.557005
0.404868	9.562686
0.404868	9.615750
0.404868	9.522332
0.129319	10.802208
0.129319	10.710032
0.129319	10.691738
0.129319	10.805736
0.129319	10.476571
0.129319	10.840716
0.065029	7.364323
0.065029	7.179752
0.065029	7.270210
0.065029	7.431644
0.065029	7.102853
0.065029	7.106205
0.065029	7.119031
0.065029	7.400972
0.065029	7.256944
0.065029	7.355683
0.065029	7.144871
0.178040	7.344983
0.178040	7.223527
0.178040	7.280265
0.178040	7.340361
0.178040	7.150264
0.178040	7.179075
0.178040	7.168275
0.178040	7.390618
0.178040	7.289301
0.178040	7.206932
0.178040	7.115990
0.063332	11.957395
0.063332	11.781672
0.063332	11.706342
0.063332	12.053894
0.063332	11.891528
0.063332	12.081980
0.063332	12.054207
0.060782	8.652617
0.060782	8.403432
0.060782	8.449354
0.060782	8.650141
0.060782	8.384751
0.060782	8.339507
0.060782	8.111768
0.060782	8.059611
0.080059	11.123880
0.080059	10.941810
0.080059	11.031864
0.080059	11.174808
0.080059	10.412927
0.093880	11.281346
0.093880	11.137427
0.093880	11.223023
0.093880	11.325621
0.093880	10.580366
0.073092	11.999099
0.073092	11.754680
0.073092	11.855376
0.073092	11.911177
0.073092	11.499742
0.073092	11.904843
0.073092	12.100154
0.073092	11.895908
0.137770	12.072595
0.137770	11.805734
0.137770	11.977780
0.137770	12.198937
0.137770	11.203301
0.137770	11.987742
0.137770	12.223826
0.137770	11.861298
0.271861	11.615239
0.271861	11.359973
0.271861	11.518607
0.271861	11.864297
0.271861	10.830672
0.271861	11.202149
0.271861	10.896560
0.271861	11.722830
0.271861	11.433002
0.271861	11.682755
0.271861	11.090487
0.055882	14.176246
0.055882	13.774998
0.055882	13.997754
0.055882	14.184219
0.055882	13.845904
0.055882	12.795070
0.055882	13.218757
0.055882	11.741104
0.078650	14.534435
0.078650	14.153018
0.078650	14.269017
0.078650	14.528098
0.078650	13.950379
0.078650	14.266043
0.078650	13.668012
0.078650	13.783448
0.099407	11.548526
0.099407	11.322533
0.099407	11.463737
0.099407	11.555554
0.099407	10.866628
0.318379	8.225621
0.318379	7.982055
0.318379	8.089124
0.318379	8.055241
0.318379	7.290970
0.318379	7.728049
0.318379	7.873991
0.318379	6.822125
0.318379	7.384079
0.241025	14.201371
0.241025	13.857101
0.241025	13.982075
0.241025	14.273673
0.241025	13.631119
0.241025	13.645954
0.241025	13.730586
0.241025	14.269546
0.241025	13.957198
0.241025	13.803955
0.241025	13.927057
0.069714	16.367336
0.069714	15.989120
0.069714	16.127144
0.069714	16.341328
0.069714	15.981523
0.069714	15.859372
0.069714	15.626657
0.069714	15.452531
0.168004	13.906949
0.168004	13.657793
0.168004	13.781185
0.168004	13.662059
0.168004	13.068180
0.366501	17.571777
0.366501	16.827438
0.366501	17.360691
0.366501	16.962864
0.366501	16.770607
0.366501	17.243290
0.366501	17.179947
0.366501	16.804176
0.366501	18.637703
0.204160	15.959045
0.204160	15.635526
0.204160	15.764270
0.204160	15.809366
0.204160	15.433605
0.204160	15.449392
0.204160	15.689212
0.204160	15.842936
0.204160	15.995719
0.081374	16.357063
0.081374	16.052513
0.081374	16.153423
0.081374	16.026230
0.081374	16.045818
0.081374	15.852551
0.081374	15.609475
0.081374	15.400652
0.074254	15.417756
0.074254	15.058329
0.074254	15.183136
0.074254	15.414522
0.074254	14.545080
0.074254	14.936814
0.074254	15.090719
0.074254	16.167431
0.074254	15.018420
0.104570	21.145290
0.104570	20.890930
0.104570	20.890793
0.104570	21.165924
0.104570	20.514072
0.104570	20.455654
0.104570	20.188175
0.103030	16.260803
0.103030	15.925534
0.103030	16.018875
0.103030	16.218845
0.103030	15.831912
0.103030	15.787044
0.103030	15.365298
0.103030	15.250663
0.262175	19.130833
0.262175	18.612507
0.262175	18.727989
0.262175	19.069099
0.262175	19.601818
0.262175	19.754303
0.262175	18.521744
0.086610	18.181820
0.086610	17.689968
0.086610	17.820454
0.086610	18.003624
0.086610	17.783791
0.086610	18.055458
0.086610	17.627270
0.086610	17.607903
0.050871	16.229591
0.050871	15.922493
0.050871	15.984099
0.050871	16.421780
0.050871	16.042034
0.050871	16.084904
0.050871	16.299961
0.050871	18.645504
0.050871	17.706917
0.180568	7.355064
0.180568	7.252992
0.180568	7.368242
0.180568	7.370972
0.180568	7.182253
0.180568	6.888349
0.180568	6.924298
0.180568	7.500967
0.180568	7.335118
0.180568	7.411119
0.180568	7.354369
0.238333	3.178310
0.238333	2.987154
0.238333	3.151078
0.238333	2.990592
0.238333	2.911611
0.238333	3.152998
0.238333	3.054001
0.238333	3.176858
0.247834	7.996329
0.247834	7.840483
0.247834	7.930133
0.247834	7.644607
0.247834	7.583355
0.247834	7.822738
0.247834	7.914152
0.247834	7.916279
0.237441	16.747257
0.237441	16.440704
0.237441	15.573977
0.237441	16.833088
0.237441	16.583309
0.237441	17.019894
0.237441	16.853882
0.237441	18.220192
0.237441	19.333237
