Ground Truth	Predictions
0.531654	0.261501
0.531654	0.267479
0.531654	0.251387
0.531654	0.060736
0.531654	0.049601
0.531654	0.258297
0.531654	0.023667
0.531654	0.016813
0.249271	0.319098
0.249271	0.031236
0.249271	0.324189
0.249271	0.315600
0.249271	0.035453
0.249271	0.029851
0.249271	0.030061
0.249271	0.029263
0.267607	0.205119
0.267607	0.190485
0.267607	0.196059
0.267607	0.191749
0.267607	0.205944
0.267607	0.206638
0.267607	0.350099
0.267607	0.203987
0.141753	0.313920
0.141753	0.317477
0.141753	0.314135
0.141753	0.319233
0.141753	0.015649
0.141753	0.015543
0.141753	0.315578
0.141753	0.016459
0.178074	0.229128
0.178074	0.044229
0.178074	0.233850
0.178074	0.229028
0.178074	0.044655
0.178074	0.045286
0.178074	0.044303
0.178074	0.045742
0.178074	0.043843
0.328270	0.213952
0.328270	0.219594
0.328270	0.221426
0.328270	0.218702
0.328270	0.218390
0.328270	0.223211
0.328270	0.221681
0.328270	0.227069
0.064504	0.197263
0.064504	0.200395
0.064504	0.207742
0.064504	0.274670
0.064504	0.298798
0.064504	0.200881
0.064504	0.315055
0.064504	0.199587
0.114564	0.346863
0.114564	0.016424
0.114564	0.369409
0.114564	0.004002
0.114564	0.013890
0.096728	0.345714
0.096728	0.043758
0.096728	0.353586
0.096728	0.341474
0.096728	0.042373
0.096728	0.043455
0.096728	0.043103
0.096728	0.044529
0.070515	0.850219
0.070515	0.205473
0.070515	0.198250
0.070515	0.189155
0.070515	0.606087
0.070515	0.208133
0.070515	0.637412
0.070515	0.639277
0.070515	0.665805
0.057508	0.518522
0.057508	0.187823
0.057508	0.541211
0.057508	0.220337
0.057508	0.081420
0.057508	0.091728
0.057508	0.115695
0.057508	0.075750
0.057508	0.076717
0.057508	0.091665
0.057508	0.089853
0.146452	0.274458
0.146452	0.282007
0.146452	0.281965
0.146452	0.267699
0.146452	0.269892
0.146452	0.273021
0.146452	0.300621
0.146452	0.000926
0.092456	0.175009
0.092456	0.177617
0.092456	0.182983
0.092456	0.171518
0.092456	0.180800
0.092456	0.188081
0.092456	0.197721
0.092456	0.213318
0.054456	0.147787
0.054456	0.159409
0.054456	0.154197
0.054456	0.145173
0.054456	0.007663
0.054456	0.010283
0.054456	0.011263
0.230242	0.217324
0.230242	0.247624
0.230242	0.225684
0.230242	0.216780
0.230242	0.009323
0.267107	0.184921
0.267107	0.156711
0.267107	0.136066
0.267107	0.184043
0.267107	0.161611
0.267107	0.185185
0.267107	0.169969
0.267107	0.165509
0.267107	0.177232
0.267107	0.174678
0.267107	0.198361
0.267107	0.135499
0.113736	0.101225
0.113736	0.111728
0.113736	0.111298
0.113736	0.093470
0.113736	0.114579
0.113736	0.111016
0.113736	0.119578
0.078628	0.272718
0.078628	0.272336
0.078628	0.279720
0.078628	0.269874
0.078628	0.284571
0.078628	0.002139
0.078628	0.002235
0.078628	0.002383
0.247360	0.184367
0.247360	0.184097
0.247360	0.192669
0.247360	0.192594
0.247360	0.190261
0.247360	0.207123
0.324169	0.109108
0.324169	0.111750
0.324169	0.107613
0.324169	0.102683
0.324169	0.121918
0.324169	0.116772
0.324169	0.125843
0.100518	0.150820
0.100518	0.151447
0.100518	0.155178
0.100518	0.035974
0.100518	0.152067
0.100518	0.152668
0.100518	0.143713
0.100518	0.047357
0.291653	0.212535
0.291653	0.185445
0.291653	0.132050
0.291653	0.190224
0.291653	0.188949
0.291653	0.475937
0.291653	0.255245
0.291653	0.286998
0.291653	0.121343
0.064820	0.514128
0.064820	0.028678
0.064820	0.048307
0.064820	0.023506
0.064820	0.030905
0.064820	0.509728
0.064820	0.029508
0.064820	0.521567
0.064820	0.020538
0.064820	0.028911
0.064820	0.029903
0.088114	0.020152
0.088114	0.024225
0.088114	0.019966
0.088114	0.023765
0.342682	0.223336
0.342682	0.202852
0.342682	0.208974
0.342682	0.138405
0.342682	0.162172
0.342682	0.240765
0.342682	0.163407
0.342682	0.171399
0.342682	0.276207
0.199210	0.133092
0.199210	0.281106
0.199210	0.301223
0.199210	0.333094
0.199210	0.156073
0.199210	0.203157
0.363529	0.266279
0.363529	0.267922
0.363529	0.257793
0.363529	0.245514
0.363529	0.484469
0.363529	0.642996
0.309870	0.235619
0.309870	0.239793
0.309870	0.233813
0.309870	0.875777
0.309870	0.766521
0.309870	0.828200
0.309870	0.766459
0.504559	0.232402
0.504559	0.167850
0.504559	0.226209
0.504559	0.224085
0.504559	0.126598
0.504559	0.232478
0.504559	0.116352
0.504559	0.120201
0.504559	0.140908
0.178464	0.193978
0.178464	0.207440
0.178464	0.205722
0.178464	0.203323
0.228625	0.161200
0.228625	0.168623
0.228625	0.167873
0.228625	0.961635
0.228625	0.941502
0.228625	0.965224
0.228625	0.939171
0.228625	0.938053
0.228625	0.940749
0.436028	0.193545
0.436028	0.222210
0.436028	0.200210
0.436028	0.198622
0.436028	0.225423
0.436028	0.148078
0.436028	0.185733
0.436028	0.099208
0.436028	0.122152
0.451288	0.134345
0.451288	0.148361
0.451288	0.138905
0.451288	0.134045
0.451288	0.148122
0.451288	0.139492
0.451288	0.164326
0.451288	0.150709
0.510547	0.111241
0.510547	0.114558
0.510547	0.117168
0.510547	0.109665
0.510547	0.112779
0.510547	0.115291
0.510547	0.844769
0.510547	0.830326
0.510547	0.840107
0.540763	0.167172
0.540763	0.861076
0.540763	0.173767
0.540763	0.169064
0.540763	0.792782
0.540763	0.697714
0.540763	0.678899
0.540763	0.563909
0.540763	0.618583
0.539849	0.127723
0.539849	0.129292
0.539849	0.134682
0.539849	0.128510
0.539849	0.139358
0.539849	0.129605
0.539849	0.131970
0.539849	0.137064
0.539849	0.801350
0.539849	0.832903
0.409690	0.077255
0.409690	0.077767
0.409690	0.080729
0.409690	0.076671
0.409690	0.081522
0.409690	0.078284
0.409690	0.079687
0.409690	0.086001
0.328831	0.203243
0.328831	0.216248
0.328831	0.213577
0.328831	0.198924
0.328831	0.208422
0.328831	0.207551
0.328831	0.956888
0.328831	0.966790
0.328831	0.945068
0.403576	0.221211
0.403576	0.224215
0.403576	0.227463
0.403576	0.218535
0.403576	0.218225
0.403576	0.233519
0.403576	0.395516
0.403576	0.329419
0.590457	0.126684
0.590457	0.125226
0.590457	0.133939
0.590457	0.134327
0.590457	0.109827
0.594190	0.111369
0.594190	0.122120
0.594190	0.122100
0.594190	0.113812
0.594190	0.118514
0.594190	0.118297
0.594190	0.108449
0.594190	0.120625
0.529941	0.161925
0.529941	0.165223
0.529941	0.169195
0.529941	0.164112
0.529941	0.164840
0.529941	0.126823
0.529941	0.180859
0.529941	0.174402
0.529941	0.175924
0.449443	0.311706
0.449443	0.077622
0.449443	0.318963
0.449443	0.082561
0.449443	0.100246
0.449443	0.313433
0.449443	0.305084
0.449443	0.110915
0.392872	0.210708
0.392872	0.207754
0.392872	0.225478
0.392872	0.016719
0.315161	0.187617
0.315161	0.189308
0.315161	0.201027
0.315161	0.117896
0.315161	0.182944
0.315161	0.179520
0.381973	0.196036
0.381973	0.458454
0.381973	0.201966
0.381973	0.486504
0.381973	0.527696
0.381973	0.605297
0.381973	0.289293
0.381973	0.509969
0.381973	0.582803
0.516630	0.204653
0.516630	0.682964
0.516630	0.626153
0.516630	0.574314
0.516630	0.535432
0.516630	0.593980
0.516630	0.605328
0.516630	0.625494
0.516630	0.673369
0.335744	0.247291
0.335744	0.245357
0.335744	0.256416
0.335744	0.047015
0.335744	0.223426
0.335744	0.221523
0.227153	0.197899
0.227153	0.792304
0.227153	0.200781
0.227153	0.193998
0.227153	0.752647
0.227153	0.800502
0.227153	0.791207
0.074864	0.026057
0.074864	0.017596
0.074864	0.224203
0.074864	0.219105
0.074864	0.021587
0.074864	0.027388
0.074864	0.021493
0.074864	0.023673
0.074864	0.025233
0.221246	0.313969
0.221246	0.311707
0.221246	0.316650
0.221246	0.063553
0.221246	0.052544
0.221246	0.058929
0.221246	0.058105
0.221246	0.051630
0.440583	0.171884
0.440583	0.181635
0.440583	0.179868
0.440583	0.181911
0.440583	0.162471
0.440583	0.085480
0.440583	0.090210
0.440583	0.193866
0.440583	0.149705
0.275449	0.158416
0.275449	0.163890
0.275449	0.166903
0.275449	0.167618
0.275449	0.163190
0.275449	0.178604
0.275449	0.067332
0.275449	0.065300
0.275449	0.064086
0.125993	0.138183
0.125993	0.149971
0.125993	0.145266
0.125993	0.953471
0.125993	0.945188
0.125993	0.953732
0.125993	0.936950
0.125993	0.901178
0.125993	0.916208
0.176353	0.184374
0.176353	0.327872
0.176353	0.198624
0.176353	0.180208
0.512788	0.153913
0.512788	0.161166
0.512788	0.149563
0.512788	0.143972
0.512788	0.153981
0.102929	0.195753
0.102929	0.162188
0.102929	0.157421
0.102929	0.186511
0.102929	0.178126
0.102929	0.189069
0.102929	0.169641
0.102929	0.485223
0.102929	0.180925
0.102929	0.416477
0.102929	0.199156
0.102929	0.319407
0.102723	0.497829
0.102723	0.533747
0.102723	0.540843
0.102723	0.513671
0.102723	0.005013
0.102723	0.005557
0.102723	0.006770
0.102723	0.004533
0.102723	0.004700
0.102723	0.005510
0.102723	0.004752
0.349381	0.037804
0.349381	0.054741
0.349381	0.065344
0.349381	0.038580
0.349381	0.046383
0.349381	0.074863
0.349381	0.045597
0.374780	0.068913
0.374780	0.075465
0.374780	0.075826
0.374780	0.069893
0.374780	0.069775
0.374780	0.066690
0.374780	0.062811
0.374780	0.064903
0.117378	0.163429
0.117378	0.174907
0.117378	0.173324
0.117378	0.161387
0.117378	0.172857
0.117378	0.169780
0.117378	0.167343
0.117378	0.152070
0.117378	0.206203
0.059437	0.125459
0.059437	0.334047
0.059437	0.129044
0.059437	0.123607
0.059437	0.339261
0.059437	0.125896
0.059437	0.173555
0.059437	0.132978
0.059437	0.121950
0.059437	0.342947
0.191637	0.116131
0.191637	0.118767
0.191637	0.122695
0.191637	0.118031
0.191637	0.117687
0.191637	0.117573
0.191637	0.124824
0.191637	0.120241
0.118956	0.145034
0.118956	0.151853
0.118956	0.155561
0.118956	0.134804
0.118956	0.151253
0.118956	0.140332
0.118956	0.100643
0.118956	0.147059
0.088691	0.161263
0.088691	0.920347
0.088691	0.169600
0.088691	0.919059
0.088691	0.926298
0.088691	0.938383
0.088691	0.904481
0.088691	0.927093
0.088691	0.931267
0.026221	0.304508
0.026221	0.008934
0.026221	0.324008
0.026221	0.009590
0.026221	0.009501
0.026221	0.008964
0.026221	0.009746
0.026221	0.009537
0.047069	0.194781
0.047069	0.210128
0.047069	0.202087
0.047069	0.193247
0.047069	0.184412
0.047069	0.206645
0.047069	0.211275
0.047069	0.079584
0.047069	0.035729
0.107232	0.215814
0.107232	0.199467
0.107232	0.204049
0.107232	0.191948
0.107232	0.076408
0.107232	0.145583
0.107232	0.025065
0.107232	0.108784
0.078872	0.212447
0.078872	0.218925
0.078872	0.217300
0.078872	0.217494
0.078872	0.040933
0.078872	0.021241
0.078872	0.037656
0.078872	0.025945
0.078872	0.074808
0.083738	0.134544
0.083738	0.137740
0.083738	0.136579
0.083738	0.130634
0.083738	0.127956
0.083738	0.172944
0.083738	0.121426
0.083738	0.147754
0.438963	0.143225
0.438963	0.122637
0.438963	0.112336
0.438963	0.141967
0.438963	0.120128
0.438963	0.143306
0.438963	0.128383
0.438963	0.131244
0.438963	0.148611
0.438963	0.133164
0.438963	0.137341
0.438963	0.144787
0.438963	0.141919
0.438963	0.141190
0.198750	0.468004
0.198750	0.496281
0.198750	0.516452
0.198750	0.487084
0.198750	0.078392
0.198750	0.480948
0.198750	0.076599
0.198750	0.499319
0.198750	0.124590
0.198750	0.059530
0.198750	0.072863
0.113862	0.166017
0.113862	0.182174
0.113862	0.171954
0.113862	0.175351
0.113862	0.380357
0.113862	0.250030
0.113862	0.210749
0.113862	0.181575
0.113862	0.260920
0.400320	0.110959
0.400320	0.111683
0.400320	0.115620
0.400320	0.114081
0.400320	0.111654
0.400320	0.110468
0.400320	0.115641
0.400320	0.112670
0.303036	0.114489
0.303036	0.117245
0.303036	0.122125
0.303036	0.115735
0.303036	0.114278
0.303036	0.118740
0.303036	0.109448
0.139282	0.254623
0.139282	0.052393
0.139282	0.078522
0.139282	0.024951
0.139282	0.003515
0.131113	0.150532
0.131113	0.944794
0.131113	0.154957
0.131113	0.941269
0.131113	0.948710
0.131113	0.955767
0.131113	0.953844
0.131113	0.149463
0.131113	0.946951
0.382930	0.112539
0.382930	0.079861
0.382930	0.080188
0.382930	0.086194
0.382930	0.085096
0.382930	0.092481
0.382930	0.084318
0.382930	0.885469
0.382930	0.089990
0.382930	0.882885
0.382930	0.102978
0.382930	0.108624
0.254526	0.256628
0.254526	0.265219
0.254526	0.262568
0.254526	0.272579
0.254526	0.250856
0.254526	0.259716
0.254526	0.279893
0.254526	0.254920
0.163019	0.202935
0.163019	0.159316
0.163019	0.204635
0.163019	0.168726
0.163019	0.159423
0.163019	0.157373
0.163019	0.154280
0.314365	0.190477
0.314365	0.020013
0.314365	0.194944
0.314365	0.008745
0.314365	0.018376
0.314365	0.024975
0.314365	0.015969
0.513000	0.255135
0.513000	0.018957
0.513000	0.272854
0.513000	0.255852
0.336339	0.352660
0.336339	0.352204
0.336339	0.354128
0.336339	0.038718
0.336339	0.037540
0.336339	0.032105
0.336339	0.033525
0.336339	0.037773
0.430911	0.175992
0.430911	0.176562
0.430911	0.181720
0.430911	0.169506
0.430911	0.175515
0.430911	0.183971
0.430911	0.195288
0.430911	0.183780
0.430911	0.772948
0.430911	0.187848
0.430911	0.193612
0.430911	0.852224
0.430911	0.875967
0.430911	0.843861
0.408431	0.427682
0.408431	0.458804
0.408431	0.463048
0.408431	0.419441
0.408431	0.441288
0.408431	0.423415
0.408431	0.463384
0.408431	0.434868
0.408431	0.161791
0.408431	0.151652
0.408431	0.148225
0.468064	0.188708
0.468064	0.198280
0.468064	0.196120
0.468064	0.189187
0.468064	0.079272
0.468064	0.079499
0.468064	0.079071
0.468064	0.081543
0.468064	0.082662
0.297390	0.190321
0.297390	0.078537
0.297390	0.192264
0.297390	0.192520
0.297390	0.074643
0.297390	0.067611
0.297390	0.065673
0.297390	0.073687
0.297390	0.074199
0.477761	0.121327
0.477761	0.127001
0.477761	0.127695
0.477761	0.128399
0.477761	0.123306
0.477761	0.130685
0.477761	0.131577
0.477761	0.129845
0.477761	0.134875
0.477761	0.145728
0.477761	0.133187
0.477761	0.142139
0.266330	0.197971
0.266330	0.204312
0.266330	0.206925
0.266330	0.198812
0.266330	0.213739
0.266330	0.212602
0.266330	0.060435
0.266330	0.070081
0.266330	0.066398
0.136161	0.318557
0.136161	0.328146
0.136161	0.332593
0.136161	0.051912
0.136161	0.055505
0.136161	0.052388
0.136161	0.054316
0.136161	0.054046
0.204021	0.492151
0.204021	0.408858
0.204021	0.530987
0.204021	0.274772
0.204021	0.388315
0.204021	0.323418
0.204021	0.374387
0.204021	0.335439
0.204021	0.330339
0.204021	0.217834
0.204021	0.218665
0.193126	0.319891
0.193126	0.343282
0.193126	0.334259
0.193126	0.015616
0.193126	0.353853
0.149856	0.203125
0.149856	0.062999
0.149856	0.061952
0.149856	0.066154
0.149856	0.061352
0.149856	0.061929
0.149856	0.060231
0.149856	0.057058
0.149856	0.056328
