Ground Truth	Predictions
0.078339	5.248130
0.078339	3.553183
0.078339	3.534380
0.078339	4.143167
0.078339	3.800506
0.078339	3.872164
0.078339	4.343027
0.078339	3.702425
0.067808	4.536534
0.067808	3.756931
0.067808	3.857403
0.067808	4.049371
0.067808	4.043612
0.067808	3.937446
0.067808	0.000000
0.066057	0.000000
0.066057	0.000000
0.066057	0.000000
0.066057	0.000000
0.066057	0.000000
0.066057	0.000000
0.066057	0.000000
0.066057	0.000000
0.099594	0.724143
0.099594	0.602786
0.099594	0.758710
0.099594	0.801485
0.099594	0.514985
0.099594	0.543493
0.099594	0.505032
0.099594	0.393121
0.099594	0.460858
0.099594	0.509523
0.052617	0.384773
0.052617	0.569634
0.052617	0.491281
0.052617	0.160392
0.052617	0.168404
0.052617	2.868181
0.052617	2.734216
0.052617	2.634391
0.539686	2.958028
0.539686	2.813413
0.539686	2.935710
0.539686	3.103724
0.539686	2.875455
0.539686	0.000000
0.539686	0.000000
0.539686	0.000000
0.539686	0.000000
0.539686	0.000000
0.539686	0.000000
0.204720	0.000000
0.204720	0.000000
0.204720	4.538453
0.204720	4.366988
0.204720	4.273851
0.204720	4.637593
0.204720	4.337354
0.114584	4.498665
0.114584	4.525602
0.114584	4.391475
0.114584	4.815610
0.114584	4.423910
0.114584	4.485607
0.234779	4.749827
0.234779	0.911159
0.234779	0.790402
0.234779	0.906385
0.234779	0.949134
0.234779	0.438720
0.234779	5.606303
0.234779	5.519290
0.072710	5.312096
0.072710	5.727979
0.072710	5.583719
0.072710	6.471548
0.072710	5.819643
0.072710	4.131094
0.072710	4.003383
0.072710	3.934864
0.072710	4.192809
0.072710	4.066981
0.072710	4.619297
0.072710	4.403332
0.171423	1.892094
0.171423	1.706589
0.171423	1.710876
0.171423	2.010833
0.171423	1.783094
0.171423	1.855063
0.171423	1.819529
0.171423	1.906918
0.171423	1.336197
0.171423	1.222577
0.316392	1.313233
0.316392	1.348543
0.316392	0.839194
0.316392	1.235248
0.316392	1.090617
0.316392	1.248974
0.316392	1.209324
0.316392	0.887129
0.316392	0.680167
0.224663	0.000000
0.224663	0.759603
0.224663	0.706165
0.224663	0.061383
0.224663	0.000000
0.224663	0.897134
0.224663	0.747912
0.224663	0.869982
0.224663	0.889785
0.224663	0.665954
0.224663	0.697239
0.224663	0.631956
0.092437	0.790148
0.092437	0.262835
0.092437	0.916042
0.092437	0.785932
0.092437	0.954861
0.092437	0.956737
0.092437	0.477261
0.092437	2.097878
0.141448	2.117464
0.141448	1.978910
0.141448	2.089890
0.141448	1.397733
0.141448	1.246584
0.141448	1.240899
0.141448	1.371312
0.141448	1.254895
0.141448	1.217153
0.376013	1.127296
0.376013	1.028560
0.376013	0.986516
0.376013	5.411573
0.376013	5.251151
0.376013	5.197156
0.376013	5.498118
0.646074	5.310510
0.646074	5.479040
0.646074	5.702256
0.646074	5.699343
0.646074	5.666946
0.646074	5.445795
0.646074	5.772351
0.646074	5.792013
0.646074	5.957664
0.818692	6.003262
0.818692	1.261249
0.818692	1.135103
0.818692	1.202932
0.818692	1.170063
0.818692	0.863946
0.818692	1.026697
0.818692	1.236378
0.818692	1.095063
0.862969	1.108398
0.862969	1.224054
0.862969	1.046025
0.862969	1.093821
0.481765	0.974542
0.481765	1.029300
0.481765	0.686999
0.481765	0.791378
0.481765	0.508531
0.481765	0.958099
0.481765	0.745777
0.481765	0.047874
0.314221	1.994811
0.314221	1.790698
0.314221	1.703771
0.314221	1.985365
0.314221	1.876067
0.314221	2.039298
0.521603	2.108502
0.521603	2.035014
0.521603	2.865803
0.521603	2.728045
0.521603	2.529743
0.521603	3.387277
0.521603	2.778019
0.521603	3.017649
0.474730	2.782108
0.474730	2.632719
0.474730	2.916826
0.474730	0.925051
0.474730	0.751835
0.474730	0.660997
0.474730	0.091000
0.474730	0.337484
0.654929	0.685388
0.654929	0.146130
0.654929	0.000000
0.654929	7.763703
0.654929	5.918776
0.654929	5.498724
0.654929	6.940891
0.654929	6.144630
0.654929	5.831619
0.654929	6.889470
0.654929	1.468998
0.490211	1.091421
0.490211	1.548182
0.490211	1.573422
0.490211	0.554013
0.490211	1.497799
0.490211	1.635309
0.490211	0.681727
0.490211	2.389543
0.490211	2.094566
0.409776	2.071979
0.409776	2.382644
0.409776	2.532319
0.409776	2.236435
0.409776	2.527161
0.409776	2.269349
0.409776	5.870229
0.409776	5.782713
0.612496	5.593102
0.612496	5.985217
0.612496	6.095194
0.612496	6.279034
0.612496	6.238885
0.612496	4.700519
0.612496	4.625844
0.711576	4.424998
0.711576	4.717248
0.711576	4.663067
0.711576	5.244583
0.711576	4.949104
0.711576	0.948751
0.711576	0.654556
0.383234	0.942788
0.383234	0.778441
0.383234	0.000000
0.383234	4.383432
0.383234	4.298499
0.383234	4.243214
0.287952	4.500916
0.287952	4.407789
0.287952	4.567197
0.287952	4.506276
0.287952	1.730582
0.287952	1.647106
0.287952	1.732344
0.287952	1.686222
0.187700	1.383639
0.187700	1.619352
0.187700	1.652165
0.187700	1.293508
0.187700	1.320361
0.187700	1.096770
0.187700	1.247707
0.187700	1.280034
0.187700	1.107666
0.148743	1.089177
0.148743	1.118527
0.148743	1.055621
0.148743	0.594137
0.148743	2.569809
0.148743	2.348000
0.148743	2.266331
0.148743	2.643641
0.148743	2.483106
0.148743	2.609698
0.148743	2.507812
0.168098	2.461690
0.168098	2.254710
0.168098	5.570764
0.168098	5.422569
0.168098	5.357236
0.168098	5.633097
0.168098	5.549009
0.168098	5.684541
0.168098	5.705372
0.168098	1.682726
0.168098	1.563923
0.168098	1.478961
0.099383	1.642127
0.099383	1.605566
0.099383	1.666671
0.099383	1.643736
0.099383	1.785019
0.099383	1.741819
0.099383	2.497373
0.099383	2.256446
0.225807	2.138981
0.225807	2.523161
0.225807	2.428426
0.225807	2.552751
0.225807	2.419815
0.225807	2.369179
0.225807	2.068404
0.225807	2.511724
0.225807	2.417511
0.225807	2.294077
0.225807	2.533267
0.225807	2.446934
0.225807	2.915679
0.225807	2.686167
0.144321	2.815704
0.144321	1.924694
0.144321	1.732224
0.144321	1.664620
0.144321	1.963666
0.144321	1.860324
0.144321	2.008865
0.144321	2.029601
0.144321	2.013749
0.144321	1.490235
0.144321	1.227793
0.144321	1.223606
0.099630	1.488695
0.099630	1.258790
0.099630	1.429579
0.099630	1.445496
0.099630	1.414902
0.099630	3.481477
0.099630	3.320423
0.099630	3.354903
0.239792	3.495216
0.239792	3.661785
0.239792	3.756092
0.239792	3.446436
0.239792	3.323881
0.239792	3.352113
0.239792	3.461711
0.077117	3.579851
0.077117	3.557856
0.077117	1.289736
0.077117	1.000808
0.077117	1.029589
0.077117	1.263327
0.077117	1.004660
0.077117	1.096271
0.085107	1.221323
0.085107	1.121567
0.085107	2.121999
0.085107	1.765038
0.085107	1.808005
0.085107	2.050092
0.085107	1.895430
0.068782	1.994321
0.068782	1.956110
0.068782	1.970115
0.068782	1.923057
0.068782	0.341604
0.068782	0.000000
0.068782	0.124505
0.068782	0.253072
0.068782	0.000000
0.135050	0.000000
0.135050	0.000000
0.135050	0.048501
0.135050	0.000000
0.135050	1.985953
0.135050	1.628340
0.135050	1.763808
0.135050	2.076677
0.135050	1.656059
0.183655	1.844475
0.183655	1.682359
0.183655	1.712146
0.183655	1.823021
0.183655	4.314770
0.183655	3.970998
0.183655	3.998175
0.183655	4.337492
0.183655	3.958121
0.183655	4.292953
0.183655	4.032876
0.270718	4.123741
0.270718	4.115058
0.270718	4.208768
0.270718	4.300076
0.270718	4.363548
0.270718	3.202512
0.270718	2.817749
0.270718	2.895981
0.213479	3.519225
0.213479	3.011674
0.213479	2.971076
0.213479	2.946073
0.213479	3.426812
0.213479	3.495295
0.221117	3.330532
0.221117	3.751544
0.221117	3.572516
0.221117	3.554590
0.221117	1.035370
0.221117	0.774227
0.221117	0.847239
0.221117	1.272938
0.221117	0.869685
0.221117	1.044132
0.221117	1.116607
0.221117	0.824545
0.220496	0.929315
0.220496	1.126941
0.220496	3.927695
0.220496	3.956228
0.220496	3.849124
0.220496	4.071934
0.220496	4.104910
0.220496	4.403416
0.220496	3.177913
0.178211	3.005365
0.178211	2.955673
0.178211	3.320773
0.178211	3.048062
0.178211	3.098169
0.178211	3.084228
0.108959	3.019806
0.108959	3.106137
0.108959	3.351307
0.108959	3.277053
0.200070	2.601531
0.200070	2.493140
0.200070	2.478731
0.200070	2.712098
0.200070	2.543326
0.200070	2.543957
0.200070	2.677982
0.200070	2.535337
0.200070	2.982475
0.198031	2.954918
0.198031	2.955142
0.198031	3.025555
0.198031	2.973511
0.198031	2.849767
0.198031	2.794750
0.198031	2.870937
0.198031	2.860627
0.199173	2.883557
0.199173	2.911159
0.199173	2.884433
0.199173	2.125072
0.199173	2.253886
0.199173	2.091064
0.199173	2.111935
0.163457	2.188249
0.163457	2.091668
0.163457	1.917605
0.163457	2.004388
0.163457	2.153173
0.163457	1.926268
0.260479	4.552354
0.260479	4.472881
0.260479	4.299577
0.260479	4.501565
0.260479	4.596724
0.260479	4.696750
0.260479	5.989170
0.260479	5.903179
0.260479	5.652215
0.373555	6.545494
0.373555	6.177135
0.373555	7.250370
0.373555	6.673463
0.373555	1.938332
0.373555	1.397399
0.373555	1.875714
0.185738	0.847150
0.185738	0.272597
0.185738	1.460448
0.185738	0.857472
0.185738	1.306711
0.185738	0.406371
0.187978	0.000000
0.187978	2.255109
0.187978	2.000504
0.187978	2.178741
0.187978	2.146515
0.187978	2.005416
0.187978	1.893877
0.187978	1.951238
0.276629	2.083684
0.276629	1.860602
0.276629	1.668615
0.276629	1.791422
0.276629	1.973844
0.276629	1.232387
0.244417	3.540102
0.244417	3.310464
0.244417	3.242342
0.244417	3.625209
0.244417	3.323520
0.244417	3.437248
0.244417	3.281623
0.244417	3.137449
0.244417	3.771054
0.244417	4.661642
0.244417	4.668473
0.160691	4.398830
0.160691	4.686845
0.160691	5.100758
0.160691	4.909679
0.160691	2.635136
0.160691	2.448581
0.160691	2.422036
0.125137	2.638263
0.125137	2.481756
0.125137	2.502222
0.125137	2.917893
0.125137	2.952632
0.125137	2.821807
0.125137	2.641509
0.125137	2.548495
0.125137	2.740796
0.125137	2.712109
0.125137	2.806286
0.253069	2.790429
0.253069	2.807932
0.253069	4.616084
0.253069	4.452864
0.253069	4.282463
0.253069	4.670655
0.253069	4.690073
0.253069	4.710360
0.253069	4.984052
0.125850	1.414731
0.125850	1.425082
0.125850	1.471602
0.125850	1.328678
0.125850	0.662359
0.125850	1.273807
0.125850	1.090482
0.167113	0.073624
0.167113	0.951797
0.167113	0.849988
0.167113	0.962863
0.167113	0.912597
0.167113	0.522546
0.167113	0.699891
0.169334	0.000000
0.169334	0.000000
0.169334	3.684430
0.169334	3.581725
0.169334	3.536286
0.169334	3.816917
0.169334	3.614312
0.169334	3.859944
0.124370	3.895304
0.124370	4.496406
0.124370	4.398612
0.124370	4.380692
0.124370	4.650608
0.124370	4.511403
0.124370	4.649730
0.124370	4.651200
0.124370	4.528292
0.239368	4.279130
0.239368	4.211503
0.239368	4.732495
0.239368	4.326711
0.239368	4.239127
0.239368	4.251337
0.239368	4.272704
0.239368	4.568931
0.168035	4.169913
0.168035	4.481755
0.168035	4.501487
0.168035	4.615577
0.168035	4.481308
0.168035	3.009001
0.168035	2.944958
0.168035	2.918664
0.168035	3.131803
0.168035	2.981446
0.168035	3.006424
0.151249	3.157381
0.151249	2.919758
0.151249	3.054121
0.151249	2.938245
0.151249	2.927155
0.151249	3.145938
0.151249	2.904061
0.151249	2.917233
0.151249	3.043783
0.138652	2.838723
0.138652	3.057661
0.138652	3.058858
0.138652	3.024743
0.138652	3.063372
0.138652	2.919815
0.138652	3.114596
0.121424	3.007949
0.121424	3.150693
0.121424	4.372966
0.121424	4.520377
0.121424	4.305524
0.121424	4.598542
0.121424	4.731233
0.121424	4.823994
0.121424	4.890866
0.230736	3.255838
0.230736	3.181709
0.230736	3.110926
0.230736	3.377162
0.230736	3.172198
0.230736	3.213935
0.230736	3.297120
0.230736	3.121586
0.230736	3.283041
0.262813	3.335452
0.262813	3.266705
0.262813	3.299784
0.262813	3.274741
0.262813	3.344220
0.262813	3.261001
0.262813	3.383730
0.262813	3.848680
0.110522	3.856045
0.110522	3.509419
0.110522	3.559460
0.110522	5.350859
0.110522	5.168245
0.110522	4.883919
0.110522	5.116577
0.110522	5.880513
0.215043	6.091513
0.215043	6.014438
0.215043	19.799078
0.215043	19.534195
0.215043	19.562424
0.161203	19.842340
0.161203	19.588331
0.161203	20.082262
0.161203	19.988178
0.161203	13.215443
0.161203	12.981385
0.161203	13.087099
0.161203	13.288538
0.109914	12.839568
0.109914	13.112144
0.109914	13.117554
0.109914	13.103090
0.109914	3.912186
0.109914	3.797850
0.109914	3.515352
0.109914	3.935237
0.109914	3.874944
0.159675	3.655128
0.159675	3.834062
0.159675	3.795929
0.159675	3.825895
0.159675	3.788293
0.159675	3.875099
0.159675	18.548149
0.159675	18.189749
0.159675	18.231960
0.159675	18.530050
0.159675	18.197823
0.144514	17.116764
0.144514	18.013577
0.144514	14.983246
0.144514	14.479645
0.144514	14.749433
0.144514	14.820827
0.144514	14.332016
0.144514	14.849338
0.190832	15.318354
0.190832	14.589935
0.190832	16.459177
0.190832	15.774834
0.190832	12.948880
0.190832	12.514652
0.190832	12.697512
0.397023	12.614498
0.397023	12.129734
0.397023	12.243752
0.397023	12.474380
0.397023	12.956230
0.397023	12.746325
0.397023	12.738426
0.397023	12.558705
0.447912	16.966000
0.447912	16.567577
0.447912	16.594357
0.447912	17.110325
0.447912	16.434977
0.447912	16.996792
0.447912	15.993596
0.447912	16.631180
0.447912	16.005405
0.222407	16.695761
0.222407	16.673979
0.222407	18.313427
0.222407	17.837383
0.222407	17.948938
0.222407	18.286648
0.222407	18.296528
0.222407	19.002922
0.222407	17.948704
0.222407	17.131321
0.222407	16.736588
0.147082	16.799961
0.147082	17.264977
0.147082	16.620255
0.147082	17.168381
0.147082	16.759098
0.147082	16.759560
0.147082	16.782253
0.147082	16.828663
0.063254	16.618639
0.063254	6.475844
0.063254	6.330554
0.063254	6.153277
0.167786	6.495481
0.167786	6.508538
0.167786	6.891913
0.167786	6.982436
0.167786	2.676553
0.167786	2.574538
0.167786	2.593319
0.171007	2.716178
0.171007	2.284699
0.171007	6.288267
0.171007	6.182630
0.171007	6.022924
0.171007	6.426093
0.171007	6.342967
0.171007	6.799423
0.171007	6.827866
0.176247	4.939299
0.176247	4.998318
0.176247	4.733460
0.176247	4.937996
0.176247	5.499391
0.176247	5.271881
0.176247	3.143571
0.176247	2.990066
0.237914	2.914214
0.237914	3.131851
0.237914	2.955837
0.237914	3.040873
0.237914	3.006108
0.237914	2.921743
0.237914	3.208343
0.237914	3.239880
0.479379	3.076377
0.479379	3.148126
0.479379	3.730186
0.479379	3.432204
0.479379	3.327526
0.479379	3.656499
0.535057	3.458391
0.535057	3.339671
0.535057	3.424262
0.535057	3.359926
0.535057	3.414935
0.535057	3.351008
0.535057	3.440561
0.535057	1.748326
0.535057	1.663511
0.277018	1.707798
0.277018	1.714371
0.277018	1.227630
0.277018	5.719077
0.277018	5.559227
0.277018	5.323669
0.277018	5.857587
0.277018	5.707928
0.435672	6.515339
0.435672	5.944983
0.435672	1.738418
0.435672	1.651841
0.435672	1.744735
0.435672	1.357287
0.186288	0.710156
0.186288	1.314254
0.186288	0.782214
0.186288	0.011108
0.186288	9.139363
0.186288	8.874500
0.186288	8.926846
0.186288	8.858526
0.186288	8.624480
0.186288	8.909249
0.186288	8.190930
0.186288	8.774075
0.407837	9.568217
0.407837	9.192772
0.407837	8.852529
0.407837	8.969590
0.407837	9.234121
0.407837	8.667376
0.407837	8.819014
0.407837	8.662568
0.262255	8.785295
0.262255	10.134127
0.262255	2.981405
0.262255	2.806872
0.262255	2.708493
0.262255	2.896226
0.262255	2.925374
0.262255	2.948485
0.406388	3.030881
0.406388	2.987406
0.406388	0.332017
0.406388	0.103241
0.406388	0.258392
0.406388	0.308271
0.406388	0.000000
0.406388	0.000000
0.406388	0.050653
0.079016	0.000000
0.079016	0.000000
0.079016	1.820588
0.079016	1.701426
0.079016	1.590792
0.079016	1.989392
0.079016	1.733676
0.104610	1.588679
0.104610	1.798612
0.104610	1.728968
0.104610	1.838968
0.104610	1.764565
0.312886	1.826237
0.312886	0.758990
0.312886	0.670368
0.312886	0.738522
0.312886	0.817148
0.312886	4.213375
0.312886	4.179145
0.179986	3.981587
0.179986	4.441998
0.179986	4.472961
0.179986	5.048451
0.179986	5.190326
0.179986	4.127193
0.179986	4.174385
0.179986	3.882910
0.179986	4.267003
0.179986	4.399604
0.179986	5.373779
0.165171	5.279429
0.165171	3.782838
0.165171	3.663465
0.165171	3.438762
0.165171	3.785156
0.165171	4.129383
0.165171	3.285893
0.165171	3.736026
0.165171	3.965896
0.165171	4.215816
0.181054	4.094326
0.181054	3.666508
0.181054	4.881595
0.181054	3.243712
0.181054	3.243699
0.181054	3.005068
0.181054	3.213540
0.181054	3.753779
0.234626	3.503245
0.234626	2.071060
0.234626	1.970413
0.234626	2.066871
0.234626	1.951273
0.234626	1.858628
0.234626	1.871583
0.234626	6.052413
0.314536	6.154466
0.314536	5.682799
0.314536	7.560035
0.314536	6.140153
0.314536	7.222502
0.314536	6.627994
0.314536	8.465744
0.314536	7.984694
0.314536	8.286966
0.314536	7.695127
0.314536	8.042722
0.072335	7.774852
0.072335	8.371133
0.072335	8.370756
0.072335	8.109578
0.072335	0.586412
0.072335	0.408641
0.072335	0.532412
0.084118	0.557129
0.084118	1.606528
0.084118	1.498800
0.084118	1.349157
0.084118	1.781458
0.084118	1.741426
0.084118	1.882274
0.084118	1.782240
0.084118	1.815633
0.084118	1.927956
0.084118	1.816349
0.095635	1.730596
0.095635	1.574901
0.095635	1.921474
0.095635	1.967756
0.095635	1.974016
0.095635	2.086187
0.095635	1.872275
0.095635	3.613304
0.095635	3.670088
0.095635	3.318033
0.095635	3.729128
0.095635	4.156786
0.154900	3.354745
0.154900	4.108982
0.154900	3.940438
0.154900	4.149844
0.154900	3.886772
0.154900	3.624657
0.154900	4.526476
0.154900	3.280550
0.106821	3.176786
0.106821	2.982963
0.106821	3.334624
0.106821	3.500696
0.106821	3.798209
0.106821	3.588313
0.106821	0.151436
0.106821	0.000000
0.106821	0.197601
0.188368	0.162852
0.188368	0.000000
0.188368	0.224124
0.188368	0.147242
0.188368	0.288418
0.188368	0.288404
0.188368	0.000000
0.188368	0.000000
0.082658	0.000000
0.082658	0.074561
0.082658	0.180141
0.082658	0.000000
0.082658	0.000000
0.082658	1.478105
0.082658	1.350556
0.082658	1.097399
0.127620	1.716044
0.127620	1.399849
0.127620	1.573242
0.127620	1.443779
0.127620	1.410337
0.127620	1.498119
0.127620	0.354146
0.127620	0.184566
0.101283	0.271043
0.101283	0.437152
0.101283	1.345530
0.101283	1.227313
0.101283	1.168192
0.101283	1.618975
0.101283	1.199551
0.101283	1.371693
0.101283	1.155236
0.101283	1.082712
0.101283	1.238374
0.101283	0.308348
0.222154	0.073852
0.222154	0.348525
0.222154	0.358475
0.222154	0.132667
0.222154	0.015543
0.222154	0.203702
0.222154	0.201974
0.158541	0.000000
0.158541	1.858312
0.158541	1.603864
0.158541	1.513670
0.158541	1.996159
0.158541	1.626751
0.158541	1.584575
0.158541	1.676630
0.158541	1.594055
0.158541	1.646853
0.158541	2.196962
0.158541	2.287496
0.283442	0.000000
0.283442	0.000000
0.283442	0.000000
0.283442	0.000000
0.283442	0.000000
0.283442	0.000000
0.386085	0.172544
0.386085	0.000000
0.386085	0.000000
0.386085	0.000000
0.535904	0.000000
0.535904	0.000000
0.535904	0.000000
0.535904	0.000000
0.535904	0.181720
0.535904	0.161420
0.535904	0.251169
0.535904	0.227412
0.390754	0.108415
0.390754	0.000000
0.390754	0.121727
0.390754	0.192446
0.390754	0.000000
0.390754	0.000000
0.390754	0.000000
0.390754	0.000000
0.390754	0.000000
0.390754	1.477817
0.390754	1.236028
0.211389	1.180534
0.211389	1.880706
0.211389	1.472675
0.211389	1.535325
0.211389	1.338373
0.211389	1.356884
0.211389	1.585699
0.211389	13.401950
0.234678	13.015475
0.234678	13.159243
0.234678	13.410610
0.234678	12.959932
0.234678	13.207125
0.234678	12.690896
0.234678	12.395516
0.123415	11.974535
0.123415	11.823418
0.123415	11.918653
0.123415	11.980007
0.123415	11.238317
0.085178	11.697113
0.085178	11.879203
0.085178	12.094203
0.085178	11.802924
0.085178	16.437721
0.085178	16.247355
0.085178	16.245857
0.181491	16.453896
0.181491	16.324255
0.181491	16.170517
0.181491	16.183138
0.181491	15.000223
0.181491	14.767796
0.181491	14.941797
0.181491	14.934484
0.058694	14.856018
0.058694	15.194466
0.058694	12.058920
0.058694	11.898966
0.058694	12.006826
0.058694	12.058275
0.058694	11.380343
0.129327	11.769181
0.129327	12.044027
0.129327	11.949934
0.129327	11.854687
0.129327	12.126200
0.129327	11.888536
0.129327	12.109509
0.129327	12.344204
0.129327	11.698405
0.129327	12.034468
0.129327	12.134754
0.094993	12.256712
0.094993	12.252901
0.094993	12.599800
0.094993	12.454636
0.094993	12.572346
0.094993	12.698338
0.094993	12.176424
0.094993	12.355041
0.094993	12.600131
0.193122	12.853540
0.193122	12.383871
0.193122	14.022985
0.193122	13.762473
0.193122	13.962976
0.193122	14.122650
0.193122	13.629746
0.193122	13.962978
0.193122	14.087709
0.193122	14.228983
0.193122	15.287087
0.195307	15.066832
0.195307	15.156944
0.195307	15.396840
0.195307	15.022726
0.195307	14.955832
0.195307	14.537572
0.195307	14.544382
0.195307	18.014694
0.251009	17.788488
0.251009	17.842758
0.251009	17.595230
0.251009	17.403164
0.251009	17.875362
0.251009	17.484982
0.251009	16.509031
0.077915	16.088457
0.077915	16.248438
0.077915	16.094942
0.077915	15.878798
0.077915	15.863372
0.077915	15.824680
0.077915	16.790079
0.077915	19.409721
0.195510	17.651436
0.195510	17.449059
0.195510	17.538429
0.195510	17.692505
0.195510	17.228325
0.195510	17.730742
0.195510	15.538252
0.195510	15.226342
0.195510	15.318240
0.195510	15.562714
0.195510	14.861921
0.195510	15.286448
0.108466	14.654560
0.108466	14.493145
0.108466	15.454733
0.108466	15.151896
0.108466	15.238321
0.108466	15.503002
0.108466	14.938805
0.045156	15.211391
0.045156	14.744109
0.045156	14.848549
0.045156	20.484638
0.045156	20.171654
0.045156	20.245222
0.045156	20.622557
0.045156	20.198099
0.045156	20.017086
0.166744	20.016085
0.166744	18.901424
0.166744	18.680243
0.166744	18.690138
0.166744	18.980743
0.166744	18.577274
0.166744	19.050598
0.166744	18.420954
0.166744	14.536623
0.088180	14.182543
0.088180	14.256350
0.088180	14.593657
0.088180	14.201832
0.088180	14.315544
0.088180	14.401610
0.088180	14.894678
0.088180	14.688575
0.091921	15.736935
0.091921	15.357038
0.091921	15.398530
0.091921	15.800233
0.091921	15.200129
0.091921	15.508675
0.091921	14.758276
0.128468	15.214263
0.128468	15.038123
0.128468	14.695473
0.128468	14.932884
0.128468	15.213997
0.128468	18.771893
0.128468	18.547163
0.128468	18.576237
0.091050	18.904144
0.091050	19.361458
0.091050	19.318251
0.091050	18.559673
0.091050	18.367865
0.091050	18.370213
0.091050	18.611176
0.091050	18.455782
0.054411	18.866337
0.054411	12.763426
0.054411	12.640585
0.054411	12.741764
0.054411	12.732641
0.054411	12.089528
0.054411	12.232656
0.054411	13.271832
0.054411	13.029702
0.054411	12.788964
0.054411	13.125737
0.130676	14.937330
0.130676	18.514374
0.130676	18.315731
0.130676	18.279934
0.130676	18.606361
0.130676	18.216457
0.130676	19.462536
0.130676	18.792988
0.130676	17.788887
0.081445	17.305248
0.081445	17.369274
0.081445	17.740232
0.081445	17.936527
0.121900	19.111748
0.121900	17.486677
0.121900	14.706439
0.121900	14.508924
0.121900	14.649033
0.121900	14.794885
0.121900	14.195467
0.121900	14.242321
0.121900	14.499781
0.121900	16.381893
0.121900	16.199707
0.180313	18.345974
0.180313	18.151199
0.180313	18.194214
0.180313	18.495275
0.180313	18.066875
0.180313	18.630682
0.180313	17.966837
0.180313	20.048412
0.180313	19.774057
0.180313	19.775986
0.180313	20.076235
0.250663	19.749088
0.250663	19.126827
0.250663	19.594025
0.250663	13.183737
0.250663	12.820748
0.250663	12.963032
0.250663	13.223681
0.250663	12.452111
0.250663	12.442293
0.250663	12.814470
0.250663	13.243069
0.350920	12.910742
0.350920	14.289872
0.350920	13.081469
0.350920	16.485725
0.350920	16.166773
0.350920	16.293390
0.350920	16.507587
0.350920	15.968822
0.086111	15.784070
0.086111	15.827769
0.086111	15.730658
0.086111	20.010195
0.086111	19.751335
0.086111	19.787924
0.086111	20.072624
0.086111	19.745193
0.086111	19.545330
0.065471	19.601692
0.065471	15.640744
0.065471	15.295341
0.065471	15.379950
0.065471	15.564406
0.065471	14.748557
0.065471	15.352614
0.052995	13.847815
0.052995	14.452226
0.052995	17.718489
0.052995	17.385851
0.052995	17.635212
0.052646	17.709213
0.052646	17.460056
0.052646	18.162136
0.052646	13.574645
0.052646	13.313268
0.052646	13.452274
0.052646	13.610876
0.154125	13.081518
0.154125	13.487822
0.154125	13.567811
0.154125	13.368417
0.154125	16.435822
0.154125	16.121162
0.154125	16.248306
0.154125	16.475136
0.154125	15.840364
0.154125	15.968663
0.130501	16.026482
0.130501	15.845978
0.130501	14.858441
0.130501	14.446298
0.130501	14.734875
0.130501	14.924004
0.130501	14.351101
0.130501	14.359102
0.069079	14.623309
0.069079	15.112837
0.069079	16.222641
0.069079	16.479023
0.069079	16.041933
0.069079	16.249012
0.069079	16.425201
0.069079	15.889085
0.069079	15.872207
0.069079	15.858704
0.069079	16.560411
0.077785	16.910818
0.077785	15.694674
0.077785	15.375990
0.077785	15.463259
0.077785	15.749696
0.226701	15.182009
0.226701	15.437104
0.226701	14.986238
0.226701	14.940812
0.226701	16.565350
0.226701	16.155811
0.226701	16.304689
0.226701	16.474676
0.167569	15.819603
0.167569	16.553249
0.167569	15.799023
0.167569	15.634867
0.167569	15.273870
0.167569	14.924023
0.124827	15.042678
0.124827	14.182592
0.124827	13.816008
0.124827	14.052874
0.124827	13.383735
0.124827	12.774602
0.124827	11.668697
0.124827	15.453531
0.134301	14.702603
0.134301	15.261971
0.134301	14.215087
0.134301	15.180080
0.134301	14.962452
0.134301	14.418050
0.134301	14.674842
0.190823	17.747320
0.190823	17.338926
0.190823	17.403835
0.190823	17.622818
0.190823	16.817261
0.121659	17.698486
0.121659	16.617039
0.121659	19.041779
0.121659	18.827591
0.121659	18.822063
0.121659	19.240856
0.121659	18.923550
0.121659	18.821741
0.121659	18.889629
0.121659	15.122783
0.121659	14.706873
0.121659	14.919503
0.109891	14.574561
0.109891	14.601170
0.109891	15.046885
0.109891	14.856954
0.109891	14.538064
0.109891	15.539350
0.109891	15.345949
0.109891	15.096816
0.109891	14.424942
0.109891	15.102275
0.109891	15.145573
0.099398	15.029199
0.099398	14.867028
0.099398	14.914394
0.099398	14.113565
0.099398	14.557718
0.099398	14.722961
0.048452	14.382463
0.048452	14.111678
0.048452	12.840023
0.048452	12.344543
0.048452	12.603094
0.048452	12.970085
0.048452	12.292860
0.048452	12.181156
0.088142	12.411466
0.088142	12.923072
0.088142	12.692753
0.088142	13.565785
0.088142	12.627532
0.088142	18.571043
0.088142	18.455070
0.088142	18.482409
0.053947	18.817804
0.053947	18.750854
0.053947	18.901203
0.053947	20.788116
0.053947	20.468094
0.053947	20.520992
0.053947	20.875706
0.053947	20.474550
0.049642	20.234011
0.049642	20.430279
0.049642	15.242701
0.049642	14.980240
0.049642	15.173841
0.049642	15.401173
0.049642	19.321552
0.049642	19.096373
0.055978	19.156006
0.055978	19.466913
0.055978	19.011572
0.055978	19.467575
0.055978	18.976974
0.055978	12.250150
0.055978	12.238587
0.055978	12.321007
0.055978	12.433903
0.055978	11.839010
0.055978	12.400286
0.127124	12.178527
0.127124	12.322429
0.127124	12.418163
0.127124	11.751330
0.127124	21.005348
0.127124	20.688471
0.127124	20.727612
0.127124	21.082293
0.127124	20.685978
0.073670	20.438389
0.073670	20.536518
0.073670	13.069452
0.073670	12.810389
0.073670	12.951346
0.073670	13.109961
0.073670	12.702682
0.073670	13.022237
0.051825	13.272546
0.051825	12.969632
0.051825	17.327400
0.051825	17.008482
0.051825	17.027153
0.051825	17.364788
0.051825	16.965214
0.051825	16.999737
0.051825	17.077396
0.085630	16.869150
0.085630	11.428370
0.085630	11.168601
0.085630	11.303341
0.085630	11.446766
0.085630	10.856140
0.211779	10.792943
0.211779	15.903377
0.211779	15.471153
0.211779	15.527033
0.211779	15.926002
0.211779	15.456468
0.211779	15.709918
0.211779	15.311697
0.233707	15.327244
0.233707	17.036039
0.233707	16.806732
0.233707	16.828655
0.233707	17.029507
0.233707	16.872486
0.233707	16.774281
0.233707	16.809689
0.382785	10.472366
0.382785	10.271711
0.382785	10.392391
0.382785	10.483997
0.382785	9.857915
0.382785	14.772019
0.382785	14.569823
0.382785	14.533940
0.504301	14.738129
0.504301	14.740719
0.504301	14.883039
0.504301	14.567795
0.504301	12.879696
0.504301	12.339117
0.504301	12.682947
0.347341	12.614479
0.347341	12.254221
0.347341	11.457588
0.347341	12.168529
0.599059	12.021785
0.599059	12.687572
0.599059	12.443051
0.599059	12.594690
0.599059	12.684137
0.599059	12.017582
0.599059	13.675480
0.599059	13.509290
0.599059	13.557489
0.689976	13.701495
0.689976	13.238457
0.689976	13.562902
0.689976	13.661928
0.689976	13.575800
0.689976	12.664164
0.439087	12.532324
0.439087	12.612398
0.439087	12.699275
0.439087	12.101099
0.129659	19.670204
0.129659	19.200344
0.129659	19.259037
0.129659	19.747972
0.129659	19.110264
0.213738	19.713184
0.213738	19.340946
0.213738	19.322784
0.213738	19.393744
0.439696	19.392071
0.439696	19.683809
0.439696	19.816368
0.439696	19.660126
0.439696	19.184570
0.439696	19.264305
0.439696	19.752323
0.439696	19.061497
0.439696	19.640598
0.488319	19.231264
0.488319	19.222879
0.488319	19.283173
0.488319	19.296087
0.488319	19.558239
0.488319	19.693542
0.488319	14.520822
0.266378	14.213403
0.266378	14.243200
0.266378	14.611984
0.266378	14.147923
0.266378	14.282385
0.266378	14.401785
0.266378	14.681791
0.266378	14.662725
0.266378	17.057598
0.153036	16.714008
0.153036	16.771332
0.153036	17.093935
0.153036	16.631031
0.153036	16.703506
0.153036	16.719860
0.153036	16.552605
0.153036	15.215586
0.277380	14.837198
0.277380	15.106190
0.277380	15.273966
0.277380	15.744623
0.277380	15.328176
0.277380	15.402106
0.277380	15.801701
0.372879	15.403787
0.372879	15.462899
0.372879	15.255363
0.372879	15.175797
0.372879	3.754208
0.372879	3.720392
0.372879	3.535742
0.372879	3.817993
0.372879	3.874691
0.164893	3.643500
0.164893	3.718862
0.164893	4.064503
0.164893	3.914634
0.164893	4.089659
0.164893	3.215092
0.164893	3.227807
0.164893	3.172856
0.164893	3.213135
0.167567	3.084354
0.167567	3.080313
0.167567	5.349010
0.167567	5.010055
0.167567	4.842412
0.167567	5.577677
0.167567	5.308863
0.288781	5.037516
0.288781	5.328314
0.288781	5.030502
0.288781	5.798099
0.288781	5.002158
0.288781	5.350604
0.288781	5.646352
0.288781	5.570130
0.354257	5.649309
0.354257	3.488494
0.354257	3.529758
0.354257	3.473147
0.354257	3.548608
0.354257	3.641495
0.354257	3.581925
0.354257	3.579588
0.354257	3.479748
0.072465	12.013710
0.072465	11.931446
0.072465	11.700134
0.072465	12.097839
0.072465	12.041245
0.072465	12.488617
0.072465	12.525710
0.072465	3.005563
0.072465	2.925029
0.072465	2.865732
0.072465	3.053586
0.072465	2.612779
0.080013	3.617278
0.080013	3.840191
0.080013	3.441298
0.080013	3.536705
0.080013	0.794954
0.080013	0.790963
0.080013	0.854072
0.080013	0.802824
0.235454	0.330668
0.235454	12.670564
0.235454	12.240678
0.235454	12.612196
0.235454	12.716639
0.149981	12.806242
0.149981	12.519138
0.149981	12.674456
0.149981	12.927149
0.149981	12.467684
0.149981	12.316752
0.146098	12.323208
0.146098	12.114374
0.146098	12.899599
0.146098	12.593622
0.146098	12.673830
0.146098	12.920052
0.146098	12.511973
0.072272	12.533101
0.072272	12.231524
0.072272	12.124592
0.072272	17.193016
0.072272	16.998486
0.191543	16.952831
0.191543	17.241070
0.191543	16.996445
0.191543	16.885590
0.244072	16.986248
0.244072	15.757977
0.244072	15.540225
0.244072	15.521284
0.244072	15.912611
0.244072	15.873037
0.244072	15.945543
0.244072	15.767656
0.244072	12.453912
0.244072	12.131319
0.244072	12.268814
0.196594	12.192586
0.196594	12.037494
0.196594	12.076926
0.196594	12.309515
0.196594	12.451836
0.196594	12.317692
0.196594	10.569923
0.317747	10.358159
0.317747	10.438237
0.317747	10.587790
0.317747	10.011872
0.317747	12.890955
0.317747	12.069895
0.317747	12.832407
0.317747	12.505056
0.419139	12.843867
0.419139	12.402224
0.419139	12.765988
0.419139	12.630796
0.419139	16.785284
0.419139	16.542118
0.419139	16.560244
0.419139	16.843922
0.419139	16.554554
0.099796	16.281443
0.099796	16.130079
0.099796	8.546196
0.099796	8.322740
0.099796	8.372980
0.099796	8.418451
0.099796	8.186544
0.099796	8.394508
0.099796	8.077961
0.190186	8.138123
0.190186	9.176422
0.190186	8.976115
0.190186	9.037470
0.190186	9.209850
0.190186	8.843945
0.190186	8.911486
0.190186	8.843221
0.190186	8.814145
0.220003	7.455183
0.220003	7.291931
0.220003	7.416805
0.220003	7.421391
0.220003	7.141786
0.220003	7.284983
0.220003	7.266240
0.220003	7.387446
0.427826	11.100745
0.427826	10.922542
0.427826	10.949366
0.427826	10.832619
0.427826	10.793710
0.427826	10.512213
0.427826	10.564422
0.427826	10.075905
0.141003	9.717052
0.141003	9.943052
0.141003	9.007000
0.141003	8.951189
0.141003	9.758094
0.141003	9.159649
0.141003	8.106455
0.141003	7.296929
0.141003	7.986682
0.096698	7.436141
0.096698	8.116619
0.096698	7.488331
0.096698	8.118279
0.096698	8.163316
0.421850	10.221930
0.421850	9.482797
0.421850	9.897705
0.421850	9.920977
0.421850	9.593877
0.421850	9.895010
0.421850	9.198337
0.421850	9.260175
0.076026	8.980311
0.076026	9.048007
0.076026	8.800158
0.076026	8.720829
0.076026	9.281828
0.076026	8.939328
0.076026	8.796770
0.073044	8.989315
0.073044	8.995641
0.073044	9.024529
0.073044	7.503897
0.073044	7.362036
0.073044	7.475291
0.073044	7.493931
0.073044	7.134811
0.138925	7.451015
0.138925	7.572490
0.138925	7.798727
0.138925	8.748928
0.138925	8.485676
0.138925	8.549855
0.138925	8.703463
0.138925	8.408180
0.440174	8.532541
0.440174	8.393507
0.440174	8.409632
0.440174	9.404642
0.440174	9.175678
0.440174	9.240324
0.440174	9.437221
0.440174	9.121883
0.440174	9.167671
0.068520	9.180830
0.068520	9.112156
0.068520	10.368696
0.068520	10.215656
0.068520	10.263927
0.116834	10.328383
0.116834	9.997154
0.116834	10.378004
0.116834	6.987724
0.116834	6.824487
0.116834	6.900921
0.116834	7.055807
0.116834	6.756529
0.116834	6.760824
0.116834	6.769569
0.116834	7.021324
0.056029	6.905786
0.056029	7.064287
0.056029	6.976320
0.056029	6.960623
0.164595	6.850524
0.164595	6.896169
0.164595	6.959154
0.164595	6.784636
0.164595	6.811182
0.164595	6.796468
0.164595	6.993348
0.164595	6.916518
0.280881	6.923024
0.280881	6.800275
0.280881	11.476587
0.280881	11.312102
0.280881	11.224077
0.139385	11.571274
0.139385	11.412907
0.139385	11.572873
0.139385	11.525009
0.139385	8.188839
0.139385	7.916879
0.139385	7.974680
0.139385	8.186037
0.139385	7.893314
0.193505	7.892790
0.193505	7.693263
0.193505	7.610579
0.193505	10.433145
0.193505	10.262507
0.193505	10.336786
0.193505	10.479856
0.166304	9.797866
0.166304	10.547724
0.166304	10.407938
0.166304	10.479412
0.166304	10.587016
0.166304	9.908895
0.166304	11.215617
0.452699	10.987233
0.452699	11.072763
0.452699	11.143229
0.452699	10.762150
0.452699	11.129363
0.452699	11.320154
0.452699	11.129335
0.452699	11.269070
0.452699	11.019756
0.452699	11.169512
0.452699	11.388681
0.594054	10.549247
0.594054	11.184601
0.594054	11.407928
0.594054	11.079794
0.594054	10.838820
0.594054	10.580061
0.594054	10.716681
0.594054	11.056492
0.272470	10.153696
0.272470	10.444250
0.272470	10.277552
0.272470	10.927969
0.272470	10.699334
0.272470	11.450337
0.272470	10.812857
0.272470	13.193501
0.461517	12.817286
0.461517	13.011982
0.461517	13.205830
0.461517	12.877520
0.461517	11.939682
0.461517	12.337374
0.461517	10.997738
0.461517	13.545906
0.223424	13.188747
0.223424	13.293142
0.223424	13.550416
0.223424	13.011869
0.223424	13.303967
0.223424	12.763136
0.280264	12.861307
0.280264	10.747892
0.280264	10.543202
0.280264	10.663633
0.280264	10.762867
0.280264	10.138397
0.394075	7.609960
0.394075	7.395234
0.394075	7.482195
0.394075	7.455663
0.394075	6.757133
0.394075	7.156653
0.394075	7.312763
0.394075	6.404110
0.394075	6.882493
0.394075	13.183356
0.394075	12.859614
0.177374	12.970510
0.177374	13.260752
0.177374	12.664423
0.177374	12.692366
0.177374	12.748828
0.177374	13.240540
0.177374	12.971387
0.177374	12.943382
0.177374	13.281351
0.177374	15.234119
0.177374	14.879918
0.227958	15.002561
0.227958	15.220734
0.227958	14.879833
0.227958	14.774837
0.211221	14.568171
0.211221	14.402648
0.211221	12.928877
0.211221	12.699402
0.211221	12.804200
0.211221	12.729208
0.211221	12.174890
0.211221	16.412336
0.211221	15.743885
0.175479	16.203239
0.175479	15.990740
0.175479	15.882609
0.175479	16.103386
0.175479	16.291767
0.175479	15.714093
0.175479	18.005299
0.175479	14.864235
0.175479	14.563238
0.175479	14.678251
0.175479	14.739923
0.218490	14.385652
0.218490	14.402817
0.218490	14.633214
0.218490	14.927659
0.218490	15.120247
0.218490	15.228105
0.218490	14.938759
0.218490	15.026903
0.234897	14.944717
0.234897	14.938210
0.234897	14.772910
0.234897	14.551661
0.234897	14.370411
0.234897	14.378767
0.234897	14.044729
0.234897	14.157893
0.234897	14.391669
0.123108	13.602798
0.123108	13.972507
0.123108	14.104887
0.123108	15.551624
0.123108	14.254881
0.123108	20.018555
0.123108	19.756699
0.123108	19.762522
0.080948	20.076811
0.080948	19.490200
0.080948	19.463289
0.080948	19.231676
0.080948	15.198555
0.080948	14.880134
0.080948	14.960936
0.080948	15.169413
0.080948	14.802749
0.062281	14.769304
0.062281	14.427855
0.062281	14.322505
0.062281	18.045088
0.062281	17.606037
0.062281	17.665220
0.062281	18.091299
0.062281	18.918663
0.062281	19.100183
0.062281	17.562939
0.062281	17.058199
0.177733	16.597103
0.177733	16.707886
0.177733	16.975565
0.177733	16.685287
0.177733	16.937046
0.177733	16.589695
0.177733	16.657597
0.177733	15.218164
0.074891	14.936817
0.074891	14.948723
0.074891	15.414422
0.074891	15.177270
0.074891	15.101530
0.074891	15.364414
0.048048	18.012180
0.048048	16.989880
0.048048	6.941572
0.048048	6.850773
0.048048	6.951171
0.083059	6.966067
0.083059	6.788193
0.083059	6.538612
0.083059	6.735448
0.065450	7.096906
0.065450	6.962985
0.065450	7.123827
0.065450	7.035145
0.065450	2.983623
0.065450	2.795204
0.065450	2.965116
0.065450	2.786447
0.065450	2.717212
0.065450	2.943953
0.065450	2.881919
0.271891	2.973904
0.271891	7.528107
0.271891	7.387186
0.271891	7.457637
0.271891	7.228486
0.271891	7.227503
0.271891	7.393977
0.271891	7.465621
0.175919	7.537188
0.175919	15.683697
0.175919	15.434513
0.175919	14.614859
0.175919	15.894451
0.175919	15.640070
0.191941	16.139753
0.191941	15.867137
0.191941	17.406395
0.191941	18.671131
