Ground Truth	Predictions
0.134080	2.747641
0.134080	0.000000
0.134080	0.000000
0.134080	0.000000
0.134080	0.000000
0.134080	0.000000
0.134080	1.096250
0.134080	0.000000
0.103850	0.000000
0.103850	0.000000
0.103850	0.000000
0.103850	0.000000
0.103850	0.000000
0.103850	0.000000
0.103850	0.000000
0.103850	0.000000
0.061922	0.000000
0.061922	0.000000
0.061922	0.000000
0.061922	0.000000
0.061922	0.000000
0.061922	0.350624
0.061922	3.471965
0.061922	0.000000
0.022625	0.000000
0.022625	0.000000
0.022625	0.000000
0.022625	0.000000
0.022625	0.000000
0.022625	0.000000
0.022625	5.092618
0.022625	3.072353
0.022625	0.000000
0.022625	0.000000
0.022625	0.000000
0.214905	0.000000
0.214905	0.000000
0.214905	0.000000
0.214905	0.000000
0.214905	0.000000
0.214905	0.000000
0.214905	0.000000
0.214905	0.000000
0.214905	0.000000
0.137460	0.000000
0.137460	0.000000
0.137460	0.000000
0.137460	0.000000
0.137460	0.000000
0.137460	0.000000
0.137460	0.078782
0.137460	0.000000
0.095892	0.000000
0.095892	0.000000
0.095892	0.000000
0.095892	0.000000
0.095892	0.000000
0.095892	0.000000
0.095892	0.000000
0.095892	0.000000
0.144111	0.000000
0.144111	0.000000
0.144111	0.000000
0.144111	0.000000
0.144111	0.000000
0.144111	0.000000
0.144111	0.012108
0.144111	0.291195
0.144111	0.163311
0.144111	0.113897
0.144111	0.687863
0.327305	0.000000
0.327305	0.000000
0.327305	0.000000
0.327305	0.000000
0.327305	0.000000
0.327305	4.280261
0.327305	0.000000
0.327305	0.000000
0.263798	0.000000
0.263798	0.000000
0.263798	0.000000
0.263798	0.000000
0.263798	1.817900
0.263798	2.042624
0.263798	0.000000
0.263798	0.000000
0.230674	0.000000
0.230674	0.000000
0.230674	0.000000
0.230674	0.000000
0.230674	0.000000
0.230674	0.000000
0.230674	0.973362
0.230674	1.225743
0.230674	1.041441
0.106043	1.062835
0.106043	1.760032
0.106043	0.556078
0.106043	0.769150
0.116839	0.618581
0.116839	0.413220
0.116839	0.864383
0.116839	1.058656
0.116839	5.812191
0.116839	0.504120
0.116839	0.497253
0.116839	1.737288
0.192532	4.091133
0.192532	0.000000
0.192532	0.000000
0.192532	0.000000
0.192532	0.000000
0.192532	0.000000
0.192532	0.000000
0.192532	0.000000
0.192532	0.000000
0.192532	6.444494
0.192532	0.106490
0.135523	0.358799
0.135523	0.209355
0.135523	0.149250
0.135523	0.748388
0.135523	0.000000
0.135523	0.000000
0.135523	0.000000
0.135523	0.000000
0.015959	0.000000
0.015959	0.000000
0.015959	0.000000
0.015959	0.000000
0.015959	0.000000
0.015959	1.250439
0.015959	0.000000
0.015959	2.987746
0.015959	2.850338
0.029026	0.000000
0.029026	0.000000
0.029026	0.000000
0.029026	0.000000
0.029026	0.000000
0.029026	0.000000
0.029026	0.000000
0.029026	0.000000
0.083774	0.000000
0.083774	0.000000
0.083774	0.000000
0.083774	0.000000
0.083774	0.000000
0.083774	0.000000
0.083774	0.000000
0.083774	0.000000
0.083774	0.000000
0.083774	0.000000
0.083774	1.398706
0.083774	0.790455
0.098773	0.000000
0.098773	0.000000
0.098773	0.000000
0.098773	0.000000
0.098773	0.000000
0.098773	0.991977
0.098773	0.000000
0.098773	1.511267
0.098773	9.428672
0.055105	0.000000
0.055105	0.105231
0.055105	0.000000
0.055105	0.000000
0.055105	0.623932
0.055105	0.000000
0.055105	0.000000
0.055105	0.000000
0.211507	0.000000
0.211507	0.000000
0.211507	0.000000
0.211507	0.637990
0.211507	0.000000
0.211507	0.000000
0.211507	0.000000
0.101820	0.000000
0.101820	2.522631
0.101820	0.102251
0.101820	1.550318
0.101820	2.541898
0.101820	5.576824
0.101820	17.478844
0.101820	0.000000
0.101820	0.000000
0.017997	3.197789
0.017997	3.006671
0.017997	0.000000
0.017997	0.000000
0.024675	1.230741
0.024675	10.599637
0.024675	7.360818
0.024675	0.000000
0.024675	0.000000
0.024675	2.207430
0.024675	0.000000
0.024675	0.000000
0.024675	11.296972
0.024675	0.000000
0.024675	0.923440
0.024675	0.000000
0.024702	0.000000
0.024702	5.756243
0.024702	0.180477
0.024702	0.000000
0.024702	5.926862
0.024702	0.000000
0.024702	0.000000
0.024702	0.000000
0.024702	0.000000
0.024702	0.828323
0.024702	0.000000
0.024702	2.650579
0.024284	0.000000
0.024284	0.000000
0.024284	0.000000
0.024284	0.000000
0.024284	0.000000
0.024284	0.000000
0.024284	1.108276
0.037288	0.000000
0.037288	0.000000
0.037288	0.000000
0.037288	0.000000
0.037288	0.000000
0.037288	0.000000
0.037288	3.830451
0.037288	3.229445
0.033948	0.000000
0.033948	0.066242
0.033948	0.000000
0.033948	0.022070
0.053133	5.306413
0.053133	0.000000
0.053133	0.000000
0.053133	0.000000
0.053133	0.000000
0.053133	0.000000
0.053133	0.000000
0.053133	0.000000
0.046105	0.590574
0.046105	0.852051
0.046105	0.726822
0.046105	0.745906
0.020032	1.663502
0.020032	1.202256
0.020032	1.301593
0.020032	3.784909
0.020032	0.000000
0.020032	0.000000
0.020032	0.000000
0.020032	0.000000
0.020032	0.088046
0.020032	0.707815
0.037198	0.000000
0.037198	2.019578
0.037198	7.671856
0.037198	0.000000
0.037198	0.000000
0.037198	0.000000
0.037198	0.000000
0.037198	0.000000
0.020713	0.000000
0.020713	0.763605
0.020713	1.907965
0.020713	9.446284
0.020713	0.000000
0.020713	0.000000
0.020713	0.000000
0.020713	0.000000
0.027885	0.000000
0.027885	0.000000
0.027885	0.000000
0.027885	0.000000
0.027885	0.000000
0.027885	0.000000
0.027885	0.000000
0.070246	0.217684
0.070246	0.000000
0.070246	0.000000
0.070246	1.042097
0.070246	0.238741
0.070246	0.000000
0.070246	0.000000
0.070246	0.000000
0.070246	0.000000
0.008270	0.000000
0.008270	0.000000
0.008270	1.731363
0.008270	2.660930
0.008270	12.396669
0.008270	0.000000
0.021673	0.000000
0.021673	0.000000
0.021673	0.000000
0.021673	0.000000
0.021673	0.062107
0.021673	0.000000
0.021673	1.144679
0.007074	0.000000
0.007074	0.000000
0.007074	0.000000
0.007074	0.000000
0.007074	0.000000
0.007074	0.000000
0.017748	0.000000
0.017748	0.000000
0.017748	0.000000
0.017748	0.000000
0.017748	0.000000
0.017748	0.000000
0.017748	0.000000
0.017748	0.000000
0.071485	0.000000
0.071485	0.000000
0.071485	0.000000
0.071485	0.000000
0.071485	0.000000
0.071485	0.000000
0.071485	1.964732
0.071485	0.000000
0.033497	0.000000
0.033497	0.000000
0.033497	0.000000
0.033497	0.000000
0.033497	0.000000
0.021356	0.000000
0.021356	0.000000
0.021356	0.000000
0.021356	0.000000
0.021356	0.000000
0.042402	0.000000
0.042402	0.000000
0.042402	0.000000
0.042402	0.000000
0.042402	0.000000
0.042402	0.000000
0.042402	0.000000
0.042402	0.000000
0.042402	0.000000
0.090378	0.000000
0.090378	0.197180
0.090378	0.000000
0.090378	5.753965
0.090378	0.000000
0.090378	0.000000
0.017753	0.000000
0.017753	0.000000
0.017753	0.000000
0.017753	0.000000
0.017753	0.000000
0.017753	1.611888
0.017753	3.589447
0.017753	0.000000
0.017753	0.000000
0.038815	0.000000
0.038815	0.000000
0.038815	0.000000
0.038815	0.000000
0.038815	0.000000
0.038815	0.000000
0.038815	0.000000
0.038815	0.000000
0.031678	0.000000
0.031678	0.000000
0.031678	0.000000
0.031678	0.000000
0.031678	0.000000
0.031678	0.000000
0.031678	0.000000
0.031678	0.000000
0.035793	0.000000
0.035793	0.000000
0.035793	0.000000
0.035793	0.000000
0.035793	0.000000
0.035793	0.000000
0.035793	0.000000
0.035793	1.003643
0.035793	3.410266
0.113433	0.000000
0.113433	0.000000
0.113433	0.000000
0.113433	0.000000
0.113433	0.000000
0.145794	5.108529
0.145794	0.000000
0.145794	0.000000
0.145794	0.000000
0.145794	0.000000
0.145794	0.000000
0.145794	0.000000
0.145794	0.000000
0.025232	0.000000
0.025232	0.000000
0.025232	0.000000
0.025232	0.000000
0.023306	0.000000
0.023306	0.000000
0.023306	0.000000
0.023306	0.000000
0.023306	0.000000
0.023306	1.801873
0.023306	0.000000
0.023306	0.000000
0.023306	0.000000
0.023306	0.000000
0.023306	0.000000
0.018038	0.000000
0.018038	0.000000
0.018038	0.000000
0.018038	0.000000
0.018038	0.261083
0.018038	0.000000
0.018038	0.000000
0.018038	0.000000
0.027485	0.000000
0.027485	0.024492
0.027485	0.010855
0.027485	0.966460
0.027485	1.153615
0.027485	0.830435
0.045532	1.364250
0.045532	2.484475
0.045532	1.457285
0.045532	1.427683
0.045532	2.261873
0.045532	2.268152
0.045532	1.961436
0.045532	1.880024
0.048720	3.005854
0.048720	3.691196
0.048720	3.052490
0.048720	4.794954
0.022487	13.435807
0.022487	0.796870
0.022487	1.339455
0.022487	0.409891
0.022487	0.398386
0.022487	1.198623
0.022487	3.680211
0.027754	1.176404
0.027754	1.724605
0.027754	3.689928
0.027754	0.000000
0.027754	0.000000
0.027754	0.000000
0.027754	0.000000
0.027754	0.451777
0.025286	0.000000
0.025286	0.000000
0.025286	0.000000
0.025286	0.000000
0.025286	0.323985
0.025286	0.052829
0.025286	8.133716
0.263076	1.190933
0.263076	2.014581
0.263076	3.237133
0.263076	1.933430
0.263076	5.631144
0.263076	9.089934
0.263076	0.939560
0.263076	2.285740
0.263076	1.521539
0.240220	2.918141
0.240220	7.171429
0.240220	0.000000
0.240220	6.229530
0.240220	0.000000
0.240220	3.204319
0.240220	0.000000
0.240220	0.601049
0.140992	0.000000
0.140992	0.391165
0.140992	1.123835
0.140992	3.337476
0.140992	0.827627
0.140992	1.876313
0.140992	9.985100
0.140992	0.695563
0.140992	0.286647
0.036468	0.000000
0.036468	1.510924
0.036468	0.969923
0.036468	1.951778
0.036468	1.969017
0.187885	7.008711
0.187885	18.093452
0.187885	0.509177
0.187885	0.593094
0.187885	0.079194
0.187885	0.489230
0.187885	1.477576
0.187885	0.963187
0.187885	0.000000
0.359146	0.000000
0.359146	0.000000
0.359146	0.546965
0.359146	0.286579
0.359146	0.135985
0.359146	5.904639
0.359146	5.827031
0.359146	0.000000
0.359146	0.000000
0.038125	0.000000
0.038125	0.000000
0.038125	0.626917
0.038125	0.000000
0.038125	0.445790
0.038125	1.148866
0.038125	0.000000
0.038125	0.000000
0.026113	0.000000
0.026113	0.000000
0.026113	0.595899
0.026113	0.000000
0.026113	9.800210
0.026113	0.000000
0.026113	0.000000
0.026113	0.000000
0.026113	0.000000
0.026113	1.428237
0.026113	0.000000
0.033293	0.169786
0.033293	8.510809
0.033293	0.000000
0.033293	0.000000
0.033293	0.000000
0.033293	0.000000
0.033293	0.000000
0.033293	0.000000
0.129005	4.560004
0.129005	4.960281
0.129005	0.000000
0.129005	0.000000
0.129005	0.000000
0.129005	0.000000
0.129005	0.000000
0.129005	0.787945
0.129005	0.407595
0.030765	0.000000
0.030765	0.000000
0.030765	0.000000
0.030765	0.000000
0.030765	0.000000
0.030765	0.000000
0.030765	0.000000
0.030765	0.000000
0.046225	0.000000
0.046225	0.000000
0.046225	0.000000
0.046225	0.000000
0.046225	0.000000
0.046225	0.000000
0.046225	0.000000
0.042038	0.000000
0.042038	0.000000
0.042038	0.000000
0.042038	0.000000
0.042038	0.000000
0.042038	0.000000
0.042038	0.499487
0.042038	0.728507
0.269889	0.754716
0.269889	0.985018
0.269889	0.942772
0.269889	1.004610
0.269889	1.816690
0.235779	2.243232
0.235779	0.677436
0.235779	0.843103
0.235779	0.876257
0.235779	1.087819
0.046585	0.956484
0.046585	1.034510
0.046585	1.602151
0.046585	1.644672
0.046585	3.581438
0.046585	3.772003
0.046585	3.587208
0.044983	3.623362
0.044983	4.133066
0.044983	3.894172
0.044983	4.088086
0.044983	3.965446
0.044983	0.746799
0.044983	1.140366
0.044983	0.824871
0.044983	1.081947
0.044983	1.481687
0.044983	1.673233
0.151901	2.591765
0.151901	1.282977
0.151901	1.413312
0.151901	1.435057
0.044096	2.366631
0.044096	1.575549
0.044096	1.445683
0.044096	2.245798
0.044096	2.103458
0.044096	4.381350
0.044096	4.769666
0.044096	4.407929
0.043034	4.398855
0.043034	5.054053
0.043034	4.654516
0.043034	5.592255
0.043034	4.788794
0.043034	4.000103
0.043034	4.378305
0.043034	3.266699
0.103219	3.121680
0.103219	2.490236
0.103219	2.038130
0.103219	1.499145
0.103219	1.574705
0.103219	4.730459
0.103219	5.778136
0.103219	8.407805
0.103219	7.864717
0.103219	8.074751
0.103219	7.442735
0.325648	7.693478
0.325648	10.461810
0.325648	10.765983
0.325648	17.590422
0.325648	6.634966
0.325648	6.782144
0.325648	6.502861
0.325648	6.523576
0.041898	7.013349
0.041898	6.837594
0.041898	8.029020
0.041898	6.951654
0.041898	0.000000
0.133930	0.174981
0.133930	0.000000
0.133930	0.000000
0.133930	0.557630
0.133930	0.000000
0.133930	0.259678
0.133930	0.000000
0.133930	0.055985
0.133930	0.111887
0.265855	0.000000
0.265855	5.976346
0.265855	6.160594
0.265855	5.557914
0.265855	7.231979
0.265855	6.391506
0.265855	12.893716
0.265855	8.825866
0.031573	5.102699
0.031573	6.007462
0.031573	4.917711
0.031573	9.260342
0.031573	7.101001
0.031573	5.897573
0.031573	9.667185
0.031573	7.465323
0.031573	18.226631
0.071942	11.215720
0.071942	5.982061
0.071942	6.283981
0.071942	6.045295
0.071942	7.129761
0.071942	8.460551
0.071942	8.458197
0.060152	7.036196
0.060152	6.243870
0.060152	6.456729
0.060152	9.307719
0.060152	7.406940
0.060152	5.598506
0.060152	6.280772
0.018976	5.441591
0.018976	6.224546
0.018976	6.729045
0.018976	5.887867
0.018976	9.163146
0.018976	6.605250
0.018976	12.029498
0.018976	6.948150
0.018976	9.332243
0.018976	6.815889
0.018976	7.248539
0.018976	6.772149
0.029086	7.485679
0.029086	11.171072
0.029086	13.786195
0.029086	10.085186
0.029086	6.631368
0.029086	6.711239
0.029086	6.465969
0.029086	6.955829
0.198880	7.458006
0.198880	6.330881
0.198880	6.907736
0.198880	6.987559
0.198880	8.409274
0.198880	7.321660
0.063287	11.340014
0.063287	1.080029
0.063287	1.160978
0.063287	0.834556
0.063287	0.964771
0.063287	1.483990
0.063287	2.434865
0.063287	2.627428
0.122072	3.853682
0.122072	3.938041
0.122072	3.826370
0.122072	3.982033
0.122072	4.805587
0.122072	0.460033
0.122072	0.628985
0.122072	0.435841
0.022245	0.700030
0.022245	0.886393
0.022245	1.971332
0.022245	1.933058
0.022245	2.133420
0.027501	2.358832
0.027501	1.883758
0.027501	2.083062
0.027501	3.508784
0.027501	2.971228
0.027501	0.888748
0.027501	0.927763
0.154250	0.782533
0.154250	0.805817
0.154250	0.920542
0.154250	1.155035
0.154250	1.778791
0.154250	1.927560
0.154250	1.986482
0.154250	2.531022
0.154250	1.835655
0.154250	1.782532
0.154250	0.000000
0.022775	0.000000
0.022775	0.000000
0.022775	0.000000
0.022775	0.000000
0.022775	0.000000
0.022775	0.000000
0.022775	0.000000
0.022775	0.000000
0.022775	0.000000
0.022775	0.000000
0.022775	1.842460
0.060546	1.886597
0.060546	1.733235
0.060546	1.791861
0.060546	2.575974
0.060546	0.000000
0.060546	0.000000
0.020873	0.000000
0.020873	0.000000
0.020873	0.000000
0.020873	3.556051
0.020873	0.153011
0.128514	0.687613
0.128514	0.838666
0.128514	0.805534
0.128514	1.112524
0.128514	1.887818
0.033847	0.728296
0.033847	1.684391
0.033847	8.846257
0.033847	2.559089
0.033847	2.611619
0.033847	2.522252
0.033847	4.202746
0.033847	3.826333
0.165308	2.817462
0.165308	9.150135
0.165308	3.326386
0.165308	19.931667
0.165308	2.872560
0.165308	3.406986
0.165308	2.855289
0.165308	3.099840
0.325151	3.908092
0.325151	5.115978
0.325151	4.554804
0.325151	13.490764
0.325151	21.909578
0.325151	0.927522
0.325151	0.442010
0.325151	0.287375
0.418282	0.767530
0.418282	1.422619
0.418282	1.266150
0.418282	1.309214
0.418282	2.611522
0.418282	0.000000
0.418282	0.000000
0.059143	0.000000
0.059143	0.000000
0.059143	0.000000
0.059143	0.000000
0.059143	0.000000
0.059143	0.080430
0.059143	0.000000
0.059143	0.000000
0.059143	0.000000
0.059143	0.000000
0.059143	0.000000
0.314641	0.000000
0.314641	0.000000
0.314641	0.000000
0.314641	0.000000
0.314641	0.000000
0.314641	0.000000
0.314641	0.000000
0.314641	0.000000
0.314641	0.429648
0.337314	0.000000
0.337314	0.000000
0.337314	0.000000
0.337314	0.000000
0.337314	0.000000
0.337314	0.000000
0.337314	0.000000
0.337314	0.000000
0.251697	0.000000
0.251697	0.000000
0.251697	0.000000
0.251697	0.000000
0.368405	0.000000
0.368405	0.000000
0.368405	0.953465
0.368405	0.641054
0.368405	0.000000
0.368405	0.000000
0.368405	0.000000
0.368405	0.000000
0.368405	0.000000
0.386129	0.000000
0.386129	0.000000
0.386129	0.000000
0.386129	0.000000
0.386129	0.000000
0.386129	0.000000
0.386129	2.845140
0.388516	0.000000
0.388516	0.000000
0.388516	0.000000
0.388516	0.000000
0.598046	0.679067
0.598046	0.000000
0.598046	1.211794
0.598046	1.282606
0.598046	1.102937
0.598046	1.422546
0.598046	1.477866
0.616410	1.685912
0.616410	0.000000
0.616410	0.167246
0.616410	0.000000
0.616410	4.341780
0.666843	0.000000
0.666843	6.681281
0.666843	1.500413
0.666843	1.354427
0.218345	2.087462
0.218345	1.426088
0.218345	5.595286
0.218345	1.955184
0.218345	4.029730
0.218345	1.503292
0.218345	1.994207
0.218345	4.581649
0.218345	0.000000
0.218345	2.361333
0.218345	0.000000
0.248717	1.180221
0.248717	0.000000
0.248717	0.000000
0.248717	0.000000
0.248717	0.000000
0.248717	0.000000
0.248717	0.000000
0.099964	0.000000
0.099964	5.989484
0.099964	11.215307
0.099964	0.000000
0.099964	0.000000
0.099964	0.000000
0.099964	0.000000
0.099964	0.000000
0.031982	0.000000
0.031982	0.000000
0.031982	0.000000
0.031982	0.000000
0.031982	0.000000
0.031982	0.000000
0.177423	0.000000
0.177423	0.000000
0.177423	0.000000
0.177423	0.000000
0.177423	0.000000
0.177423	0.000000
0.177423	0.000000
0.177423	0.000000
0.119988	0.000000
0.119988	0.000000
0.119988	0.000000
0.119988	0.000000
0.119988	0.000000
0.119988	0.000000
0.119988	0.467090
0.119988	0.000000
0.119988	0.707302
0.119988	0.775249
0.119988	0.760217
0.136001	0.585769
0.136001	0.975241
0.136001	0.136512
0.136001	0.341139
0.136001	0.411408
0.136001	0.000000
0.136001	0.145125
0.136001	0.039683
0.057919	0.025902
0.057919	0.000000
0.057919	0.000000
0.057919	0.000000
0.057919	4.238682
0.057919	0.000000
0.057919	0.000000
0.057919	0.000000
0.162715	0.000000
0.162715	0.000000
0.162715	0.000000
0.162715	0.000000
0.162715	10.206254
0.162715	2.682635
0.162715	0.000000
0.162715	4.202959
0.162715	0.000000
0.078474	3.323124
0.078474	0.000000
0.078474	0.000000
0.078474	0.000000
0.078474	0.000000
0.078474	0.000000
0.078474	0.000000
0.078474	0.000000
0.078474	4.882106
0.102076	0.000000
0.102076	0.000000
0.102076	0.000000
0.102076	0.000000
0.102076	0.000000
0.102076	0.362351
0.102076	0.548187
0.102076	0.516431
0.102076	0.308382
0.053482	0.731918
0.053482	0.000000
0.053482	0.000000
0.053482	0.000000
0.053482	0.000000
0.053482	0.000000
0.053482	0.000000
0.053482	0.000000
0.053482	0.000000
0.053482	0.000000
0.053482	0.201820
0.083909	0.297170
0.083909	0.000000
0.083909	0.000000
0.083909	0.000000
0.083909	0.000000
0.083909	0.000000
0.083909	0.380354
0.083909	0.000000
0.083909	0.000000
0.083909	0.000000
0.083909	0.444432
0.083909	2.249356
0.083909	0.000000
0.083909	0.000000
0.038000	1.878998
0.038000	0.000000
0.038000	3.923437
0.038000	0.000000
0.038000	0.000000
0.038000	0.000000
0.038000	0.000000
0.038000	0.000000
0.164440	0.000000
0.164440	0.448889
0.164440	1.555141
0.164440	0.000000
0.164440	7.317632
0.164440	7.914311
0.164440	0.000000
0.164440	0.000000
0.164440	0.000000
0.024754	1.065958
0.024754	2.014608
0.024754	1.003244
0.024754	0.000000
0.024754	1.509617
0.013405	0.000000
0.013405	2.893856
0.013405	2.993044
0.013405	2.798921
0.013405	3.059347
0.022620	3.226995
0.022620	3.183684
0.022620	3.924762
0.022620	5.468060
0.022620	3.729514
0.022620	3.510164
0.022620	3.427178
0.171960	4.121643
0.171960	7.593968
0.171960	6.453216
0.171960	4.233082
0.171960	9.961852
0.171960	5.992522
0.171960	5.489464
0.171960	5.573048
0.024599	5.233096
0.024599	6.640910
0.024599	5.708821
0.024599	6.700859
0.024599	6.903423
0.024599	4.067416
0.024599	5.178895
0.024599	3.686458
0.023854	4.568646
0.023854	6.224752
0.023854	6.742634
0.023854	2.733742
0.023854	2.457816
0.051951	2.234314
0.051951	3.218708
0.051951	7.522109
0.051951	8.204207
0.051951	3.496117
0.051951	10.240163
0.051951	5.198766
0.051951	2.417396
0.051951	2.631608
0.019660	1.887889
0.019660	2.127785
0.019660	3.295501
0.019660	2.313632
0.019660	2.260053
0.019660	6.453273
0.218630	2.608814
0.218630	2.091269
0.218630	1.809597
0.218630	1.812627
0.218630	2.075054
0.218630	3.626158
0.218630	2.414840
0.218630	2.618807
0.218630	9.317084
0.218630	9.129676
0.218630	2.703929
0.062597	3.149747
0.062597	2.603289
0.062597	2.772208
0.062597	5.691002
0.062597	3.511485
0.062597	3.495253
0.062597	6.610906
0.062597	1.498656
0.062597	1.543195
0.062597	1.354330
0.062597	1.610558
0.062597	1.715845
0.062597	2.080431
0.062597	2.830328
0.021727	2.746238
0.021727	1.797612
0.021727	1.779307
0.021727	1.697744
0.021727	3.879461
0.021727	3.860959
0.021727	3.537771
0.021727	8.054481
0.021727	2.335134
0.021727	2.663140
0.021727	2.496211
0.021727	4.970896
0.033478	3.427365
0.033478	4.038688
0.033478	6.396781
0.033478	11.498786
0.033478	25.187965
0.033478	3.267254
0.033478	3.470765
0.033478	3.326008
0.078439	3.618336
0.078439	4.281967
0.078439	3.797638
0.078439	2.976396
0.078439	3.076856
0.078439	3.079445
0.078439	3.453354
0.078439	4.504329
0.078439	3.542241
0.146649	5.078209
0.146649	7.861832
0.146649	3.945408
0.146649	4.097644
0.146649	4.022624
0.146649	4.300579
0.146649	4.752450
0.020153	4.337664
0.020153	5.308877
0.020153	5.037119
0.020153	8.322677
0.020153	8.297465
0.020153	8.144109
0.020153	8.694747
0.064338	8.775769
0.064338	9.309902
0.064338	9.525207
0.064338	7.867431
0.064338	7.851238
0.064338	7.764614
0.064338	8.259276
0.064338	8.125905
0.380324	8.422297
0.380324	9.116602
0.380324	6.998444
0.380324	7.252839
0.380324	6.887780
0.380324	7.427496
0.380324	9.173617
0.380324	8.933053
0.380324	7.326852
0.380324	9.391072
0.380324	7.350102
0.016325	6.198737
0.016325	5.686182
0.016325	5.601769
0.016325	6.522595
0.016325	7.634069
0.022146	6.351553
0.022146	18.298313
0.022146	6.679899
0.022146	7.205575
0.022146	9.390061
0.022146	7.215896
0.022146	10.348588
0.022146	8.849675
0.022146	8.988738
0.128641	8.100961
0.128641	11.313817
0.128641	18.420628
0.128641	13.728315
0.128641	7.661127
0.128641	8.139352
0.128641	7.035308
0.128641	8.128867
0.128641	11.417090
0.128641	9.594956
0.128641	6.421084
0.065140	6.218743
0.065140	6.277931
0.065140	6.674749
0.065140	9.050542
0.065140	8.045521
0.065140	14.465739
0.065140	8.714437
0.022694	6.864537
0.022694	12.168078
0.022694	22.543085
0.022694	6.146707
0.022694	6.446926
0.022694	5.591296
0.022694	6.051829
0.022694	6.833245
0.044025	13.732165
0.044025	15.336614
0.044025	4.457944
0.044025	4.840693
0.044025	4.241362
0.044025	4.705239
0.044025	10.162339
0.076345	17.623497
0.076345	8.814956
0.076345	4.116237
0.076345	4.141466
0.076345	4.000585
0.076345	4.253744
0.076345	5.364147
0.022067	5.782237
0.022067	5.417535
0.022067	15.117505
0.022067	14.879500
0.022067	5.474574
0.022067	5.565633
0.022067	5.249551
0.022067	5.732239
0.022067	5.994864
0.022067	8.385215
0.022067	7.759017
0.021691	6.420110
0.021691	6.554937
0.021691	6.064740
0.021691	6.603476
0.021691	6.790133
0.021691	11.498116
0.021691	9.104380
0.021691	4.345493
0.021691	4.775077
0.021691	4.434491
0.021691	4.624712
0.025140	5.721332
0.025140	6.726300
0.025140	9.710123
0.025140	4.018507
0.025140	4.730688
0.025140	18.061989
0.025140	10.331338
0.066081	3.258613
0.066081	3.478355
0.066081	3.243694
0.066081	3.574428
0.112337	4.075961
0.112337	6.543700
0.112337	7.655316
0.112337	4.750760
0.112337	6.369257
0.112337	6.714244
0.112337	6.077955
0.081609	6.781721
0.081609	6.901315
0.081609	8.186408
0.081609	8.256166
0.081609	3.015047
0.081609	3.054801
0.081609	2.831741
0.081609	3.169637
0.081609	4.750237
0.081609	3.313276
0.081609	11.267068
0.081609	8.032692
0.081609	3.472004
0.081609	3.906620
0.332671	3.211501
0.332671	3.647510
0.332671	6.437083
0.332671	8.026027
0.332671	3.913489
0.332671	4.141741
0.332671	3.916289
0.332671	4.008603
0.187389	4.615264
0.187389	4.115671
0.187389	4.172192
0.187389	4.498543
0.187389	3.297667
0.119895	3.453113
0.119895	2.964844
0.119895	3.189089
0.119895	4.717443
0.119895	4.397692
0.119895	4.602119
0.119895	9.108096
0.119895	3.341253
0.119895	3.890531
0.119895	2.993469
0.119895	3.077237
0.119895	4.520006
0.192701	4.834895
0.192701	4.611280
0.192701	9.842370
0.192701	16.044636
0.192701	2.558165
0.192701	3.138947
0.192701	2.443799
0.192701	3.125383
0.192701	3.418005
0.246214	5.587930
0.246214	3.602027
0.246214	10.302939
0.246214	10.778393
0.246214	1.960399
0.246214	2.066905
0.246214	1.860901
0.246214	1.886289
0.210020	2.580924
0.210020	2.477438
0.210020	3.077227
0.210020	3.022013
0.210020	1.476930
0.210020	1.585340
0.210020	1.193259
0.210020	1.556659
