Ground Truth	Predictions
0.179383	17.431820
0.179383	0.000000
0.179383	0.000000
0.179383	0.000000
0.179383	0.000000
0.179383	0.000000
0.179383	15.100407
0.179383	0.000000
0.119211	6.574628
0.119211	0.000000
0.119211	0.000000
0.119211	0.000000
0.119211	0.000000
0.119211	0.000000
0.119211	0.000000
0.119211	0.000000
0.346112	0.000000
0.346112	0.000000
0.346112	2.392197
0.346112	0.000000
0.346112	0.000000
0.346112	4.332281
0.346112	16.125954
0.346112	0.000000
0.346112	0.000000
0.346112	0.000000
0.346112	0.000000
0.294291	4.975657
0.294291	0.354515
0.294291	0.000000
0.294291	19.840593
0.294291	13.814002
0.294291	0.000000
0.294291	0.000000
0.233204	0.000000
0.233204	0.000000
0.233204	0.000000
0.233204	11.354786
0.233204	0.000000
0.233204	0.000000
0.233204	0.000000
0.233204	0.000000
0.233204	0.000000
0.347727	0.000000
0.347727	0.000000
0.347727	0.000000
0.347727	0.000000
0.347727	0.000000
0.347727	0.000000
0.347727	0.000000
0.347727	7.149689
0.347727	0.000000
0.229221	0.723415
0.229221	0.717716
0.229221	0.000000
0.229221	0.000000
0.229221	0.000000
0.229221	0.000000
0.229221	0.000000
0.229221	0.000000
0.229221	0.000000
0.229221	0.000000
0.229221	0.000000
0.229221	0.000000
0.226945	0.000000
0.226945	0.000000
0.226945	0.000000
0.226945	1.683178
0.226945	0.000000
0.226945	0.000000
0.226945	6.607990
0.198229	0.000000
0.198229	0.000000
0.198229	0.000000
0.198229	0.000000
0.198229	0.000000
0.198229	17.851879
0.198229	0.000000
0.198229	0.000000
0.112224	0.000000
0.112224	0.000000
0.112224	0.000000
0.112224	0.000000
0.112224	4.175914
0.112224	6.636660
0.112224	0.000000
0.112224	0.000000
0.092694	0.000000
0.092694	0.000000
0.092694	0.000000
0.092694	0.000000
0.092694	0.000000
0.092694	0.963670
0.092694	2.630738
0.092694	4.400326
0.088718	2.630162
0.088718	2.902604
0.088718	9.050387
0.088718	2.110274
0.088718	4.067870
0.088718	2.137628
0.088718	2.111326
0.088718	6.517552
0.088718	9.404154
0.088718	23.158409
0.088718	6.671312
0.175597	7.237904
0.175597	12.563662
0.175597	20.221523
0.175597	0.000000
0.175597	0.000000
0.175597	0.000000
0.175597	0.000000
0.197186	1.342906
0.197186	0.000000
0.197186	0.000000
0.197186	0.391603
0.197186	22.930653
0.197186	0.000000
0.197186	1.711547
0.334259	0.000000
0.334259	0.000000
0.334259	5.989516
0.334259	0.000000
0.334259	0.334080
0.172552	0.000000
0.172552	0.000000
0.172552	0.000000
0.172552	0.000000
0.148836	0.000000
0.148836	0.000000
0.148836	3.137491
0.148836	7.111240
0.148836	0.000000
0.168490	9.420556
0.168490	9.074653
0.168490	0.000000
0.168490	0.000000
0.168490	0.000000
0.168490	0.000000
0.168490	0.000000
0.187410	0.000000
0.187410	0.000000
0.187410	0.000000
0.187410	0.000000
0.187410	0.000000
0.187410	0.000000
0.187410	0.000000
0.189725	0.000000
0.189725	0.000000
0.189725	0.000000
0.189725	0.000000
0.189725	0.000000
0.189725	0.000000
0.189725	12.935224
0.189725	9.835781
0.189725	0.000000
0.207682	0.000000
0.207682	0.000000
0.207682	0.000000
0.207682	1.381161
0.207682	8.919907
0.207682	0.000000
0.195943	4.290372
0.195943	27.137127
0.195943	0.000000
0.195943	3.633498
0.195943	0.000000
0.195943	0.000000
0.195943	9.046762
0.195943	0.000000
0.195943	0.000000
0.195943	0.000000
0.195943	0.000000
0.195943	0.000000
0.116852	0.000000
0.116852	8.588277
0.116852	1.997394
0.116852	0.000000
0.116852	0.000000
0.116852	0.000000
0.116852	14.241758
0.147537	0.924764
0.147537	5.938362
0.147537	7.881061
0.147537	18.088436
0.147537	36.962704
0.147537	0.000000
0.147537	0.000000
0.147537	17.274588
0.124019	20.714035
0.124019	6.354720
0.124019	0.324856
0.124019	8.954693
0.124019	32.774609
0.124019	21.545225
0.124019	0.000000
0.124019	0.000000
0.124019	14.975515
0.124019	1.974287
0.124019	0.000000
0.157658	33.622002
0.157658	1.907878
0.157658	10.175724
0.157658	0.198992
0.157658	0.123382
0.157658	22.935205
0.157658	1.853532
0.157658	0.000000
0.160896	19.041620
0.160896	0.000000
0.160896	0.000000
0.160896	0.000000
0.160896	0.000000
0.160896	11.682165
0.160896	0.000000
0.160896	17.117754
0.160896	5.023104
0.160896	0.000000
0.160896	0.000000
0.053243	0.000000
0.053243	0.000000
0.053243	0.000000
0.053243	0.127395
0.053243	0.000000
0.127100	0.000000
0.127100	0.000000
0.127100	0.000000
0.127100	0.000000
0.127100	0.000000
0.127100	9.631113
0.127100	10.132236
0.138224	0.000000
0.138224	2.260170
0.138224	0.000000
0.138224	1.234290
0.138224	24.393326
0.138224	0.000000
0.138224	0.000000
0.138224	0.000000
0.138224	0.000000
0.138224	0.000000
0.138224	0.000000
0.152126	0.000000
0.152126	1.683606
0.152126	3.259339
0.152126	1.926687
0.139899	2.850461
0.139899	8.394384
0.139899	4.409866
0.139899	4.171024
0.139899	13.893046
0.139899	0.000000
0.139899	0.937337
0.139899	0.000000
0.139899	0.000000
0.139899	4.332983
0.139899	6.825593
0.156321	0.000000
0.156321	7.646495
0.156321	24.475851
0.156321	0.000000
0.156321	0.000000
0.156321	0.000000
0.156321	0.000000
0.156321	0.000000
0.170838	0.000000
0.170838	0.587463
0.170838	5.034471
0.170838	23.787306
0.170838	0.000000
0.170838	0.000000
0.170838	0.000000
0.207582	0.000000
0.207582	0.000000
0.207582	0.000000
0.207582	0.000000
0.207582	0.000000
0.207582	0.000000
0.207582	0.000000
0.334478	0.000000
0.334478	1.902806
0.334478	0.373694
0.334478	0.000000
0.430525	3.892615
0.430525	0.286539
0.430525	0.000000
0.430525	0.000000
0.430525	0.000000
0.231874	0.000000
0.231874	0.000000
0.231874	0.000000
0.231874	4.289299
0.231874	8.753820
0.231874	28.856558
0.231874	0.000000
0.231874	0.000000
0.233984	0.000000
0.233984	0.000000
0.233984	0.000000
0.233984	6.580887
0.233984	0.000000
0.233984	9.798675
0.233984	0.000000
0.320078	0.000000
0.320078	0.000000
0.320078	0.000000
0.320078	0.000000
0.320078	0.000000
0.320078	0.000000
0.320078	0.000000
0.320078	0.000000
0.320078	0.000000
0.320078	0.000000
0.320078	0.000000
0.220770	0.000000
0.220770	0.000000
0.220770	0.000000
0.220770	0.000000
0.220770	0.000000
0.220770	0.000000
0.220770	0.000000
0.220770	0.000000
0.220770	6.101661
0.220770	0.000000
0.146845	0.000000
0.146845	0.000000
0.146845	0.000000
0.146845	0.000000
0.146845	0.000000
0.146845	0.000000
0.146845	0.000000
0.146845	0.000000
0.146845	0.000000
0.194658	0.000000
0.194658	0.000000
0.194658	0.000000
0.194658	0.000000
0.194658	0.000000
0.194658	0.000000
0.194658	0.000000
0.194658	0.000000
0.085502	0.000000
0.085502	0.000000
0.085502	0.000000
0.085502	0.460780
0.085502	0.000000
0.085502	17.645622
0.085502	0.000000
0.122882	0.000000
0.122882	0.000000
0.122882	3.868160
0.122882	0.000000
0.122882	0.000000
0.122882	0.000000
0.122882	9.724660
0.151304	15.828259
0.151304	0.000000
0.151304	0.000000
0.151304	0.000000
0.151304	0.000000
0.151304	0.000000
0.151304	0.000000
0.151304	0.000000
0.126445	0.000000
0.126445	0.000000
0.126445	0.000000
0.126445	0.000000
0.126445	0.000000
0.126445	0.000000
0.126445	0.000000
0.155037	0.000000
0.155037	0.000000
0.155037	0.000000
0.155037	0.000000
0.155037	0.000000
0.155037	0.000000
0.155037	0.000000
0.155037	0.000000
0.285469	0.000000
0.285469	0.000000
0.285469	1.992093
0.285469	5.039891
0.285469	14.365289
0.285469	0.000000
0.285469	0.000000
0.285469	0.000000
0.285469	0.000000
0.285469	0.000000
0.285469	17.864202
0.299570	0.000000
0.299570	0.000000
0.299570	0.000000
0.299570	0.000000
0.299570	0.000000
0.299570	0.000000
0.299570	0.000000
0.175840	0.000000
0.175840	0.000000
0.175840	0.000000
0.175840	0.000000
0.234977	0.000000
0.234977	0.000000
0.234977	0.000000
0.234977	0.000000
0.234977	0.000000
0.234977	3.523191
0.234977	0.000000
0.234977	0.000000
0.155244	0.000000
0.155244	0.000000
0.155244	0.000000
0.155244	0.000000
0.155244	0.000000
0.155244	0.000000
0.155244	0.000000
0.172736	7.784860
0.172736	2.207312
0.172736	0.000000
0.172736	0.740803
0.172736	0.000000
0.172736	0.000000
0.172736	1.360913
0.172736	6.755527
0.195178	6.633622
0.195178	6.649851
0.195178	3.049480
0.195178	8.738635
0.195178	3.088972
0.195178	3.064595
0.195178	7.214964
0.195178	7.453430
0.181245	6.453282
0.181245	6.381877
0.181245	10.531137
0.181245	12.353118
0.181245	9.710526
0.181245	14.119228
0.181245	29.139870
0.181245	2.596835
0.181245	7.606841
0.287286	1.680409
0.287286	2.043866
0.287286	7.090457
0.287286	15.408609
0.287286	5.794844
0.287286	9.183243
0.287286	12.300203
0.287286	0.000000
0.287286	0.000000
0.287286	0.000000
0.287286	0.000000
0.106524	0.000000
0.106524	0.000000
0.106524	0.000000
0.106524	0.000000
0.106524	0.000000
0.106524	0.000000
0.106524	0.000000
0.106524	22.677765
0.106524	0.000000
0.106524	6.556405
0.106524	13.189173
0.171609	6.779588
0.171609	22.546394
0.171609	30.588852
0.171609	3.259359
0.171609	13.029160
0.171609	7.560811
0.171609	18.020653
0.171609	28.577780
0.242759	0.000000
0.242759	25.880592
0.242759	0.178866
0.242759	16.893620
0.242759	0.755305
0.242759	6.995889
0.242759	1.205444
0.242759	2.519161
0.140154	9.458787
0.140154	15.892533
0.140154	6.374429
0.140154	9.552988
0.140154	27.002941
0.140154	4.191596
0.140154	0.638728
0.130519	0.000000
0.130519	5.078050
0.130519	4.414079
0.130519	9.405143
0.130519	8.287600
0.130519	20.534548
0.130519	36.416523
0.130519	0.000000
0.130519	0.000000
0.141786	0.000000
0.141786	0.000000
0.141786	1.298576
0.141786	0.000000
0.141786	0.000000
0.141786	2.208122
0.141786	0.167202
0.141786	6.861190
0.119375	6.564032
0.119375	5.258455
0.119375	24.372480
0.119375	23.959930
0.119375	1.553800
0.119375	0.000000
0.217221	0.000000
0.217221	0.555042
0.217221	6.178904
0.217221	0.000000
0.217221	5.290600
0.217221	7.947450
0.217221	0.000000
0.217221	0.000000
0.236466	0.000000
0.236466	0.000000
0.236466	1.065047
0.236466	0.000000
0.236466	29.155418
0.236466	1.799304
0.236466	2.121374
0.236466	1.037154
0.236466	4.322199
0.236466	14.955990
0.217817	4.603849
0.217817	5.523072
0.217817	27.860588
0.217817	0.000000
0.217817	0.000000
0.221939	0.000000
0.221939	0.000000
0.221939	4.938521
0.221939	2.598740
0.221939	21.847179
0.221939	21.124756
0.221939	0.000000
0.221939	0.000000
0.221939	0.000000
0.120332	0.000000
0.120332	0.000000
0.120332	0.000000
0.120332	2.671158
0.120332	0.000000
0.120332	0.000000
0.120332	0.000000
0.120332	0.000000
0.191840	0.000000
0.191840	0.000000
0.191840	0.000000
0.191840	0.000000
0.191840	0.000000
0.191840	0.000000
0.165434	0.000000
0.165434	0.000000
0.165434	0.000000
0.165434	0.000000
0.165434	0.000000
0.165434	0.000000
0.165434	0.000000
0.148051	0.000000
0.148051	0.000000
0.148051	0.000000
0.148051	0.000000
0.148051	1.841462
0.148051	2.705937
0.148051	2.234945
0.163351	2.940279
0.163351	3.695434
0.163351	4.724774
0.163351	6.646178
0.163351	9.412887
0.163351	1.916878
0.163351	3.081121
0.163351	2.271016
0.143218	3.042321
0.143218	4.494115
0.143218	5.491864
0.143218	6.984488
0.143218	8.753832
0.160120	8.909082
0.160120	9.211159
0.160120	8.643026
0.160120	9.045794
0.160120	10.162831
0.160120	8.839104
0.160120	10.015776
0.160120	8.706530
0.154670	0.000000
0.154670	0.000000
0.154670	0.000000
0.154670	0.000000
0.154670	0.688636
0.154670	1.251014
0.154670	5.106597
0.154670	3.410888
0.171763	4.088601
0.171763	3.235300
0.171763	6.348015
0.171763	5.367932
0.171763	5.488265
0.171763	7.478066
0.171763	8.459671
0.115875	9.455759
0.115875	10.113495
0.115875	9.039183
0.115875	9.316895
0.115875	10.853615
0.115875	8.935476
0.115875	11.425850
0.196343	9.127073
0.196343	8.857757
0.196343	10.168150
0.196343	6.943054
0.196343	6.775763
0.196343	2.541531
0.196343	1.100065
0.196343	0.000000
0.202079	0.000000
0.202079	11.812228
0.202079	13.125071
0.202079	20.965431
0.202079	11.204056
0.515549	12.116681
0.515549	10.540270
0.515549	11.349310
0.515549	17.463882
0.515549	17.368187
0.515549	32.746254
0.515549	14.065433
0.515549	14.937780
0.515549	14.085594
0.515549	14.810506
0.515549	15.843403
0.515549	14.475598
0.235679	18.168497
0.235679	14.919856
0.235679	0.000000
0.235679	0.017196
0.235679	0.000000
0.235679	0.000000
0.235679	1.683540
0.299767	0.000000
0.299767	0.724679
0.299767	0.000000
0.299767	0.340744
0.299767	1.200081
0.299767	0.028846
0.299767	6.710688
0.074683	8.037594
0.074683	6.179490
0.074683	10.366357
0.074683	8.712790
0.116479	28.795509
0.116479	16.487659
0.116479	11.472438
0.116479	16.095844
0.116479	11.749252
0.116479	24.810259
0.116479	18.959793
0.116479	14.539371
0.116479	23.638233
0.116479	19.092022
0.116479	40.605366
0.116479	24.628538
0.181188	13.585117
0.181188	15.439449
0.181188	13.803480
0.181188	20.489546
0.181188	25.052017
0.181188	24.906139
0.181188	21.220074
0.181188	16.896175
0.181188	19.158245
0.181188	24.657433
0.181188	22.778086
0.236186	11.597065
0.236186	15.165142
0.236186	11.091231
0.236186	12.471773
0.236186	16.585752
0.176117	11.367344
0.176117	23.569035
0.176117	14.743591
0.176117	29.484791
0.325724	15.800845
0.325724	22.381121
0.325724	10.022257
0.325724	13.515003
0.325724	10.823809
0.325724	12.143474
0.325724	22.919806
0.325724	26.053677
0.291902	22.546989
0.291902	13.780666
0.291902	14.209743
0.291902	12.651001
0.291902	13.116315
0.291902	16.433540
0.182058	12.121209
0.182058	15.489086
0.182058	15.640766
0.182058	20.016598
0.182058	17.270384
0.126513	26.535147
0.126513	0.000000
0.126513	0.000000
0.126513	0.000000
0.126513	0.000000
0.126513	0.000000
0.126513	2.619721
0.126513	3.248125
0.126513	9.036257
0.126513	9.456764
0.126513	9.113499
0.126513	9.422300
0.138573	12.128949
0.138573	0.000000
0.138573	0.000000
0.138573	0.000000
0.138573	0.000000
0.138573	0.000000
0.138573	1.786712
0.138573	1.538380
0.138573	1.035442
0.138573	2.174691
0.138573	0.454199
0.232490	0.948939
0.232490	6.619934
0.232490	3.679637
0.232490	2.266408
0.232490	3.344160
0.232490	2.362952
0.232490	2.360050
0.232490	4.168670
0.232490	5.307250
0.232490	8.367653
0.232490	9.076798
0.192965	4.774708
0.192965	8.174269
0.192965	4.919368
0.192965	4.596505
0.192965	0.000000
0.192965	0.000000
0.192965	0.000000
0.192965	0.000000
0.192965	0.000000
0.192965	0.000000
0.192917	0.000000
0.192917	0.000000
0.192917	0.000000
0.192917	0.720445
0.192917	0.000000
0.192917	6.076388
0.192917	6.788980
0.307759	5.964198
0.307759	6.678359
0.307759	11.325426
0.307759	0.000000
0.307759	0.000000
0.307759	0.000000
0.307759	0.000000
0.307759	0.000000
0.253030	17.959572
0.253030	0.000000
0.253030	3.960828
0.253030	5.397393
0.253030	3.628190
0.253030	9.991900
0.253030	15.825911
0.253030	8.936300
0.149444	14.069668
0.149444	29.525675
0.149444	2.366419
0.149444	3.426370
0.149444	2.315450
0.149444	12.066107
0.149444	12.064181
0.149444	5.616144
0.149444	21.238106
0.397935	11.053535
0.397935	39.034668
0.397935	3.626087
0.397935	8.475709
0.397935	3.756168
0.397935	4.156782
0.397935	13.085674
0.397935	16.427750
0.397935	15.670641
0.173796	27.546692
0.173796	41.770264
0.173796	6.800058
0.173796	3.165558
0.173796	2.398548
0.173796	6.009790
0.173796	7.496690
0.173796	6.179107
0.183732	6.603803
0.183732	10.108384
0.183732	0.000000
0.183732	0.000000
0.183732	0.000000
0.190534	0.000000
0.190534	2.392785
0.190534	2.650636
0.190534	1.109072
0.190534	3.308297
0.190534	2.139415
0.190534	0.000000
0.190534	0.000000
0.190534	0.000000
0.305226	0.000000
0.305226	0.000000
0.305226	0.000000
0.305226	0.000000
0.305226	0.000000
0.160921	0.000000
0.160921	0.000000
0.160921	0.000000
0.160921	0.000000
0.160921	3.377615
0.160921	0.000000
0.160921	0.183477
0.160921	0.000000
0.131850	0.000000
0.131850	0.000000
0.131850	0.000000
0.131850	0.000000
0.131850	0.000000
0.131850	0.000000
0.131850	0.000000
0.210900	0.000000
0.210900	0.000000
0.210900	0.000000
0.210900	0.000000
0.210900	0.428576
0.210900	0.000000
0.210900	0.000000
0.210900	0.000000
0.210900	0.000000
0.210900	0.000000
0.165024	0.000000
0.165024	0.000000
0.165024	0.000000
0.165024	0.000000
0.165024	0.000000
0.165024	0.000000
0.165024	0.000000
0.165024	6.289259
0.154267	0.000000
0.154267	0.000000
0.154267	0.000000
0.154267	0.000000
0.154267	1.041888
0.154267	0.000000
0.154267	3.914618
0.154267	5.156122
0.154267	3.632907
0.154267	7.254474
0.154267	6.949115
0.207802	8.656901
0.207802	0.000000
0.207802	0.000000
0.207802	0.000000
0.207802	15.429495
0.207802	0.000000
0.207802	20.170576
0.397262	1.486166
0.397262	2.925863
0.397262	10.692276
0.397262	4.375324
0.397262	18.247288
0.397262	7.884750
0.397262	12.906280
0.397262	3.057920
0.142840	4.961209
0.142840	12.366571
0.142840	0.000000
0.142840	12.226148
0.142840	0.000000
0.142840	8.573788
0.142840	0.000000
0.248955	0.000000
0.248955	0.000000
0.248955	0.000000
0.248955	0.000000
0.248955	0.610346
0.248955	0.000000
0.248955	14.860674
0.248955	22.775476
0.248955	0.000000
0.258388	0.000000
0.258388	0.000000
0.258388	0.000000
0.258388	4.878782
0.258388	2.072959
0.258388	0.000000
0.258388	0.000000
0.258388	0.000000
0.141574	0.000000
0.141574	0.000000
0.141574	0.000000
0.141574	0.000000
0.141574	0.000000
0.141574	0.000000
0.141574	0.000000
0.141574	0.000000
0.141574	0.000000
0.141574	0.000000
0.141574	0.000000
0.201058	0.000000
0.201058	0.000000
0.201058	0.000000
0.201058	0.000000
0.201058	0.000000
0.201058	0.308057
0.201058	0.000000
0.201058	3.642431
0.201058	4.874761
0.201058	3.384796
0.201058	3.576633
0.201058	7.071982
0.160267	3.610514
0.160267	4.205463
0.160267	3.492114
0.160267	3.223355
0.160267	6.125367
0.160267	6.263536
0.160267	5.033647
0.203694	4.694318
0.203694	4.187758
0.203694	5.179325
0.203694	20.011702
0.203694	0.000000
0.203694	0.000000
0.203694	0.000000
0.203694	0.341339
0.203694	0.000000
0.203694	4.034352
0.203694	1.058141
0.160198	22.657978
0.160198	8.262117
0.160198	0.000000
0.160198	22.847008
0.160198	0.000000
0.235332	20.080986
0.235332	0.000000
0.235332	0.000000
0.235332	0.000000
0.235332	0.000000
0.235332	0.000000
0.235332	3.915664
0.235332	0.000000
0.235332	13.117209
0.235332	0.000000
0.235332	0.000000
0.232088	2.468873
0.232088	0.000000
0.232088	0.000000
0.232088	3.111542
0.412510	4.018688
0.412510	2.498723
0.412510	2.720094
0.412510	7.208659
0.336384	0.000000
0.336384	0.000000
0.336384	0.000000
0.336384	0.000000
0.336384	0.000000
0.336384	0.000000
0.336384	0.000000
0.336384	0.000000
0.272230	0.000000
0.272230	12.536217
0.272230	12.765917
0.272230	0.358486
0.272230	1.508003
0.272230	0.518639
0.272230	2.216733
0.272230	5.589319
0.272230	8.040138
0.272230	1.529709
0.272230	7.380484
0.272230	5.586153
0.246581	10.949450
0.246581	15.602976
0.246581	5.115788
0.246581	4.464988
0.246581	11.036635
0.246581	0.685389
0.246581	21.869373
0.246581	0.000000
0.173136	6.343353
0.173136	0.000000
0.173136	0.009648
0.173136	0.000000
0.173136	0.000000
0.173136	11.452031
0.173136	13.844075
0.173136	3.255212
0.173136	22.039249
0.173136	23.553236
0.173136	0.000000
0.155807	0.000000
0.155807	0.000000
0.155807	9.252203
0.155807	12.943189
0.155807	6.898844
0.155807	0.000000
0.155807	4.330562
0.155807	0.000000
0.113660	6.168803
0.113660	8.461428
0.113660	6.167316
0.113660	6.727312
0.113660	9.267677
0.113660	7.754736
0.113660	12.156865
0.113660	18.600555
0.113660	10.373324
0.111926	9.083245
0.111926	7.375957
0.111926	12.695454
0.111926	24.401651
0.111926	21.543865
0.111926	14.045173
0.111926	25.720047
0.111926	19.597357
0.111926	4.437365
0.133891	5.008593
0.133891	4.103813
0.133891	7.036571
0.133891	5.375342
0.133891	8.368664
0.133891	9.139351
0.133891	3.265344
0.133891	6.698534
0.273613	2.516723
0.273613	4.386765
0.273613	9.686701
0.273613	9.768983
0.273613	4.739984
0.108554	2.601153
0.108554	1.071334
0.108554	7.344686
0.108554	25.659431
0.230679	24.675159
0.230679	5.900478
0.230679	26.046097
0.230679	14.431891
0.230679	1.549905
0.230679	2.747782
0.230679	0.000000
0.230679	0.000000
0.126217	5.189221
0.126217	0.819566
0.126217	0.512950
0.126217	15.063074
0.126217	1.099094
0.126217	0.029369
0.126217	0.000000
0.126217	0.000000
0.092945	0.000000
0.092945	5.076086
0.092945	1.003787
0.092945	0.492511
0.092945	21.417048
0.092945	21.533770
0.092945	0.000000
0.092945	1.266436
0.092945	0.000000
0.092945	0.000000
0.092945	10.987762
0.130369	1.561743
0.130369	1.262503
0.130369	15.004244
0.130369	0.000000
0.130369	0.000000
0.130369	0.000000
0.130369	0.000000
0.130369	0.000000
0.130369	0.000000
0.104050	3.155459
0.104050	2.322192
0.104050	0.000000
0.104050	0.000000
0.104050	0.000000
0.104050	3.434408
0.104050	3.775849
0.104050	2.304377
0.123230	17.984699
0.123230	0.000000
0.123230	0.289940
0.123230	0.000000
0.123230	6.348375
0.123230	2.828060
0.123230	4.512155
0.123230	12.957207
0.106114	24.010563
0.106114	49.073395
0.106114	1.686156
0.106114	2.516839
0.106114	2.065132
0.106114	2.416574
0.106114	4.714847
0.106114	2.867068
0.106114	2.817133
0.147705	3.372251
0.147705	2.876456
0.147705	3.735356
0.147705	8.985292
0.147705	4.563282
0.147705	12.311704
0.147705	22.669342
0.147705	5.470668
0.198547	6.183794
0.198547	5.467671
0.198547	5.948755
0.198547	8.516026
0.198062	7.147292
0.198062	12.217950
0.198062	10.585073
0.198062	10.159266
0.198062	10.574110
0.198062	9.993305
0.198062	10.716393
0.198062	11.847468
0.065329	13.638025
0.065329	14.724586
0.065329	11.260748
0.065329	11.633675
0.098453	11.087948
0.098453	11.885151
0.098453	13.104376
0.098453	12.353537
0.098453	17.354244
0.098453	13.253073
0.098453	14.415535
0.144958	13.612970
0.144958	14.969266
0.144958	18.731028
0.144958	17.678356
0.144958	13.751687
0.144958	18.694763
0.144958	13.557206
0.144958	11.405981
0.344923	10.982442
0.344923	10.245744
0.344923	13.100497
0.344923	18.069294
0.344923	14.027965
0.344923	45.099148
0.344923	16.199850
0.344923	13.557521
0.344923	20.079052
0.314563	13.851435
0.314563	22.115276
0.314563	14.309591
0.314563	15.920897
0.314563	13.235958
0.314563	23.091591
0.314563	35.549706
0.314563	25.487669
0.314563	11.623163
0.179113	14.543950
0.179113	10.683487
0.179113	13.386961
0.179113	23.268429
0.179113	17.894487
0.156854	15.690527
0.156854	14.726496
0.156854	14.886342
0.156854	19.979229
0.156854	25.638418
0.156854	22.921810
0.156854	36.032486
0.156854	22.962662
0.194549	18.365854
0.194549	29.029625
0.194549	48.728081
0.194549	7.916890
0.194549	9.356400
0.194549	6.846951
0.294120	7.485091
0.294120	11.129155
0.294120	27.709248
0.294120	32.754093
0.294120	4.010635
0.167382	6.291636
0.167382	4.197223
0.167382	4.925255
0.167382	22.453405
0.167382	34.967232
0.167382	22.570168
0.167382	5.530468
0.167382	6.050636
0.140512	4.083759
0.140512	5.233344
0.140512	14.230032
0.140512	15.287790
0.140512	12.019936
0.140512	32.302528
0.140512	32.119099
0.140512	6.150307
0.140512	6.866363
0.140512	5.770022
0.140512	6.620290
0.140512	8.325150
0.169247	14.121122
0.169247	13.949706
0.169247	6.306162
0.169247	7.184038
0.169247	5.736534
0.169247	6.588118
0.169247	7.862827
0.169247	26.868488
0.169247	15.604432
0.169247	6.504783
0.169247	10.684859
0.169247	6.956158
0.173043	9.081514
0.173043	18.127594
0.173043	22.561077
0.173043	26.188189
0.173043	6.268616
0.173043	12.990772
0.173043	41.311760
0.173043	27.129282
0.173043	2.796678
0.173043	3.540205
0.173043	2.850302
0.173043	3.467026
0.289093	5.208653
0.289093	17.346142
0.289093	22.182707
0.289093	7.451541
0.289093	6.240037
0.289093	7.556695
0.283405	5.853788
0.283405	7.079952
0.283405	8.020751
0.283405	11.994102
0.283405	12.145185
0.283405	2.631522
0.283405	2.995892
0.195147	2.089198
0.195147	3.248267
0.195147	11.970232
0.195147	3.990209
0.193839	33.352249
0.193839	23.058840
0.193839	2.289718
0.193839	3.443863
0.196937	1.791046
0.196937	2.515507
0.196937	10.469301
0.196937	14.930260
0.196937	3.523735
0.196937	4.835418
0.196937	3.546884
0.131927	3.817067
0.131927	7.369088
0.131927	4.239572
0.131927	4.516202
0.131927	5.822699
0.131927	2.806772
0.131927	3.328312
0.131927	2.145508
0.131927	2.520942
0.162183	6.659689
0.162183	5.654073
0.162183	6.230395
0.162183	22.276264
0.162183	1.025795
0.162183	2.913610
0.162183	0.100177
0.162183	0.230929
0.221185	5.235442
0.221185	6.698929
0.221185	4.793471
0.221185	20.456108
0.221185	34.588470
0.221185	0.000000
0.221185	1.473637
0.311442	0.000000
0.311442	1.519359
0.311442	2.504994
0.311442	7.908012
0.311442	3.115056
0.311442	20.715284
0.311442	21.167898
0.171289	0.000000
0.171289	0.000000
0.171289	0.000000
0.171289	0.000000
0.171289	1.398954
0.171289	0.954915
0.171289	3.065660
0.171289	3.091145
0.167694	0.000000
0.167694	0.000000
0.167694	0.000000
0.167694	0.000000
0.167694	2.600871
0.422014	0.000000
0.422014	3.430404
0.422014	5.410487
0.422014	16.177361
0.422014	25.583439
0.422014	27.079590
0.422014	0.000000
0.422014	0.000000
0.422014	0.000000
0.422014	13.838731
0.422014	17.850807
0.229008	25.875080
0.229008	0.000000
0.229008	0.000000
0.229008	0.000000
0.229008	17.834314
0.229008	0.000000
0.162245	0.000000
0.162245	4.893338
0.162245	0.757830
0.162245	0.000000
0.162245	0.000000
0.162245	0.000000
0.162245	0.000000
0.162245	9.692945
0.162245	22.645636
0.162245	13.142124
0.162245	0.994974
0.118259	1.275199
0.118259	0.610765
0.118259	4.298102
0.118259	2.287592
0.118259	4.272375
0.118259	5.058790
0.118259	0.198192
0.118259	2.471894
0.132696	0.037974
0.132696	15.445355
0.132696	2.430725
0.132696	0.417335
0.132696	7.036600
0.132696	5.809468
0.132696	35.631607
0.132696	21.556702
0.120219	2.075798
0.120219	12.514962
0.120219	2.072388
0.120219	2.880296
0.120219	6.762855
0.120219	5.089343
0.155220	4.616462
0.155220	20.757961
0.155220	10.485649
0.155220	7.570876
0.155220	11.407087
0.155220	14.037857
0.155220	13.192997
0.155220	16.296785
0.117855	12.992540
0.117855	12.819359
0.117855	16.896454
0.117855	23.530788
0.117855	26.621149
0.117855	13.322031
0.117855	14.565812
0.117855	35.006458
0.117855	15.847506
0.151733	15.760824
0.151733	12.548589
0.151733	11.595777
0.151733	23.499859
0.151733	24.243835
0.151733	16.440987
0.151733	12.953239
0.151733	13.838787
0.128685	12.758991
0.128685	13.550780
0.128685	14.692548
0.128685	23.006498
0.128685	16.399015
0.128685	14.387121
0.128685	19.491497
0.128685	13.966347
0.247337	18.715008
0.247337	15.584921
0.247337	16.879263
0.247337	14.720371
0.247337	15.044861
0.247337	17.320015
0.275437	15.754289
0.275437	17.559513
0.275437	15.922179
0.275437	15.005100
0.275437	14.417126
0.275437	15.063824
0.275437	19.813381
0.275437	14.716428
0.275437	15.774170
0.110111	14.734488
0.110111	15.519573
0.110111	18.645971
0.110111	14.494520
0.110111	15.200932
0.137023	13.842911
0.137023	14.338606
0.137023	15.917460
0.137023	21.017302
0.137023	19.956415
0.482661	14.828424
0.482661	15.574886
0.482661	14.615499
0.482661	15.768965
0.482661	16.190474
0.482661	14.900561
0.482661	14.926071
0.482661	15.662805
0.482661	14.264143
0.482661	15.328754
0.482661	14.321254
0.136328	15.215806
0.136328	15.900006
0.136328	16.547581
0.136328	17.815336
0.136328	17.577866
0.136328	10.910341
0.136328	12.239983
0.136328	11.451609
0.136328	12.072698
0.136328	14.454157
0.136328	15.300814
0.121530	12.283306
0.121530	13.685858
0.121530	12.454231
0.121530	13.329664
0.121530	15.048138
0.121530	13.981310
0.121530	18.023811
0.121530	24.475531
0.121530	8.202773
0.142492	8.605989
0.142492	7.446464
0.142492	8.146144
0.142492	9.497808
0.142492	12.184482
0.142492	12.339603
0.142492	11.302454
0.142492	12.310699
0.142492	11.586229
0.142492	12.299704
0.142492	14.616283
0.142492	6.298311
0.069584	7.162452
0.069584	5.839999
0.069584	22.403500
0.069584	19.358681
0.069584	8.467800
0.069584	15.064825
0.069584	5.245163
0.069584	13.550838
0.191380	9.773399
0.191380	16.051956
0.191380	7.570081
0.191380	25.925797
0.191380	6.095223
0.191380	13.592983
0.191380	12.123369
0.191380	13.384029
0.191380	12.020653
0.167276	12.461483
0.167276	16.157001
0.167276	7.933403
0.167276	8.806866
0.149847	7.784799
0.149847	8.173564
0.149847	12.573448
0.149847	9.430561
0.149847	11.045848
0.149847	13.627663
0.149847	11.454550
0.149847	11.875647
0.149847	10.684767
0.202906	11.128105
0.202906	15.311300
0.202906	10.867243
0.202906	11.736569
0.202906	10.961871
0.202906	11.537825
0.202906	14.063112
0.202906	10.658382
0.155137	12.084182
0.155137	13.274848
0.155137	12.568995
0.155137	13.623151
0.155137	11.785628
0.155137	13.347475
0.155137	10.915289
0.155137	11.438274
0.155137	10.610331
0.155137	11.332932
0.155137	13.711533
0.213138	9.777210
0.213138	13.367580
0.213138	12.989729
0.213138	15.223821
0.213138	12.788086
0.213138	10.535629
0.213138	12.512665
0.125452	13.766160
0.125452	14.608193
0.125452	13.429030
0.125452	13.923529
0.125452	15.559324
0.125452	16.135277
0.125452	14.498409
0.125452	13.842855
0.125452	16.230921
0.125452	12.397676
0.125452	12.520397
0.139346	11.384356
0.139346	15.103043
0.139346	15.204750
0.139346	15.228811
0.139346	17.471649
0.139346	18.173714
0.139346	13.555212
0.139346	18.494606
0.115078	13.968155
0.115078	17.676304
0.115078	14.200805
0.115078	15.337398
0.115078	13.568213
0.115078	14.908681
0.115078	14.419885
0.115078	15.439066
0.115078	19.580494
0.115078	17.678905
0.115078	7.664122
0.082688	8.625070
0.082688	7.752224
0.082688	7.638494
0.082688	9.330621
0.082688	7.852078
0.082688	8.625949
0.082688	12.952650
0.082688	18.491753
0.082688	15.873856
0.082688	8.902180
0.082688	9.348604
0.082688	8.300189
0.116229	8.576320
0.116229	11.205987
0.116229	12.217196
0.116229	2.639211
0.116229	3.677376
0.116229	2.514697
0.116229	3.809160
0.116229	5.983349
0.116058	1.858964
0.116058	5.441401
0.116058	3.121028
0.116058	7.068181
0.116058	2.417089
0.116058	5.781381
0.116058	7.207875
0.116058	6.572206
0.116058	7.872008
0.116058	9.605700
0.116058	10.105067
0.065862	9.549518
0.065862	10.672809
0.065862	11.202462
0.065862	10.733450
0.065862	11.738161
0.065862	12.784306
0.065862	6.378363
0.065862	7.179953
0.065862	6.021115
0.065862	6.739721
0.065862	7.863131
0.103172	10.747938
0.103172	11.069487
0.103172	10.035784
0.103172	10.867983
0.103172	9.911407
0.103172	10.999146
0.128333	13.698010
0.128333	7.631859
0.128333	9.401423
0.128333	6.948484
0.128333	7.357871
0.084299	7.857049
0.084299	8.126883
0.084299	7.522188
0.084299	7.769109
0.084299	10.285538
0.084299	12.712868
0.084299	15.564615
0.183693	13.093781
0.183693	13.549484
0.183693	11.634496
0.183693	13.236165
0.183693	10.916541
0.183693	11.881144
0.183693	13.388927
0.183693	16.422541
0.147281	14.914129
0.147281	16.465340
0.147281	10.530881
0.147281	11.448902
0.147281	10.426558
0.147281	11.366055
0.147281	12.239148
0.070644	12.806535
0.070644	15.215866
0.070644	14.839914
0.070644	8.748388
0.070644	9.548289
0.070644	8.247506
0.073858	8.641962
0.073858	10.211231
0.073858	14.201888
0.073858	13.546705
0.073858	7.969095
0.073858	8.851830
0.073858	7.639817
0.094829	19.989481
0.094829	21.297562
0.094829	11.547113
0.094829	23.802336
0.094829	9.757225
0.094829	13.097971
0.094829	9.963822
0.094829	16.892254
0.109452	12.985746
0.109452	13.549403
0.109452	12.625465
0.109452	16.080946
0.109452	18.822525
0.109452	10.816792
0.109452	12.074501
0.117701	11.313793
0.117701	11.383612
0.117701	14.090014
0.117701	5.454402
0.117701	23.111513
0.117701	6.691718
0.117701	18.545271
0.117701	6.344889
0.151650	10.749868
0.151650	6.231465
0.151650	12.896772
0.151650	6.398085
0.151650	7.187331
0.151650	6.268292
0.151650	7.225679
0.151650	7.816405
0.151650	23.753902
0.369167	27.824747
0.369167	6.097539
0.369167	6.169587
0.369167	5.224888
0.369167	12.008610
0.369167	9.760117
0.369167	6.758789
0.369167	13.399897
0.117508	8.914036
0.117508	2.809127
0.117508	3.542690
0.117508	2.455615
0.117508	3.151367
0.117508	8.551506
0.551246	6.285584
0.551246	9.024701
0.551246	8.578714
0.551246	7.060028
0.551246	8.521946
0.551246	6.759904
0.551246	7.630923
0.551246	10.811111
0.551246	10.136996
0.551246	8.844381
0.551246	9.250404
0.551246	0.000000
0.551246	0.000000
0.551246	0.000000
0.155835	0.546713
0.155835	0.635704
0.155835	2.864084
0.155835	2.055566
0.354274	0.000000
0.354274	1.094432
0.354274	0.000000
0.354274	19.010521
0.354274	11.839167
0.354274	2.171732
0.354274	24.216085
0.354274	0.000000
0.354274	8.982039
0.354274	2.176481
0.354274	5.704942
0.144169	4.859056
0.144169	19.466002
0.144169	2.803054
0.144169	2.072727
0.144169	1.146174
0.144169	10.174772
0.144169	1.726810
0.144169	3.756824
0.126816	26.307903
0.126816	28.623480
0.126816	26.000261
0.126816	8.200727
0.126816	6.556661
0.126816	5.070672
0.066097	17.960302
0.066097	12.797456
0.066097	3.778157
0.066097	7.407511
0.066097	11.946001
0.066097	6.752373
0.066097	6.914282
0.160214	7.359040
0.160214	10.303446
0.160214	11.908912
0.160214	9.457088
0.160214	10.120232
0.193265	15.493817
0.193265	13.717051
0.193265	15.743425
0.193265	18.535635
0.193265	10.223603
0.193265	9.499974
0.193265	8.192308
0.193265	9.620333
0.226255	12.156913
0.226255	12.897387
0.226255	18.309597
0.226255	13.040213
0.226255	6.873400
0.226255	8.231831
0.226255	7.012191
0.226255	7.335979
0.226255	10.009083
0.093249	15.484526
0.093249	11.254750
0.093249	13.285327
0.093249	4.957520
0.093249	5.755415
0.093249	4.735832
0.093249	5.689486
0.093249	8.790840
0.093249	5.460655
0.226550	11.116133
0.226550	11.324614
0.226550	10.245610
0.226550	10.446610
0.226550	12.105156
0.226550	12.617177
0.178421	12.625203
0.178421	10.967433
0.178421	12.561451
0.178421	16.869181
0.178421	21.934834
0.178421	10.247005
0.178421	10.383308
0.178421	9.755716
0.503443	10.946692
0.503443	11.526815
0.503443	11.944064
0.503443	12.211806
0.503443	11.171331
0.503443	12.492233
0.503443	17.913967
0.503443	15.877430
0.503443	3.405834
0.181565	4.136412
0.181565	3.066802
0.181565	3.450146
0.181565	4.867865
0.195288	8.428452
0.195288	7.607745
0.195288	3.844220
0.195288	4.835682
0.195288	3.981869
0.162213	4.509441
0.162213	5.843490
0.162213	6.730459
0.162213	9.885916
0.162213	10.186279
0.162213	11.189053
0.162213	11.802689
0.162213	11.363378
0.162213	11.385078
0.162213	14.465052
0.162213	9.008417
0.165081	9.885832
0.165081	9.097098
0.165081	9.529444
0.165081	13.849953
0.165081	6.560399
0.250017	8.453435
0.250017	7.285143
0.250017	9.154579
0.250017	11.483282
0.250017	7.466915
0.250017	6.768741
0.174825	8.527369
0.174825	4.770951
0.174825	7.007254
0.174825	4.461612
0.174825	4.204256
0.174825	20.178417
0.174825	5.784085
0.265996	4.489749
0.265996	8.446079
0.265996	8.279223
0.265996	8.036672
0.265996	5.718353
0.265996	4.873973
0.265996	17.931450
0.265996	11.262707
0.294783	22.001385
0.294783	7.392062
0.294783	13.495270
0.294783	40.781055
0.294783	38.337242
0.294783	0.000000
0.294783	0.000000
0.294783	0.000000
0.294783	0.000000
0.138387	0.000000
0.138387	16.830429
0.138387	6.422568
0.138387	24.628523
0.138387	0.000000
0.138387	0.000000
0.138387	0.000000
0.138387	0.000000
0.172022	0.915471
0.172022	0.000000
0.172022	2.787913
0.172022	2.001528
0.172022	4.080737
0.172022	5.687713
0.172022	3.952438
0.172022	4.340166
0.172022	10.669834
0.096102	0.000000
0.096102	0.000000
0.096102	0.000000
0.096102	0.000000
0.096102	3.153491
0.096102	0.623553
0.096102	0.000000
0.096102	12.838948
0.096102	2.410844
0.096102	2.628967
0.096102	3.895224
0.156010	2.885013
0.156010	2.919441
0.156010	6.289581
0.156010	8.514482
0.156010	5.593893
0.156010	2.008109
0.156010	5.268191
0.156010	16.650095
0.156010	32.400047
0.156010	0.741259
0.156010	1.720628
0.247461	0.757350
0.247461	1.561210
0.247461	2.298794
0.247461	3.610963
0.247461	5.454735
0.247461	6.054880
0.247461	5.247542
0.247461	7.097887
0.165551	5.469418
0.165551	9.737706
0.165551	13.478805
0.165551	1.153885
0.218182	5.446987
0.218182	0.476882
0.218182	12.607438
0.218182	19.577705
0.218182	1.838365
0.218182	19.163986
0.153033	5.017045
0.153033	34.804955
0.153033	0.308973
0.153033	1.031332
0.153033	0.544691
0.153033	1.538046
0.153033	2.392476
0.153033	2.626225
0.153033	1.657906
0.078503	15.885489
0.078503	19.587244
0.078503	0.972423
0.078503	1.405926
0.078503	0.581796
0.078503	4.732135
0.078503	2.030191
0.078503	3.913514
0.078503	5.591516
0.078503	6.694908
0.078503	2.790175
0.159450	4.306927
0.159450	3.314110
0.159450	3.808407
0.159450	12.377903
0.159450	9.735054
0.159450	7.338363
0.131061	32.432426
0.131061	22.334270
0.131061	6.993368
0.131061	6.333776
0.131061	5.736882
0.131061	9.737406
0.131061	15.859861
0.150547	18.481930
0.150547	25.152617
0.150547	6.054807
0.150547	7.106675
0.150547	5.946523
0.150547	6.906652
0.150547	8.262586
0.150547	9.364267
0.150547	14.001003
0.150547	14.121637
0.150547	6.948940
0.150547	12.331020
0.215847	7.643921
0.215847	15.572094
0.215847	32.732189
0.215847	34.322163
0.215847	17.223871
0.215847	11.496812
0.215847	13.996708
0.215847	12.389647
0.117161	18.595098
0.117161	12.433731
0.117161	10.864815
0.117161	14.849314
0.117161	20.043470
0.117161	15.177799
0.117161	16.133312
0.148185	13.501013
0.148185	15.071356
0.148185	22.702709
0.148185	16.676338
0.148185	19.469124
0.148185	36.677971
0.204369	31.735668
0.204369	11.329596
0.204369	11.185808
0.204369	10.186924
0.204369	12.025361
0.204369	12.311085
0.204369	15.011261
0.204369	22.296236
0.121080	12.390821
0.121080	14.019363
0.121080	19.162678
0.121080	17.282528
0.121080	9.130335
0.121080	11.702700
0.121080	9.466475
0.121080	11.662753
0.101039	11.468302
0.101039	9.614340
0.101039	11.268617
0.101039	9.488647
0.101039	9.081448
0.101039	10.584676
0.101039	9.883247
0.101039	14.482681
0.067554	16.898773
0.067554	12.057550
0.067554	10.823400
0.067554	14.781679
0.067554	13.731323
0.067554	16.763897
0.067554	20.724754
0.094990	20.712276
0.094990	20.098204
0.094990	23.753288
0.094990	18.008825
0.094990	26.177322
0.094990	35.492561
