Ground Truth	Predictions
0.131405	122.021194
0.131405	23.383789
0.131405	6.991408
0.131405	0.000000
0.131405	55.233459
0.131405	3.594705
0.131405	110.881668
0.202130	5.300721
0.202130	98.745041
0.202130	7.529509
0.202130	7.960611
0.202130	33.828182
0.202130	1.084275
0.202130	11.124568
0.202130	55.260525
0.202130	55.228935
0.110941	51.796139
0.110941	39.679630
0.110941	94.648819
0.110941	58.719845
0.110941	62.193775
0.110941	40.367542
0.110941	43.004654
0.110941	61.261440
0.110941	67.559280
0.110941	32.787266
0.110941	26.947872
0.110941	113.533234
0.110941	100.924118
0.110941	85.181458
0.278615	46.567650
0.278615	42.544243
0.278615	6.019108
0.278615	0.000000
0.278615	0.000000
0.278615	0.000000
0.278615	8.930819
0.278615	108.942108
0.278615	0.000000
0.100382	0.000000
0.100382	0.000000
0.100382	0.000000
0.100382	4.647630
0.100382	4.371650
0.100382	42.589169
0.100382	55.425323
0.100382	25.889679
0.100382	40.615906
0.100382	41.582668
0.100382	52.213757
0.128447	62.806293
0.128447	49.123356
0.128447	25.205940
0.128447	40.509731
0.128447	0.000000
0.128447	0.000000
0.128447	0.000000
0.135906	0.000000
0.135906	0.000000
0.135906	0.000000
0.135906	5.843380
0.135906	0.000000
0.135906	48.252232
0.135906	0.000000
0.135906	0.000000
0.109383	0.000000
0.109383	18.172583
0.109383	15.255133
0.109383	6.927050
0.109383	3.347335
0.109383	40.301701
0.109383	0.000000
0.109383	0.000000
0.082224	0.000000
0.082224	0.000000
0.082224	0.000000
0.082224	92.222565
0.082224	0.000000
0.082224	0.000000
0.082224	0.000000
0.147892	0.000000
0.147892	0.000000
0.147892	0.000000
0.147892	32.152145
0.147892	52.935123
0.147892	0.000000
0.147892	0.000000
0.147892	0.000000
0.147892	0.000000
0.147892	0.000000
0.147892	0.000000
0.147892	6.006516
0.177304	60.442120
0.177304	21.491741
0.177304	22.232553
0.177304	18.644192
0.177304	15.074430
0.177304	52.752098
0.177304	48.511433
0.177304	57.559032
0.177304	54.957821
0.177304	54.820019
0.177304	78.013626
0.142044	96.590637
0.142044	60.152294
0.142044	97.336105
0.142044	100.372955
0.142044	108.740891
0.142044	84.844688
0.142044	6.480325
0.142044	23.650536
0.164984	5.530143
0.164984	9.444961
0.164984	64.800735
0.164984	58.947063
0.164984	56.079468
0.164984	70.571579
0.164984	47.801319
0.164984	7.906617
0.164984	10.514258
0.164984	1.847811
0.164984	1.807112
0.081487	26.817089
0.081487	0.000000
0.081487	14.993894
0.081487	2.294880
0.081487	0.000000
0.081487	11.841384
0.081487	36.617695
0.081487	26.179562
0.123967	30.527679
0.123967	82.935738
0.123967	80.306702
0.123967	60.987118
0.123967	40.972080
0.123967	37.477070
0.123967	0.000000
0.123967	0.000000
0.123967	0.000000
0.123967	0.000000
0.123967	0.000000
0.123967	0.000000
0.116256	11.346065
0.116256	0.000000
0.116256	0.000000
0.116256	0.000000
0.116256	0.000000
0.116256	0.000000
0.116256	0.000000
0.104205	0.000000
0.104205	1.956979
0.104205	14.747983
0.104205	22.338150
0.104205	24.239985
0.104205	91.130318
0.104205	75.748947
0.107727	23.455610
0.107727	58.708435
0.107727	33.502113
0.107727	39.626167
0.107727	81.101715
0.107727	108.377991
0.107727	82.640373
0.107727	57.552624
0.107727	51.215141
0.123431	14.997907
0.123431	46.089222
0.123431	8.559236
0.123431	13.168690
0.123431	71.624832
0.123431	1.232124
0.123431	15.327249
0.123431	16.190481
0.197029	25.921173
0.197029	9.914710
0.197029	0.000000
0.197029	76.664688
0.197029	28.113844
0.197029	34.856441
0.088881	72.977844
0.088881	47.578617
0.088881	99.593765
0.088881	89.181946
0.088881	91.062759
0.088881	73.160873
0.088881	41.813923
0.088881	71.164642
0.088881	55.943295
0.300837	65.474823
0.300837	123.194969
0.300837	126.064163
0.300837	102.474205
0.300837	72.593925
0.399384	80.224037
0.399384	58.640991
0.399384	124.322006
0.399384	43.679249
0.399384	0.273747
0.399384	101.728477
0.399384	75.050903
0.399384	23.252571
0.399384	130.090515
0.079862	69.385887
0.079862	96.981636
0.079862	58.294277
0.079862	56.331364
0.079862	64.231979
0.079862	57.261356
0.079862	44.771618
0.239010	46.872280
0.239010	51.490005
0.239010	26.839758
0.239010	0.000000
0.239010	0.000000
0.239010	90.514854
0.239010	7.280602
0.239010	98.458427
0.239010	79.322853
0.500978	0.000000
0.500978	0.000000
0.500978	0.000000
0.500978	0.000000
0.500978	0.000000
0.500978	7.115790
0.500978	0.000000
0.500978	0.000000
0.500978	0.625332
0.500978	0.000000
0.500978	0.000000
0.179547	8.820157
0.179547	35.277115
0.179547	63.975536
0.179547	10.312432
0.179547	34.562351
0.095684	11.361334
0.095684	28.730864
0.095684	94.452621
0.095684	0.000000
0.095684	0.000000
0.095684	0.000000
0.095684	0.000000
0.095684	0.000000
0.288337	0.000000
0.288337	6.520658
0.288337	38.347111
0.288337	37.479229
0.288337	40.005611
0.288337	45.150864
0.288337	63.933075
0.288337	39.872997
0.288337	32.520023
0.297414	58.634632
0.297414	21.332222
0.297414	50.579666
0.297414	36.700298
0.297414	36.645824
0.297414	76.779373
0.297414	80.991196
0.297414	55.541771
0.122802	70.274559
0.122802	46.923409
0.122802	0.000000
0.122802	0.000000
0.122802	0.000000
0.080048	0.000000
0.080048	23.980129
0.080048	27.576967
0.080048	32.190590
0.080048	28.198954
0.080048	46.423130
0.080048	0.000000
0.080048	0.000000
0.080048	0.000000
0.080048	0.000000
0.080048	0.000000
0.252831	0.000000
0.252831	0.000000
0.252831	19.365942
0.252831	22.591908
0.252831	31.110600
0.252831	20.799406
0.252831	43.076443
0.252831	28.232241
0.252831	12.988944
0.220914	55.626690
0.220914	23.560310
0.220914	0.000000
0.220914	0.000000
0.220914	0.000000
0.220914	0.000000
0.220914	45.479126
0.220914	40.761669
0.119807	29.415569
0.119807	32.519440
0.119807	52.333237
0.119807	0.000000
0.119807	0.000000
0.119807	0.000000
0.119807	0.000000
0.119807	0.000000
0.119807	47.135246
0.119807	0.000000
0.119807	46.729321
0.119807	0.000000
0.119807	0.000000
0.119807	0.000000
0.113265	0.000000
0.113265	0.000000
0.113265	0.000000
0.113265	0.000000
0.113265	0.000000
0.113265	0.000000
0.105063	0.000000
0.105063	0.000000
0.105063	0.000000
0.105063	0.000000
0.105063	0.000000
0.105063	16.295521
0.105063	0.000000
0.093953	0.000000
0.093953	0.000000
0.093953	0.000000
0.093953	0.000000
0.093953	32.154667
0.109010	0.000000
0.109010	0.000000
0.109010	0.000000
0.109010	0.000000
0.109010	0.000000
0.109010	0.000000
0.183504	0.000000
0.183504	0.000000
0.183504	0.000000
0.183504	0.000000
0.183504	0.000000
0.183504	0.000000
0.183504	0.000000
0.170333	0.000000
0.170333	0.000000
0.170333	0.000000
0.170333	0.000000
0.170333	0.000000
0.170333	0.000000
0.170333	6.120017
0.170333	0.000000
0.148508	17.454458
0.148508	0.000000
0.148508	36.825321
0.148508	0.000000
0.148508	16.340269
0.148508	0.000000
0.148508	63.861076
0.148508	24.936888
0.121268	36.323208
0.121268	0.000000
0.121268	42.021629
0.121268	45.162956
0.121268	0.000000
0.121268	0.000000
0.121268	0.000000
0.121268	5.879716
0.121268	0.000000
0.121268	0.000000
0.121268	0.000000
0.127920	0.000000
0.127920	0.000000
0.127920	0.000000
0.127920	0.000000
0.127920	0.000000
0.127920	0.000000
0.127920	0.000000
0.270781	0.000000
0.270781	0.000000
0.270781	0.000000
0.270781	0.000000
0.270781	0.000000
0.270781	0.000000
0.270781	0.000000
0.270781	0.000000
0.270781	0.000000
0.270781	0.000000
0.270781	36.127823
0.110683	31.504948
0.110683	40.761906
0.110683	0.000000
0.110683	0.000000
0.110683	0.000000
0.110683	0.000000
0.110683	8.921689
0.110683	45.185081
0.407402	0.000000
0.407402	19.998621
0.407402	18.035732
0.407402	0.041310
0.407402	58.130371
0.407402	20.096611
0.230176	0.000000
0.230176	0.000000
0.230176	28.268373
0.230176	30.329578
0.230176	42.394962
0.230176	0.000000
0.230176	0.000000
0.230176	0.000000
0.230176	0.000000
0.056368	38.055027
0.056368	31.659645
0.056368	10.069850
0.056368	0.000000
0.097170	0.000000
0.097170	5.669210
0.097170	16.810238
0.097170	0.000000
0.097170	17.401089
0.097170	34.358189
0.097170	23.357088
0.097170	85.851616
0.097170	71.089149
0.070286	25.281054
0.070286	31.496798
0.070286	17.642815
0.070286	13.325195
0.070286	30.195522
0.094894	70.235382
0.094894	55.580418
0.094894	65.699127
0.094894	40.317982
0.094894	59.225681
0.094894	36.082378
0.094894	39.166729
0.094894	60.652088
0.103977	61.218399
0.103977	62.399654
0.103977	65.332619
0.103977	64.118019
0.103977	67.980576
0.103977	62.556412
0.103977	63.427414
0.103977	45.732533
0.125449	53.409397
0.125449	75.880661
0.125449	55.731449
0.125449	62.909748
0.125449	76.017113
0.125449	90.274689
0.125449	83.484261
0.125449	89.642899
0.071597	87.158134
0.071597	0.000000
0.071597	14.480771
0.071597	1.336164
0.071597	7.526773
0.071597	35.670982
0.071597	0.000000
0.071597	2.621224
0.220695	6.779484
0.220695	9.171814
0.220695	27.214552
0.220695	3.744055
0.220695	84.776566
0.085675	22.724186
0.085675	60.933849
0.085675	88.967209
0.085675	68.720024
0.085675	111.562332
0.085675	105.511086
0.085675	54.451336
0.085675	101.855087
0.085675	82.061676
0.085675	113.730408
0.085675	120.363388
0.174448	62.421146
0.174448	88.970093
0.174448	69.789024
0.174448	100.302231
0.174448	67.682739
0.174448	90.480209
0.174448	64.498550
0.174448	71.436623
0.174448	96.554993
0.174448	103.675537
0.174448	97.993149
0.174448	100.571419
0.078565	49.626133
0.078565	76.741287
0.078565	64.802429
0.078565	55.469151
0.078565	79.152542
0.078565	78.455002
0.078565	90.051010
0.078565	92.966263
0.078565	74.881790
0.062893	68.064720
0.062893	33.514946
0.062893	30.122612
0.062893	25.253391
0.062893	27.792395
0.062893	41.470402
0.062893	19.123730
0.062893	50.208836
0.062893	61.139866
0.062893	54.569073
0.062893	82.272247
0.056535	80.550369
0.056535	74.834221
0.056535	108.571396
0.056535	109.232132
0.056535	58.814072
0.056535	52.944149
0.056535	54.715145
0.056535	62.343922
0.125196	73.440002
0.125196	48.611656
0.125196	68.266006
0.125196	74.154541
0.125196	19.671497
0.125196	28.399479
0.125196	25.236029
0.125196	22.007393
0.125196	84.275497
0.125196	38.519726
0.019502	78.016396
0.019502	74.747528
0.019502	72.584518
0.019502	71.693192
0.053696	89.688461
0.053696	121.439034
0.053696	91.425865
0.053696	103.913986
0.053696	53.647106
0.053696	63.444172
0.053696	67.757690
0.053696	58.969616
0.085277	53.648808
0.085277	93.696266
0.085277	83.367996
0.085277	62.572910
0.085277	58.092762
0.085277	0.000000
0.085277	0.000000
0.085277	0.000000
0.031584	0.000000
0.031584	0.000000
0.031584	47.667873
0.031584	92.486374
0.031584	0.000000
0.031584	0.000000
0.068786	0.000000
0.068786	0.000000
0.068786	0.000000
0.068786	0.000000
0.068786	0.000000
0.068786	2.962986
0.068786	2.719687
0.064395	0.000000
0.064395	0.000000
0.064395	17.243036
0.064395	4.952353
0.064395	26.163919
0.064395	8.567929
0.064395	19.178370
0.064395	13.988872
0.064395	11.770072
0.064395	26.728962
0.064395	11.847171
0.056796	20.325674
0.056796	32.802898
0.056796	29.177588
0.056796	22.898640
0.056796	24.679598
0.056796	32.440479
0.056796	45.572792
0.056796	43.656437
0.101447	63.014721
0.101447	24.543480
0.101447	26.744799
0.101447	19.501186
0.140619	22.323582
0.140619	44.431747
0.140619	55.516888
0.140619	55.331394
0.140619	70.402031
0.140619	52.806774
0.140619	49.884861
0.117348	50.915924
0.117348	51.421715
0.117348	45.747395
0.117348	39.705441
0.117348	45.278328
0.117348	33.481819
0.117348	0.000000
0.117348	4.415311
0.191430	0.000000
0.191430	0.000000
0.191430	20.142893
0.191430	26.992956
0.107312	40.409748
0.107312	28.200867
0.107312	27.289749
0.107312	18.056231
0.107312	34.259529
0.107312	41.897957
0.107312	47.033203
0.107312	47.851788
0.191965	60.913498
0.191965	44.458237
0.191965	40.469059
0.191965	39.424503
0.191965	41.731354
0.191965	38.193924
0.191965	29.113049
0.191965	31.182518
0.153086	27.136980
0.153086	36.153301
0.153086	40.128933
0.153086	39.253811
0.153086	41.688168
0.091489	21.297722
0.091489	17.950151
0.091489	15.066781
0.091489	19.072298
0.091489	46.990932
0.091489	48.108887
0.091489	62.178295
0.091489	23.118488
0.091489	29.945293
0.091489	27.571564
0.105502	31.855476
0.105502	56.083603
0.105502	47.256901
0.105502	83.765839
0.105502	52.769527
0.052600	56.241833
0.052600	57.803875
0.052600	62.980549
0.052600	54.417709
0.052600	49.460400
0.052600	60.260147
0.052600	47.289364
0.052600	6.070953
0.052600	24.077656
0.052600	22.264950
0.052600	32.190800
0.110359	30.495035
0.110359	16.725977
0.110359	33.342892
0.110359	32.081837
0.110359	36.511005
0.110359	44.390732
0.110359	38.871624
0.110359	2.182430
0.110359	17.267708
0.087263	15.400607
0.087263	42.423306
0.087263	18.233944
0.087263	105.167305
0.087263	62.146675
0.087263	60.551369
0.087263	77.733559
0.096392	64.225967
0.096392	100.631256
0.096392	83.927429
0.096392	70.573753
0.123858	96.181747
0.123858	80.518707
0.123858	66.201553
0.123858	79.867012
0.123858	68.633774
0.123858	75.573883
0.123858	68.839661
0.123858	90.100830
0.123858	101.948952
0.084187	104.454041
0.084187	97.293762
0.084187	88.377136
0.084187	93.205330
0.066135	106.975494
0.066135	108.352608
0.066135	48.330414
0.066135	61.409119
0.066135	44.762402
0.066135	44.611866
0.066135	67.210983
0.066135	41.716702
0.074774	87.302681
0.074774	52.584736
0.074774	97.935280
0.074774	58.149197
0.037351	78.939056
0.037351	40.664753
0.037351	59.043018
0.037351	38.882221
0.090485	47.025772
0.090485	87.474617
0.090485	66.396576
0.090485	86.170502
0.090485	44.659542
0.090485	44.318104
0.090485	35.649059
0.090485	34.224140
0.058505	55.027130
0.058505	36.726887
0.058505	53.942703
0.058505	54.707592
0.058505	74.094589
0.134865	66.161392
0.134865	88.791435
0.134865	3.210998
0.134865	2.704998
0.134865	0.000000
0.134865	0.065419
0.134865	10.003171
0.134865	20.542284
0.134865	26.852682
0.134865	44.436161
0.064488	46.478546
0.064488	47.180363
0.064488	45.082371
0.064488	48.811119
0.064488	0.000000
0.064488	0.000000
0.064488	0.000000
0.064488	0.000000
0.064488	1.164181
0.064488	21.896282
0.064488	21.028723
0.056580	13.644741
0.056580	17.239765
0.056580	15.251472
0.056580	17.454004
0.056580	30.591055
0.056580	18.315428
0.056580	17.621450
0.056580	29.547985
0.142999	24.913952
0.142999	25.740675
0.142999	41.992798
0.142999	49.122852
0.142999	65.114952
0.083503	67.561600
0.083503	41.642475
0.083503	56.025043
0.083503	51.575809
0.083503	48.928623
0.083503	7.897495
0.083503	19.493326
0.083503	21.006371
0.083503	16.071169
0.125566	29.280411
0.125566	20.029526
0.125566	31.169506
0.125566	41.519436
0.125566	38.228630
0.125566	57.577953
0.125566	44.325058
0.125566	52.450478
0.125566	58.727489
0.188078	62.292030
0.188078	69.639824
0.188078	83.136353
0.188078	0.000000
0.188078	3.967198
0.188078	0.368056
0.188078	1.332701
0.083026	26.611097
0.083026	108.154602
0.083026	55.983337
0.083026	73.209702
0.083026	78.528305
0.083026	69.885345
0.083026	103.253159
0.083026	116.674789
0.083026	110.383690
0.083026	122.338058
0.083026	55.210396
0.083026	74.277649
0.083026	72.648293
0.083026	64.210533
0.055925	90.425568
0.055925	98.289253
0.055925	84.688004
0.055925	98.055916
0.055925	106.214256
0.055925	68.183960
0.055925	70.519791
0.338983	81.639572
0.338983	65.550018
0.338983	70.976585
0.338983	95.610046
0.338983	101.528214
0.338983	105.299965
0.338983	64.007713
0.338983	72.782776
0.143616	70.282074
0.143616	52.135242
0.143616	54.723270
0.143616	70.320946
0.143616	66.020073
0.143616	58.817219
0.143616	59.675007
0.132482	62.352169
0.132482	44.542152
0.132482	51.713409
0.132482	45.883587
0.132482	49.810390
0.132482	66.425880
0.073129	71.318878
0.073129	66.538147
0.073129	84.847336
0.073129	82.256195
0.073129	14.767347
0.179099	18.094887
0.179099	8.483333
0.179099	1.658211
0.179099	29.976665
0.179099	13.767615
0.179099	22.641056
0.179099	31.882244
0.179099	23.841354
0.223797	27.139198
0.223797	20.645761
0.223797	33.920025
0.223797	42.715210
0.223797	28.286442
0.223797	34.912018
0.223797	0.000000
0.223797	0.000000
0.223797	0.000000
0.223797	0.000000
0.223797	1.572664
0.223797	13.694250
0.446545	19.457504
0.446545	0.384190
0.446545	0.000000
0.446545	0.000000
0.446545	1.137778
0.446545	0.000000
0.446545	10.542798
0.446545	6.979161
0.098089	3.988423
0.098089	8.810493
0.098089	5.519429
0.098089	0.539828
0.098089	16.902676
0.098089	12.249238
0.098089	17.962540
0.098089	18.978024
0.333140	27.363848
0.333140	23.078346
0.333140	20.506876
0.333140	75.695496
0.333140	5.952329
0.333140	6.913574
0.333140	11.959678
0.333140	14.920577
0.333140	34.135777
0.333140	9.159911
0.333140	24.576054
0.423090	41.026546
0.423090	38.310760
0.423090	68.822754
0.423090	53.112415
0.423090	59.648232
0.423090	0.000000
0.423090	15.267562
0.423090	2.876001
0.194682	84.364578
0.194682	2.111737
0.194682	86.236496
0.194682	37.582031
0.194682	53.392529
0.194682	77.097961
0.194682	62.183762
0.056630	96.754761
0.056630	66.295349
0.056630	76.075569
0.056630	45.997902
0.056630	48.493679
0.127579	70.100708
0.127579	30.664099
0.127579	73.734901
0.127579	32.722897
0.127579	74.982269
0.252833	35.253033
0.252833	38.771091
0.252833	32.931274
0.252833	27.422699
0.252833	43.680889
0.252833	55.082676
0.252833	51.037941
0.252833	47.223026
0.252833	40.817699
0.252833	18.677946
0.122964	20.301640
0.122964	16.186092
0.122964	25.042427
0.122964	68.131310
0.122964	61.391010
0.122964	35.707241
0.122964	49.910290
0.122964	14.285730
0.122964	15.473949
0.089584	14.548881
0.089584	11.568734
0.089584	15.867844
0.089584	8.670285
0.089584	15.889222
0.089584	15.318097
0.089584	16.530745
0.089584	15.285827
0.089584	12.199106
0.089584	21.958742
0.089584	6.445596
0.092649	8.798746
0.092649	11.063448
0.092649	12.330577
0.092649	27.149284
0.103481	65.255936
0.103481	51.663235
0.103481	48.906418
0.103481	57.724148
0.103481	51.286358
0.103481	49.631199
0.103481	66.028671
0.103481	62.075207
0.103481	63.183800
0.103481	61.816502
0.061661	64.148315
0.061661	82.115311
0.061661	82.670311
0.061661	73.449699
0.061661	79.725342
0.061661	73.701752
0.099421	83.956520
0.099421	112.710625
0.099421	41.947498
0.099421	48.572971
0.099421	47.957813
0.099421	81.756599
0.099421	54.811943
0.099421	84.147659
0.100390	76.495697
0.100390	44.608154
0.100390	91.572601
0.100390	50.454838
0.101762	103.014091
0.101762	58.573997
0.101762	109.616829
0.101762	44.527866
0.101762	67.490921
0.101762	56.834488
0.101762	81.729172
0.101762	77.884460
0.084119	100.052589
0.084119	82.528595
0.084119	54.903820
0.084119	92.514725
0.084119	51.775692
0.057465	72.519058
0.057465	37.806644
0.057465	45.295353
0.057465	56.415047
0.057465	55.576283
0.057465	52.277294
0.057465	55.804630
0.057465	71.213943
0.057465	20.336212
0.057465	24.222372
0.123113	18.272955
0.123113	16.962826
0.123113	50.893070
0.123113	30.161804
0.123113	53.128689
0.123113	51.252213
0.137858	52.919979
0.137858	101.088554
0.137858	100.697845
0.137858	46.565723
0.137858	46.154854
0.137858	49.127590
0.078396	58.032562
0.078396	64.719009
0.078396	71.138130
0.078396	57.190536
0.078396	85.671577
0.078396	78.375763
0.078396	97.492836
0.078396	93.118523
0.156038	74.595123
0.156038	72.618393
0.156038	78.669067
0.156038	68.808212
0.156038	90.280304
0.156038	48.292263
0.156038	95.065628
0.163151	58.463799
0.163151	63.515438
0.163151	58.435291
0.163151	55.100220
0.232134	96.952744
0.232134	101.438560
0.232134	88.084976
0.232134	47.321262
0.232134	49.165794
0.391128	57.539333
0.391128	48.690369
0.391128	43.100937
0.391128	92.524506
0.391128	100.792969
0.391128	95.100143
0.391128	60.223095
0.391128	84.047531
0.105186	52.030743
0.105186	59.468739
0.105186	63.657944
0.105186	58.838974
0.105186	60.477760
0.105186	59.037159
0.105186	51.335308
0.105186	63.981827
0.098953	90.984344
0.098953	77.303665
0.098953	73.867104
0.098953	69.706421
0.098953	84.926064
0.098953	115.297119
0.098953	113.329224
0.098953	99.339859
0.098953	90.938583
0.098953	109.796516
0.098953	17.638340
0.098953	18.725267
0.197118	23.427673
0.197118	50.658024
0.197118	12.286139
0.197118	25.942734
0.197118	46.626583
0.197118	6.957583
0.197118	41.796791
0.161438	22.891600
0.161438	27.262499
0.161438	51.871380
0.161438	27.220316
0.161438	74.061440
0.161438	73.417389
0.161438	68.888725
0.161438	90.630417
0.371899	108.470673
0.371899	67.407654
0.371899	85.661423
0.371899	59.346355
0.371899	104.612846
0.371899	51.977650
0.371899	62.502354
0.371899	25.032597
0.371899	11.923368
0.371899	60.110229
0.371899	34.653782
0.371899	51.666836
0.220410	48.581642
0.220410	49.943855
0.220410	34.155949
0.220410	13.540366
0.220410	19.331688
0.328028	27.665804
0.328028	63.473614
0.328028	55.157806
0.328028	37.233654
0.328028	55.399048
0.328028	55.181957
0.328028	0.000000
0.328028	14.974647
0.328028	0.000000
0.328028	0.000000
0.328028	38.698505
0.318563	16.007128
0.318563	11.235284
0.318563	44.308426
0.318563	0.000000
0.318563	0.000000
0.318563	0.000000
0.318563	0.000000
0.318563	0.000000
0.318563	0.000000
0.318563	0.000000
0.318563	0.000000
0.613266	0.000000
0.613266	0.000000
0.613266	0.000000
0.613266	0.000000
0.613266	0.000000
0.613266	0.000000
0.613266	39.316883
0.613266	0.000000
0.613266	0.000000
0.762251	0.000000
0.762251	7.094877
0.762251	1.634747
0.762251	26.207144
0.762251	41.774986
0.762251	59.189510
0.762251	83.986130
0.393954	0.000000
0.393954	0.000000
0.393954	0.000000
0.393954	0.000000
0.393954	0.000000
0.393954	0.000000
0.347514	0.000000
0.347514	0.000000
0.347514	0.000000
0.347514	0.000000
0.347514	25.650723
0.347514	0.000000
0.347514	41.761810
0.347514	82.822815
0.477746	0.201446
0.477746	0.000000
0.477746	0.000000
0.477746	0.000000
0.477746	7.576694
0.477746	4.766348
0.477746	35.644005
0.477746	20.521603
0.477746	6.001730
0.477746	6.926804
0.477746	3.136317
0.477746	3.948740
0.241485	9.532671
0.241485	15.248701
0.241485	29.166174
0.241485	14.066691
0.241485	13.112732
0.241485	11.866220
0.147348	14.823104
0.147348	23.567902
0.147348	16.134190
0.147348	51.825764
0.147348	39.396931
0.147348	42.745968
0.147348	44.093204
0.147348	48.709217
0.264024	47.189877
0.264024	42.248531
0.264024	36.566662
0.264024	50.530308
0.264024	36.550579
0.264024	25.731983
0.264024	26.279068
0.078743	23.528309
0.078743	43.788067
0.078743	65.701080
0.078743	53.332123
0.078743	113.949234
0.078743	64.256393
0.078743	41.730984
0.078743	58.628254
0.078743	43.822109
0.099430	65.803749
0.099430	43.019501
0.099430	52.535542
0.099430	45.245686
0.099430	74.855362
0.099430	58.115646
0.099430	65.796005
0.099430	34.137569
0.153162	59.499485
0.153162	41.045162
0.153162	57.361240
0.153162	79.364067
0.153162	71.911377
0.153162	72.251228
0.153162	73.579681
0.153162	77.283775
0.079899	95.429138
0.079899	99.695305
0.079899	91.430893
0.079899	67.247269
0.079899	90.496475
0.079899	78.031677
0.079899	75.819992
0.079899	72.208916
0.055833	34.941227
0.055833	48.345524
0.055833	39.323254
0.055833	31.542744
0.055833	52.300392
0.055833	58.368309
0.055833	85.246704
0.055833	19.247488
0.084961	40.351307
0.084961	29.170170
0.084961	25.259432
0.084961	84.575516
0.165582	64.761993
0.165582	99.415100
0.165582	66.631424
0.165582	67.295685
0.165582	50.623531
0.165582	53.947762
0.165582	91.152634
0.165582	94.696785
0.087606	92.215393
0.087606	61.252262
0.087606	61.552181
0.087606	16.837185
0.087606	9.257577
0.087606	4.097612
0.087606	1.940976
0.087606	11.076123
0.087606	49.474648
0.096700	43.631397
0.096700	0.000000
0.096700	0.000000
0.096700	0.000000
0.096700	0.000000
0.104112	3.973591
0.104112	97.269928
0.104112	49.069473
0.104112	49.834618
0.104112	69.482811
0.104112	55.278866
0.104112	65.416138
0.104112	91.926224
0.144443	105.597542
0.144443	64.780334
0.144443	74.804489
0.144443	95.036041
0.144443	75.992905
0.144443	66.252426
0.144443	0.000000
0.144443	0.000000
0.144443	0.000000
0.144443	0.000000
0.144443	0.000000
0.144443	76.438736
0.320259	86.906296
0.320259	13.379128
0.320259	0.000000
0.320259	0.000000
