Ground Truth	Predictions
0.120651	138.558060
0.120651	36.754341
0.120651	28.465403
0.120651	17.521376
0.120651	48.768517
0.120651	28.380516
0.120651	117.948936
0.120651	28.597416
0.167601	82.020981
0.167601	30.638311
0.167601	27.114115
0.167601	39.207832
0.167601	23.261618
0.167601	29.077784
0.167601	64.720528
0.152101	64.304817
0.152101	62.311543
0.152101	49.848495
0.152101	100.590317
0.152101	69.377388
0.054236	76.827217
0.054236	42.854485
0.054236	47.193130
0.054236	76.767113
0.054236	83.912941
0.054236	48.057358
0.054236	40.617775
0.054236	115.523209
0.054236	100.438881
0.091117	96.610367
0.091117	50.065113
0.091117	43.556473
0.091117	7.109926
0.091117	0.000000
0.091117	0.000000
0.091117	0.000000
0.091117	3.361707
0.137609	100.384575
0.137609	4.961362
0.137609	1.763516
0.137609	3.229862
0.137609	0.000000
0.137609	8.382436
0.137609	4.332626
0.137609	32.804306
0.137609	47.873966
0.066075	38.209789
0.066075	50.046677
0.066075	52.888012
0.066075	62.371445
0.066075	49.343353
0.066075	56.694466
0.066075	22.568274
0.066075	38.922604
0.066075	0.000000
0.131466	2.084743
0.131466	0.000000
0.131466	0.000000
0.131466	0.000000
0.131466	0.000000
0.131466	10.588435
0.101064	0.000000
0.101064	6.060927
0.101064	0.000000
0.101064	0.000000
0.101064	0.000000
0.101064	16.851479
0.101064	10.839467
0.101064	6.058171
0.101064	2.528455
0.101064	30.063633
0.101064	0.000000
0.201076	0.000000
0.201076	0.000000
0.201076	0.000000
0.201076	0.000000
0.201076	68.377319
0.201076	2.207732
0.201076	0.000000
0.201076	0.000000
0.165278	0.000000
0.165278	0.000000
0.165278	2.261799
0.165278	15.454176
0.165278	34.536415
0.165278	0.000000
0.165278	0.000000
0.165278	0.000000
0.165278	0.000000
0.165278	0.000000
0.165278	0.000000
0.207244	0.000000
0.207244	39.014881
0.207244	18.463171
0.207244	16.893854
0.207244	16.148773
0.207244	12.489066
0.207244	41.174980
0.207244	55.756752
0.207244	64.370407
0.207244	63.662758
0.160296	63.980965
0.160296	86.475578
0.160296	107.087029
0.160296	58.211689
0.160296	105.042419
0.160296	108.263474
0.160296	116.986862
0.160296	77.162498
0.149401	11.501867
0.149401	28.992914
0.149401	11.336538
0.149401	14.163620
0.149401	64.758194
0.149401	67.132217
0.149401	66.979630
0.149401	69.122559
0.149401	50.634159
0.149401	7.011981
0.093351	7.829687
0.093351	1.629709
0.093351	1.352724
0.093351	21.993134
0.093351	0.000000
0.093351	6.569311
0.093351	3.865862
0.093351	0.000000
0.093351	19.810673
0.093351	46.571213
0.093351	37.082970
0.252796	42.426094
0.252796	85.744453
0.252796	77.187477
0.252796	64.260185
0.252796	40.952316
0.252796	36.242531
0.252796	0.000000
0.165998	0.000000
0.165998	0.000000
0.165998	0.000000
0.165998	0.000000
0.165998	0.000000
0.165998	0.000000
0.165998	0.000000
0.165998	0.000000
0.059018	0.000000
0.059018	0.000000
0.059018	0.000000
0.059018	0.000000
0.059018	0.000000
0.059018	0.291660
0.059018	13.299221
0.192067	25.550417
0.192067	27.219397
0.192067	90.406136
0.192067	66.553551
0.192067	35.458130
0.192067	72.284203
0.192067	46.874718
0.192067	54.198944
0.192067	81.549217
0.193647	117.083000
0.193647	84.740868
0.193647	61.689266
0.193647	54.566322
0.193647	15.967500
0.193647	38.339787
0.193647	10.099707
0.193647	13.514704
0.165821	57.964066
0.165821	7.277703
0.165821	18.096294
0.165821	23.179171
0.165821	31.230822
0.165821	9.705351
0.165821	0.000000
0.165821	72.742622
0.165821	14.259007
0.165821	44.031448
0.165821	74.834000
0.228796	56.879364
0.228796	94.775414
0.228796	93.684509
0.228796	98.291603
0.228796	80.452644
0.228796	45.499557
0.228796	62.528774
0.228796	67.945915
0.184169	76.484032
0.184169	138.839447
0.184169	102.275307
0.184169	109.992729
0.184169	85.704216
0.184169	77.587685
0.184169	61.565159
0.086152	139.763687
0.086152	39.881832
0.086152	22.354685
0.086152	104.288979
0.086152	52.621910
0.205523	28.472673
0.205523	110.454033
0.205523	82.361343
0.205523	107.422783
0.205523	70.107162
0.205523	69.171310
0.205523	54.009003
0.111165	67.937317
0.111165	56.926926
0.111165	47.722363
0.111165	49.200958
0.111165	30.128059
0.111165	0.000000
0.111165	0.000000
0.260187	89.321648
0.260187	12.720237
0.260187	96.864067
0.260187	74.895058
0.260187	0.848556
0.260187	0.000000
0.260187	0.000000
0.260187	0.000000
0.260187	0.000000
0.260187	3.213832
0.260187	0.000000
0.181715	3.690224
0.181715	11.493727
0.181715	13.770634
0.181715	9.911919
0.181715	17.466318
0.181715	28.473345
0.181715	54.175056
0.181715	11.460404
0.102310	29.724386
0.102310	12.476169
0.102310	26.630079
0.102310	60.547173
0.102310	0.000000
0.102310	0.000000
0.102310	0.000000
0.102310	0.000000
0.102310	0.000000
0.102310	0.000000
0.102310	2.219049
0.102310	46.399490
0.066247	41.317032
0.066247	47.930901
0.066247	51.984814
0.066247	66.220955
0.066247	40.743122
0.066247	32.063049
0.066247	55.924709
0.066247	29.713724
0.066247	58.325569
0.066247	47.366283
0.066247	48.320045
0.066247	80.420052
0.074189	86.296303
0.074189	67.613609
0.074189	71.806297
0.074189	48.953957
0.074189	0.000000
0.074189	5.511582
0.074189	0.000000
0.074189	0.000000
0.074189	11.199289
0.074189	10.917595
0.074189	23.743837
0.094801	17.125692
0.094801	38.962944
0.094801	0.000000
0.094801	0.000000
0.094801	0.000000
0.098775	0.000000
0.098775	0.000000
0.098775	0.000000
0.098775	0.000000
0.098775	26.868826
0.098775	28.222158
0.098775	41.440678
0.098775	29.546745
0.127812	42.449074
0.127812	29.038740
0.127812	17.590967
0.127812	58.608780
0.127812	23.213825
0.251205	0.000000
0.251205	3.129958
0.251205	0.000000
0.251205	0.000000
0.251205	29.170296
0.251205	24.556309
0.251205	21.649244
0.251205	26.389681
0.251205	32.941109
0.251205	0.000000
0.050092	0.000000
0.050092	0.000000
0.050092	0.000000
0.050092	0.000000
0.050092	25.915314
0.050092	0.000000
0.050092	34.593552
0.167879	0.000000
0.167879	0.000000
0.167879	0.000000
0.167879	0.000000
0.167879	0.000000
0.167879	0.000000
0.167879	0.000000
0.383617	0.000000
0.383617	0.000000
0.383617	0.000000
0.383617	0.000000
0.383617	0.000000
0.383617	0.000000
0.383617	0.000000
0.383617	1.870377
0.383617	0.000000
0.383617	0.000000
0.383617	0.000000
0.387257	0.000000
0.387257	0.000000
0.387257	14.876841
0.387257	0.000000
0.387257	0.000000
0.387257	0.000000
0.387257	0.000000
0.387257	0.000000
0.280881	0.000000
0.280881	0.000000
0.280881	0.000000
0.280881	0.000000
0.280881	0.000000
0.280881	0.000000
0.280881	0.000000
0.280881	0.000000
0.280881	0.000000
0.280881	0.000000
0.262544	0.000000
0.262544	0.000000
0.262544	0.000000
0.262544	0.000000
0.262544	0.000000
0.262544	0.000000
0.262544	0.000000
0.262544	0.000000
0.434441	8.867500
0.434441	0.000000
0.434441	15.776269
0.434441	0.000000
0.434441	47.808430
0.434441	15.120497
0.434441	30.729250
0.370999	0.000000
0.370999	24.678194
0.370999	35.888672
0.370999	0.000000
0.266134	0.000000
0.266134	0.000000
0.266134	0.000000
0.266134	0.000000
0.266134	0.000000
0.266134	0.000000
0.266134	0.000000
0.266134	0.000000
0.266134	0.000000
0.266134	0.000000
0.266134	0.000000
0.282417	0.000000
0.282417	0.000000
0.282417	0.000000
0.282417	0.000000
0.282417	0.000000
0.282417	0.000000
0.282417	0.000000
0.282417	0.000000
0.282417	0.000000
0.282417	0.000000
0.282417	0.000000
0.282417	0.000000
0.282417	28.181858
0.282417	8.494461
0.234196	21.949478
0.234196	0.000000
0.234196	0.000000
0.234196	0.000000
0.234196	0.000000
0.234196	0.000000
0.234196	47.454689
0.234196	0.000000
0.179587	33.742100
0.179587	26.871956
0.179587	12.731263
0.179587	62.106522
0.179587	22.015734
0.179587	3.017665
0.179587	0.000000
0.179587	37.277592
0.179587	37.580387
0.179587	36.765392
0.179587	0.000000
0.096952	0.000000
0.096952	0.000000
0.096952	0.000000
0.096952	18.449406
0.096952	16.444872
0.096952	21.306190
0.096952	2.142174
0.318299	3.607631
0.318299	12.339006
0.318299	16.380871
0.318299	12.263016
0.318299	19.394011
0.318299	33.717667
0.318299	25.269403
0.318299	89.123352
0.318299	60.955181
0.284858	25.255592
0.284858	30.358664
0.284858	18.050203
0.284858	8.933886
0.284858	25.569067
0.284858	72.403496
0.284858	49.540642
0.284858	63.584972
0.284858	40.120361
0.213522	59.724823
0.213522	36.588577
0.213522	38.629761
0.213522	66.426483
0.213522	66.853104
0.213522	67.993309
0.213522	70.396095
0.213522	71.319557
0.213522	75.069588
0.213522	69.121124
0.323120	69.283928
0.323120	46.827316
0.323120	59.384071
0.323120	83.266594
0.323120	66.487144
0.323120	71.039406
0.323120	82.633530
0.323120	94.774086
0.323120	89.743492
0.323120	99.926727
0.323120	93.881996
0.323120	10.305849
0.567596	21.076954
0.567596	15.663872
0.567596	20.175650
0.567596	28.214884
0.567596	2.603797
0.567596	16.784660
0.567596	18.681204
0.567596	22.364182
0.567596	31.659817
0.567596	13.779489
0.567596	88.289818
0.567596	21.313051
0.320055	68.154343
0.320055	98.416069
0.320055	78.127617
0.320055	112.254982
0.320055	62.147358
0.320055	61.010979
0.320055	111.056465
0.320055	91.266785
0.497241	118.621284
0.497241	75.483994
0.497241	73.646118
0.497241	56.285034
0.497241	78.586006
0.497241	100.022499
0.497241	80.041557
0.497241	97.129143
0.497241	76.928474
0.322354	77.984634
0.322354	107.090828
0.322354	111.131294
0.322354	106.869469
0.322354	112.061333
0.322354	52.808609
0.267190	80.690750
0.267190	68.370682
0.267190	59.457951
0.267190	87.620377
0.267190	83.622292
0.267190	102.176353
0.267190	105.153313
0.080842	85.176445
0.080842	64.867081
0.080842	34.439686
0.080842	31.126104
0.080842	30.027689
0.080842	30.625681
0.080842	33.348946
0.080842	22.161121
0.080842	54.352192
0.132597	66.804550
0.132597	62.264946
0.132597	86.143059
0.132597	82.754929
0.132597	76.908600
0.132597	120.783440
0.132597	121.460091
0.132597	61.333931
0.132597	54.948116
0.132597	59.803364
0.132597	66.407822
0.072361	75.084702
0.072361	48.517281
0.072361	65.881203
0.072361	79.853340
0.072361	30.450750
0.072361	35.791920
0.072361	35.392925
0.087423	31.880655
0.087423	76.092522
0.087423	41.319901
0.087423	57.582836
0.087423	89.907104
0.087423	87.195641
0.087423	85.822098
0.087423	99.538368
0.087423	136.389053
0.087423	102.798363
0.087423	111.206299
0.087423	57.254654
0.101403	75.203773
0.101403	79.289612
0.101403	70.236610
0.101403	64.114006
0.101403	102.586609
0.101403	97.926453
0.101403	57.179863
0.101403	56.326218
0.101403	14.368238
0.101403	6.040514
0.101403	0.000000
0.101403	0.000000
0.196352	10.424948
0.196352	31.148386
0.196352	90.756935
0.196352	4.023635
0.196352	1.234908
0.196352	0.000000
0.196352	0.000000
0.196352	0.000000
0.129236	6.901453
0.129236	0.000000
0.129236	16.543613
0.129236	12.463601
0.129236	5.963192
0.129236	1.793095
0.218515	22.456520
0.218515	20.385078
0.218515	31.927401
0.218515	20.697477
0.218515	29.219931
0.218515	26.706255
0.218515	19.852938
0.218515	33.304546
0.433153	21.374125
0.433153	28.390493
0.433153	29.751377
0.433153	24.771902
0.433153	20.001736
0.433153	18.140104
0.433153	26.261841
0.433153	40.021988
0.433153	36.452965
0.122645	66.308037
0.122645	21.128181
0.122645	21.242523
0.122645	17.679667
0.122645	16.510283
0.122645	40.235207
0.122645	51.817070
0.122645	53.210594
0.122645	75.399239
0.122645	58.387047
0.122645	54.876190
0.187409	56.181877
0.187409	56.518711
0.187409	49.115364
0.187409	42.827545
0.187409	49.466293
0.187409	35.160927
0.187409	1.606660
0.187409	6.321408
0.187409	2.655924
0.187409	2.783922
0.187409	15.959896
0.187409	21.500921
0.168838	34.901886
0.168838	25.472288
0.168838	22.892813
0.168838	16.287569
0.168838	32.337257
0.168838	39.085724
0.168838	43.862724
0.168838	47.261860
0.096258	65.133614
0.096258	49.148029
0.096258	44.443096
0.096258	43.416298
0.115831	45.889694
0.115831	41.059425
0.115831	30.920233
0.115831	32.489105
0.115831	28.499430
0.115831	37.645908
0.115831	41.597916
0.115831	41.267715
0.115831	43.211655
0.115831	20.761137
0.115831	18.822790
0.163660	19.518339
0.163660	22.485207
0.163660	44.087894
0.163660	47.576328
0.163660	55.673233
0.163660	28.895658
0.163660	35.353184
0.160287	33.965454
0.160287	38.667389
0.160287	52.422462
0.160287	44.856064
0.160287	81.523529
0.160287	59.643559
0.160287	63.719555
0.160287	65.949257
0.289067	72.167107
0.289067	60.802166
0.289067	54.834553
0.289067	66.686913
0.289067	51.255348
0.289067	10.886364
0.289067	23.013437
0.289067	26.127722
0.289067	31.906698
0.112851	26.313059
0.112851	22.522308
0.112851	30.571281
0.112851	31.196093
0.112851	33.949909
0.112851	41.112873
0.112851	36.499016
0.112851	12.144485
0.170268	29.856909
0.170268	30.715860
0.170268	51.007797
0.170268	30.244421
0.170268	100.276924
0.170268	59.477127
0.170268	68.498070
0.180442	91.138107
0.180442	73.503441
0.180442	111.787720
0.180442	94.522163
0.180442	80.891922
0.180442	100.607399
0.180442	90.221954
0.180442	68.027946
0.115081	71.122093
0.115081	79.395851
0.115081	86.926033
0.115081	79.771858
0.115081	101.348656
0.115081	113.696732
0.115081	116.604004
0.115081	110.964180
0.060198	101.934624
0.060198	108.861603
0.060198	118.240463
0.060198	122.188187
0.060198	50.966759
0.060198	64.905731
0.060198	46.733276
0.060198	46.462673
0.238287	69.175522
0.238287	44.936535
0.238287	96.631691
0.238287	52.996994
0.238287	103.800217
0.238287	58.078117
0.238287	86.823990
0.238287	47.765999
0.094368	58.835838
0.094368	43.581039
0.094368	49.713219
0.094368	91.130440
0.243700	59.500328
0.243700	93.908867
0.243700	47.070015
0.243700	44.840996
0.243700	36.795319
0.243700	35.777061
0.243700	54.905647
0.243700	39.712524
0.272754	54.428116
0.272754	54.686741
0.272754	82.210045
0.272754	67.755363
0.272754	97.249535
0.272754	9.788771
0.272754	8.545847
0.272754	4.418647
0.272754	6.656621
0.300414	14.192982
0.300414	18.431955
0.300414	24.178297
0.300414	44.931408
0.300414	46.420708
0.300414	48.804489
0.300414	44.905701
0.300414	47.807594
0.237273	0.000000
0.237273	0.000000
0.237273	0.000000
0.237273	0.000000
0.237273	6.030936
0.076341	18.692404
0.076341	18.380758
0.076341	15.097033
0.076341	15.775970
0.076341	17.765884
0.076341	18.504601
0.115659	25.592892
0.115659	15.727774
0.115659	12.719313
0.115659	24.026112
0.115659	21.960865
0.115659	20.426382
0.115659	37.568050
0.115659	43.023903
0.230544	68.026543
0.230544	71.918274
0.230544	39.560905
0.230544	55.879066
0.230544	52.170849
0.230544	47.862007
0.230544	13.335944
0.230544	22.287565
0.230544	26.487288
0.097074	22.012432
0.097074	28.395151
0.097074	28.734072
0.097074	32.509048
0.097074	40.081486
0.066658	37.951115
0.066658	54.121986
0.066658	42.943329
0.066658	53.638165
0.066658	60.200630
0.066658	69.492294
0.066658	76.777397
0.066658	87.445045
0.065941	3.148903
0.065941	21.214895
0.065941	21.193535
0.065941	19.123266
0.065941	35.061028
0.065941	118.191910
0.065941	45.983978
0.065941	87.293892
0.065941	92.067039
0.065941	82.784225
0.065941	115.113625
0.065941	131.668991
0.175903	119.747185
0.175903	136.815689
0.175903	58.042068
0.175903	81.920830
0.175903	80.176476
0.175903	72.622208
0.175903	101.309746
0.175903	110.719963
0.175903	91.575653
0.193725	103.388557
0.193725	115.985718
0.193725	64.336990
0.193725	76.751373
0.193725	87.507584
0.193725	72.510780
0.193725	75.533379
0.193725	107.972160
0.166089	114.518005
0.166089	119.079803
0.166089	68.606506
0.166089	69.841469
0.134100	73.149773
0.134100	54.713066
0.134100	60.027748
0.134100	72.724449
0.134100	68.988098
0.134100	58.123409
0.134100	58.034477
0.134100	66.298561
0.064410	52.628532
0.064410	59.638115
0.064410	55.376148
0.064410	57.943199
0.064410	70.301323
0.064410	75.410988
0.064410	72.966255
0.064410	94.494545
0.205054	90.094101
0.205054	23.101318
0.205054	23.849611
0.205054	17.748211
0.205054	10.591826
0.205054	29.981466
0.205054	24.334017
0.205054	25.691330
0.184342	32.602982
0.184342	26.600132
0.184342	30.691031
0.184342	26.712246
0.184342	36.686005
0.184342	41.967529
0.184342	30.508131
0.184342	36.633244
0.184342	0.000000
0.109587	4.826762
0.109587	0.000000
0.109587	0.000000
0.109587	11.409090
0.109587	18.855381
0.109587	23.114254
0.109587	10.358249
0.109587	6.698274
0.109587	9.393592
0.095876	10.670507
0.095876	1.873739
0.095876	8.889387
0.095876	6.175529
0.095876	13.554981
0.095876	16.772339
0.095876	14.937670
0.095876	10.957417
0.208062	22.237513
0.208062	21.505287
0.208062	24.472832
0.208062	24.947514
0.208062	30.094275
0.208062	28.201458
0.208062	27.366224
0.208062	69.520927
0.208062	13.376531
0.291964	12.590224
0.291964	18.974335
0.291964	21.473488
0.291964	28.486591
0.291964	14.007074
0.291964	24.888756
0.291964	41.505226
0.291964	43.910942
0.291964	70.741829
0.136992	48.882744
0.136992	55.331577
0.136992	5.911616
0.136992	23.253580
0.136992	17.146292
0.136992	86.742279
0.136992	12.036619
0.136992	88.721748
0.093633	32.439968
0.093633	61.073410
0.093633	87.546013
0.093633	72.148773
0.093633	106.744560
0.093633	75.044579
0.093633	84.491447
0.093633	52.332024
0.093633	54.803047
0.419629	77.820244
0.419629	37.653893
0.419629	61.796322
0.419629	41.007164
0.419629	72.305550
0.419629	36.527199
0.419629	40.000751
0.419629	35.046928
0.419629	29.387709
0.249731	43.192680
0.249731	55.317310
0.249731	50.134308
0.249731	52.519272
0.249731	41.716042
0.249731	24.102467
0.249731	24.033792
0.249731	22.681601
0.289295	27.879131
0.289295	73.327553
0.289295	60.522308
0.289295	30.759903
0.289295	43.247425
0.492790	22.281975
0.492790	22.358114
0.492790	22.379965
0.492790	20.238016
0.348720	21.184492
0.348720	18.555977
0.348720	21.635069
0.348720	21.584797
0.348720	22.273026
0.348720	21.813169
0.348720	20.592360
0.348720	26.252316
0.283171	17.213116
0.283171	18.297577
0.283171	21.384260
0.283171	21.999176
0.455974	28.730909
0.455974	58.177326
0.455974	41.025326
0.455974	55.153564
0.455974	62.904808
0.455974	59.390015
0.455974	55.358555
0.455974	67.351646
0.259952	72.510757
0.259952	73.757614
0.259952	73.228127
0.259952	75.611526
0.285923	88.539223
0.285923	88.636101
0.285923	82.337837
0.285923	88.012192
0.272160	86.081192
0.272160	91.381920
0.272160	123.931465
0.272160	44.141655
0.272160	51.685658
0.272160	52.515362
0.272160	86.754524
0.272160	58.029793
0.165197	93.873848
0.165197	82.413124
0.165197	47.241615
0.165197	104.940987
0.328650	61.621456
0.328650	74.977394
0.328650	70.606529
0.328650	87.006905
0.328650	48.782261
0.328650	73.722267
0.328650	63.848614
0.328650	85.913506
0.328650	80.242989
0.328650	111.603813
0.328650	84.596420
0.089939	71.184967
0.089939	98.922081
0.089939	61.650761
0.089939	79.101646
0.089939	48.416550
0.089939	52.514824
0.089939	65.981155
0.089939	62.966503
0.098398	60.961445
0.098398	65.527504
0.098398	74.271660
0.098398	27.433569
0.098398	29.801136
0.058043	26.924536
0.058043	24.139597
0.058043	47.828651
0.058043	35.455406
0.058043	51.446899
0.119817	49.401867
0.119817	50.567284
0.119817	115.236000
0.119817	114.759163
0.119817	55.746761
0.119817	53.104309
0.046842	59.000984
0.046842	65.645973
0.046842	67.736038
0.046842	77.184288
0.046842	67.551262
0.046842	91.223854
0.046842	83.439857
0.046842	108.127998
0.046842	98.609642
0.046842	77.944664
0.046842	76.315910
0.068735	80.994865
0.068735	71.170372
0.068735	58.384724
0.068735	61.710373
0.068735	103.247917
0.068735	70.820641
0.068735	74.182777
0.068735	70.719887
0.096041	65.796638
0.096041	109.721794
0.096041	110.959831
0.096041	94.025993
0.096041	51.155514
0.096041	52.834862
0.096041	62.559719
0.096041	52.389961
0.106878	47.444992
0.106878	104.220688
0.106878	111.809319
0.106878	106.360878
0.106878	64.589226
0.106878	94.448845
0.064215	53.958824
0.064215	62.401955
0.064215	66.471672
0.064215	61.960983
0.064215	63.023430
0.064215	59.348763
0.064215	50.957088
0.064215	61.673279
0.097973	99.646637
0.097973	87.459023
0.097973	84.513298
0.097973	80.349045
0.097973	98.252983
0.178019	125.950974
0.178019	125.188690
0.178019	115.487633
0.178019	84.804985
0.178019	122.883942
0.178019	35.601818
0.178019	34.478153
0.197613	40.989361
0.197613	60.025803
0.197613	25.017790
0.197613	29.326292
0.197613	51.374702
0.197613	17.925798
0.197613	43.142136
0.197613	37.338619
0.236200	40.785866
0.236200	38.309277
0.236200	16.782476
0.236200	82.586761
0.161660	83.751808
0.161660	80.447174
0.161660	98.269646
0.161660	75.231575
0.161660	63.491253
0.161660	90.748695
0.161660	64.110374
0.161660	107.814346
0.094605	54.244461
0.094605	63.787506
0.094605	32.937416
0.094605	15.238360
0.094605	52.116894
0.057614	34.583046
0.057614	56.328754
0.057614	52.627731
0.057614	51.973507
0.057614	33.855473
0.163164	17.495478
0.163164	27.549551
0.163164	32.494888
0.163164	53.508171
0.163164	54.573807
0.163164	38.085064
0.163164	54.619522
0.163164	58.675091
0.163164	0.000000
0.163164	13.599086
0.163164	0.000000
0.163164	0.000000
0.057124	42.938740
0.057124	14.830566
0.057124	10.440392
0.057124	51.957779
0.146146	0.000000
0.146146	0.000000
0.146146	0.000000
0.146146	0.000000
0.146146	0.000000
0.146146	0.000000
0.146146	0.000000
0.146146	0.000000
0.146146	0.000000
0.146146	0.000000
0.146146	0.000000
0.146146	0.000000
0.082667	0.000000
0.082667	0.000000
0.082667	22.693827
0.082667	0.000000
0.137268	0.000000
0.137268	0.000000
0.137268	0.000000
0.137268	0.000000
0.137268	14.777265
0.137268	27.425741
0.137268	44.457253
0.137268	50.534981
0.165530	0.000000
0.165530	0.000000
0.165530	0.000000
0.165530	0.000000
0.165530	0.000000
0.165530	0.000000
0.165530	0.000000
0.165530	0.000000
0.165530	0.000000
0.165530	0.000000
0.165530	9.250519
0.204174	0.000000
0.204174	20.042431
0.204174	53.585819
0.204174	0.000000
0.204174	0.000000
0.204174	0.000000
0.204174	0.000000
0.204174	1.381343
0.204174	0.176166
0.204174	16.094893
0.204174	6.796037
0.204174	10.705183
0.219667	10.953797
0.219667	6.151168
0.219667	7.162828
0.219667	11.429546
0.219667	13.589414
0.219667	23.464548
0.219667	17.038921
0.219667	14.793839
0.219667	14.804163
0.184741	17.117292
0.184741	21.040253
0.184741	16.628420
0.184741	45.275879
0.184741	43.080181
0.184741	47.759911
0.184741	49.407562
0.184741	55.119308
0.184741	50.282196
0.184741	44.704323
0.184741	39.972889
0.184741	54.021210
0.338100	39.691414
0.338100	20.160639
0.338100	19.489883
0.338100	18.940275
0.593263	39.291679
0.593263	69.590706
0.593263	52.154358
0.593263	102.411682
0.593263	67.831551
0.593263	42.146225
0.593263	60.978546
0.593263	46.262436
0.435149	67.175964
0.435149	41.763149
0.435149	51.020588
0.435149	46.408031
0.435149	78.716972
0.435149	54.678741
0.435149	60.641338
0.435149	37.848110
0.435149	55.853603
0.435149	47.384689
0.435149	55.127319
0.171228	82.043327
0.171228	67.554909
0.171228	83.012276
0.171228	84.764183
0.171228	89.273193
0.171228	109.227180
0.171228	110.480011
0.171228	102.254906
0.199035	64.833351
0.199035	92.995415
0.199035	90.196693
0.199035	65.903976
0.199035	74.645485
0.199035	44.400654
0.199035	56.120262
0.199035	48.617191
0.199035	41.556408
0.372754	55.981552
0.372754	56.689415
0.372754	67.502892
0.372754	32.883133
0.372754	45.692326
0.372754	40.024178
0.372754	35.771111
0.372754	73.373466
0.372754	67.723358
0.280876	83.399857
0.280876	75.338303
0.280876	75.521523
0.280876	56.816170
0.280876	59.493080
0.280876	102.269730
0.280876	107.930504
0.280876	102.933517
0.327734	65.425667
0.327734	65.826233
0.327734	25.885918
0.327734	13.666016
0.327734	10.267021
0.327734	6.460401
0.327734	13.422239
0.327734	39.195324
0.327734	32.741642
0.327734	0.095130
0.327734	2.569686
0.221570	5.030603
0.221570	1.355359
0.221570	9.900623
0.221570	68.769455
0.221570	36.032429
0.221570	53.965660
0.221570	76.630272
0.221570	61.189739
0.182646	70.382973
0.182646	97.032173
0.182646	99.875580
0.182646	62.951805
0.157715	85.609352
0.157715	105.985550
0.157715	80.576195
0.157715	65.685379
0.157715	0.000000
0.157715	0.000000
0.157715	0.000000
0.157715	0.000000
0.157715	0.000000
0.157715	53.493420
0.157715	59.033401
0.157715	4.526157
0.157715	0.000000
0.157715	0.000000
0.162547	0.000000
0.162547	0.000000
0.162547	0.000000
0.162547	8.129270
0.162547	8.416992
0.162547	0.000000
0.162547	0.000000
0.162547	0.000000
0.162547	0.000000
0.182237	26.489651
0.182237	0.000000
0.182237	69.166763
0.182237	50.955765
0.182237	0.000000
0.182237	0.000000
0.182237	0.000000
0.302657	0.000000
0.302657	5.775215
0.302657	18.462793
0.302657	5.360328
0.302657	9.738671
0.302657	2.685428
0.302657	5.196430
0.302657	14.940647
0.302657	4.371019
0.190254	10.019514
0.190254	9.997226
0.190254	0.000000
0.190254	0.000000
0.190254	0.000000
0.190254	0.000000
0.190254	0.000000
0.190254	0.000000
0.190254	0.000000
0.142145	43.493271
0.142145	0.000000
0.142145	2.607810
0.142145	0.000000
0.142145	0.000000
0.245587	12.260582
0.245587	28.554447
0.245587	14.696839
0.245587	49.243069
0.245587	66.416725
0.245587	0.000000
0.245587	0.000000
0.245587	0.000000
0.129425	0.000000
0.129425	0.000000
0.129425	1.224941
0.129425	0.000000
0.129425	25.616240
0.129425	23.886744
0.129425	0.000000
0.129425	0.000000
0.223570	0.000000
0.223570	0.000000
0.223570	0.000000
0.223570	0.000000
0.223570	0.000000
0.223570	0.000000
0.223570	0.000000
0.223570	0.000000
0.223570	0.000000
0.223570	0.000000
0.223570	0.000000
0.223570	0.000000
0.223570	0.000000
0.223570	0.000000
0.097402	33.483116
0.097402	60.816746
0.097402	61.833385
0.097402	0.000000
0.097402	0.000000
0.097402	0.000000
0.097402	36.484894
0.097402	43.635094
0.072809	67.666283
0.072809	0.000000
0.072809	0.000000
0.072809	0.000000
0.072809	52.423676
0.072809	0.000000
0.072809	0.000000
0.072809	0.000000
0.072809	0.000000
0.072809	0.000000
0.072809	0.000000
0.137864	0.000000
0.137864	0.000000
0.137864	0.000000
0.137864	26.302364
0.137864	31.968983
0.137864	0.000000
0.137864	0.000000
0.137864	0.000000
0.137864	0.000000
0.137864	0.000000
0.137864	0.000000
0.137864	0.000000
0.144596	0.000000
0.144596	15.004362
0.144596	0.000000
0.144596	52.760735
0.103200	6.699434
0.103200	2.154027
0.103200	31.969057
0.103200	23.200701
0.103200	71.866158
0.103200	54.356415
0.103200	0.000000
0.103200	37.536156
0.159694	0.000000
0.159694	0.000000
0.159694	8.595846
0.159694	0.000000
0.159694	0.000000
0.159694	55.049507
0.159694	13.104070
0.147677	2.279833
0.147677	11.757464
0.147677	37.987972
0.147677	67.639030
0.147677	73.986237
0.147677	60.685543
0.147677	54.520924
0.147677	75.427574
0.147677	92.525650
0.147677	72.893684
0.147677	71.144661
0.147677	76.337212
0.147677	61.728313
0.147677	77.578194
0.226373	52.311779
0.226373	29.580267
0.226373	30.328150
0.226373	65.950340
0.226373	58.283958
0.226373	39.344254
0.226373	33.007111
0.226373	35.261433
0.226373	29.789160
0.321959	30.636343
0.321959	35.979729
0.321959	67.603233
0.321959	32.940262
0.321959	46.197250
0.321959	56.419460
0.321959	36.786015
0.321959	45.317871
0.321959	31.648928
0.133329	31.627502
0.133329	23.347902
0.133329	24.416319
0.133329	34.710564
0.133329	34.106750
0.133329	33.174915
0.489794	28.507742
0.489794	24.605524
0.489794	27.480673
0.489794	31.741549
0.489794	30.110800
0.489794	29.575838
0.489794	37.283863
0.489794	38.762310
0.489794	44.449127
0.489794	47.097679
0.489794	24.292946
0.147983	30.926279
0.147983	29.470568
0.147983	32.798790
0.147983	34.452362
0.147983	52.749702
0.147983	45.589516
0.147983	43.297226
0.347967	47.125977
0.347967	46.741142
0.347967	54.911198
0.347967	44.929832
0.347967	42.167156
0.347967	47.073132
0.347967	41.592491
0.347967	32.347614
0.347967	41.670929
0.314013	42.083363
0.314013	48.067581
0.314013	41.185802
0.314013	41.189423
0.314013	44.109856
0.314013	51.793152
0.314013	39.473877
0.314013	54.796692
0.314013	55.725426
0.314013	62.148994
0.314013	63.938217
0.235696	62.998314
0.235696	32.771889
0.235696	49.241714
0.235696	45.984634
0.235696	53.441704
0.235696	57.323914
0.235696	45.697372
0.235696	67.535088
0.227877	90.554291
0.227877	17.674271
0.227877	28.499100
0.227877	30.056698
0.227877	39.123619
0.227877	20.389757
0.227877	34.415718
0.227877	24.268188
0.215006	52.262466
0.215006	63.428253
0.215006	66.772766
0.215006	76.010429
0.215006	70.221596
0.215006	40.515949
0.215006	51.241203
0.109541	53.239712
0.109541	103.757492
0.109541	75.007149
0.109541	47.527733
0.109541	69.237724
0.109541	35.033154
0.109541	84.449837
0.180932	64.867149
0.180932	73.059166
0.180932	61.186020
0.180932	58.896858
0.180932	47.001362
0.180932	75.114288
0.180932	45.423065
0.180932	48.964127
0.180932	44.257530
0.180932	45.765030
0.109294	46.876080
0.109294	33.619781
0.109294	35.247616
0.109294	28.591459
0.109294	28.440403
0.109294	60.762283
0.109294	61.956200
0.109294	73.746048
0.109294	75.340439
0.109294	24.882223
0.109294	21.591276
0.164179	17.511400
0.164179	19.622234
0.164179	37.536774
0.164179	28.691620
0.164179	25.255173
0.164179	23.619665
0.164179	24.559088
0.164179	25.239851
0.164179	11.443636
0.164179	15.163792
0.164179	15.005266
0.164179	14.479645
0.090735	14.132799
0.090735	10.895420
0.090735	12.711707
0.090735	17.752573
0.071831	20.679451
0.071831	14.913731
0.071831	13.823713
0.071831	33.440735
0.071831	23.266005
0.071831	35.308243
0.071831	37.784584
0.071831	43.002605
0.071831	40.004349
0.046669	34.535065
0.046669	42.820854
0.046669	45.633801
0.046669	45.365105
0.046669	45.104965
0.046669	45.884262
0.046669	41.353420
0.160500	41.241859
0.160500	40.736809
0.160500	39.447018
0.160500	50.342873
0.160500	22.454475
0.160500	26.909029
0.160500	21.788929
0.160500	41.819923
0.160500	48.463696
0.137153	49.693165
0.137153	69.576927
0.137153	73.599419
0.137153	39.287464
0.137153	55.830940
0.137153	37.095444
0.137153	48.622879
0.137153	39.366173
0.137153	40.484131
0.137153	37.800159
0.294916	46.748470
0.294916	32.807072
0.294916	40.036781
0.294916	41.021221
0.294916	48.422436
0.294916	37.924934
0.294916	44.822041
0.152416	43.491226
0.152416	38.484196
0.152416	47.140152
0.152416	46.472717
0.152416	52.655380
0.152416	51.343819
0.152416	64.417488
0.152416	57.898308
0.229658	48.707672
0.229658	51.295036
0.229658	45.744095
0.229658	44.826103
0.229658	61.960781
0.229658	66.816765
0.229658	22.737534
0.212229	24.070631
0.212229	19.471537
0.212229	22.186504
0.212229	31.872160
0.174967	21.427675
0.174967	27.252264
0.174967	24.322964
0.174967	32.591518
0.174967	22.347563
0.174967	33.390694
0.174967	37.074188
0.292908	37.912453
0.292908	44.066605
0.292908	41.545799
0.292908	36.665249
0.292908	36.405415
0.292908	37.063057
0.292908	33.266113
0.292908	34.152863
0.292908	37.701241
0.122649	38.077042
0.122649	20.578768
0.122649	23.432470
0.122649	27.152990
0.122649	29.608706
0.122649	25.156166
0.122649	28.083017
0.122649	35.032799
0.122649	48.877018
0.122649	57.956367
0.122649	58.661926
0.122649	65.442871
0.122649	65.869057
0.122649	46.340706
0.058916	52.811203
0.058916	46.461838
0.058916	52.448284
0.058916	46.862106
0.058916	47.432404
0.058916	48.630997
0.058916	51.624332
0.058916	47.020378
0.153011	53.576294
0.153011	65.558662
0.153011	66.430794
0.153011	70.199768
0.153011	50.973404
0.153011	68.146790
0.153011	56.172493
0.153011	63.481422
0.112049	70.036705
0.112049	90.813194
0.112049	76.678246
0.112049	94.320007
0.112049	47.352470
0.112049	54.233395
0.112049	50.606422
0.386834	58.366180
0.386834	54.416798
0.386834	58.942898
0.386834	74.554832
0.386834	68.481720
0.386834	35.704391
0.386834	41.025517
0.386834	47.414833
0.386834	50.912178
0.092502	35.733402
0.092502	47.849068
0.092502	32.591064
0.092502	45.970055
0.092502	54.803375
0.092502	57.530777
0.092502	100.898506
0.188841	89.332230
0.188841	58.707844
0.188841	79.632500
0.188841	75.012451
0.188841	92.470924
0.188841	80.235420
0.188841	110.335815
0.157675	89.802238
0.157675	94.276527
0.157675	93.136452
0.157675	114.335030
0.157675	112.731537
0.157675	71.608299
0.157675	78.353531
0.157675	78.948685
0.065642	80.733086
0.065642	80.720726
0.065642	59.338650
0.065642	87.070854
0.065642	68.121498
0.123577	96.144432
0.123577	54.280094
0.123577	67.157120
0.123577	47.885559
0.123577	81.854973
0.123577	36.228218
0.123577	41.585381
0.123577	26.049732
0.182489	16.882803
0.182489	49.073692
0.182489	96.579765
0.182489	115.474365
0.182489	50.902267
0.182489	41.629478
0.182489	45.960255
0.081203	80.755074
0.081203	58.477325
0.081203	37.174904
0.081203	66.500816
0.081203	34.851498
0.081203	33.127724
0.081203	43.566360
0.081203	37.333805
0.081203	25.719490
0.081203	68.914474
0.081203	55.360188
0.081203	73.417221
0.239608	75.883736
0.239608	63.977631
0.239608	67.206650
0.239608	61.007030
0.239608	69.825203
0.239608	83.077873
0.239608	81.083946
0.239608	72.996147
0.072908	80.773445
0.072908	0.000000
0.072908	0.000000
0.072908	5.877994
0.072908	17.637056
0.072908	0.000000
0.072908	1.463933
0.333113	8.348739
0.333113	0.498020
0.333113	30.449736
0.333113	19.954607
0.333113	70.930656
0.333113	35.354969
0.333113	19.081961
0.118160	48.815659
0.118160	4.985022
0.118160	60.425179
0.118160	40.539486
0.118160	66.344795
0.118160	78.667084
0.118160	80.200401
0.149438	68.104263
0.149438	47.315594
0.149438	58.256775
0.149438	88.443237
0.149438	51.773094
0.149438	56.489208
0.149438	52.896835
0.081303	51.885338
0.081303	106.012894
0.081303	60.266182
0.081303	50.986145
0.175090	49.503265
0.175090	94.887947
0.175090	76.058281
0.175090	38.529655
0.175090	40.863335
0.175090	65.951195
0.175090	33.080326
0.175090	36.741192
0.175090	33.449879
0.175090	76.030815
0.175090	81.431686
0.175090	68.125847
0.255213	68.452576
0.255213	88.855148
0.255213	88.834625
0.255213	88.815033
0.255213	95.240990
0.255213	63.797283
0.255213	54.516479
0.255213	50.246292
0.217430	49.928387
0.217430	71.799278
0.217430	74.571922
0.217430	84.735573
0.217430	67.477303
0.217430	48.746933
0.217430	53.510887
0.217430	50.693539
0.324088	52.375507
0.324088	65.139259
0.324088	85.930779
0.324088	67.796288
0.324088	80.599113
0.324088	41.625099
0.324088	44.433170
0.324088	39.075649
0.246530	42.735222
0.246530	55.104679
0.246530	41.575497
0.246530	64.514267
0.246530	60.151489
0.246530	56.682007
0.246530	55.497566
0.143254	63.772827
0.143254	66.913521
0.143254	70.239098
0.143254	65.146538
0.143254	69.874176
0.143254	79.967262
0.143254	78.371864
0.112736	57.571224
0.112736	57.699841
0.112736	56.168056
0.112736	61.749214
0.112736	65.365776
0.112736	71.166206
0.112736	76.967087
0.112736	76.342873
0.207226	81.365028
0.207226	88.682198
0.207226	86.183929
0.207226	14.759871
0.207226	18.277044
0.207226	17.077181
0.207226	11.537062
0.166373	13.003424
0.166373	19.645676
0.166373	23.925447
0.166373	5.912818
0.166373	10.875851
0.166373	9.563748
0.166373	16.543808
0.166373	23.559290
0.218824	26.660921
0.218824	49.332779
0.218824	57.659828
0.218824	38.212708
0.218824	41.913109
0.218824	48.137466
0.218824	41.327477
0.218824	46.563427
0.218824	22.513582
0.218824	25.945662
0.218824	33.340305
0.112777	33.324799
0.112777	51.950405
0.112777	42.323021
0.112777	57.304760
0.112777	68.280365
0.112777	77.592346
0.112777	76.678825
0.112777	53.300041
0.119031	45.922417
0.119031	61.490166
0.119031	45.271046
0.119031	65.718895
0.119031	60.158913
0.119031	44.349377
0.119031	101.265388
0.119031	72.997398
0.119031	70.737389
0.119031	82.521988
0.119031	83.985268
0.119031	81.384735
0.119031	81.160362
0.119031	75.944237
0.147691	116.499275
0.147691	95.815277
0.147691	118.264740
0.147691	94.217522
0.147691	115.013786
0.147691	78.578621
0.149713	75.302322
0.149713	0.000000
0.149713	0.000000
0.149713	0.000000
0.149713	0.000000
0.216775	0.000000
0.216775	88.007698
0.216775	29.535261
0.216775	91.383179
0.216775	0.000000
0.216775	0.000000
0.216775	0.000000
0.216775	0.000000
0.216775	0.000000
0.216775	0.000000
0.216775	0.000000
0.547291	0.000000
0.547291	15.462098
0.547291	15.546738
0.547291	14.782104
0.547291	13.593973
0.365794	29.566721
0.365794	0.000000
0.365794	8.504090
0.365794	4.788476
0.365794	7.581103
0.365794	68.343330
0.365794	50.195522
0.589955	33.655453
0.589955	47.346447
0.589955	38.751564
0.589955	13.444635
0.589955	21.135504
0.589955	11.271383
0.589955	12.334598
0.589955	29.341681
0.805799	55.277832
0.805799	37.410900
0.805799	40.095173
0.805799	64.323448
0.805799	59.710663
0.805799	72.950935
0.805799	0.000000
0.805799	0.000000
0.238700	0.000000
0.238700	0.000000
0.238700	0.000000
0.238700	0.000000
0.238700	0.000000
0.238700	0.000000
0.238700	9.883699
0.238700	14.212849
0.391537	15.313419
0.391537	26.314913
0.391537	33.283112
0.391537	0.000000
0.391537	6.564441
0.391537	0.000000
0.391537	43.199425
0.391537	52.130226
0.391537	0.000000
0.391537	42.051826
0.391537	30.169714
0.391537	43.694473
0.421146	0.000000
0.421146	0.000000
0.421146	0.000000
0.421146	0.000000
0.421146	0.000000
0.421146	0.527340
0.421146	5.322656
0.421146	42.136749
0.351677	47.114464
0.351677	0.000000
0.351677	0.000000
0.351677	0.000000
0.351677	0.000000
0.351677	0.000000
0.351677	0.000000
0.351677	0.000000
0.351677	0.000000
0.470448	4.405717
0.470448	18.645853
0.470448	8.622877
0.470448	2.609239
0.470448	66.826141
0.492960	53.401985
0.492960	53.594879
0.492960	66.238159
0.492960	56.810024
0.492960	5.024177
0.492960	0.000000
0.492960	0.000000
0.588615	16.015728
0.588615	22.819452
0.588615	29.997948
0.588615	62.212540
0.588615	11.226667
0.588615	15.920097
0.588615	14.680832
0.588615	7.043056
0.794531	8.594176
0.794531	14.140084
0.794531	42.975975
0.794531	34.492016
0.794531	38.113590
0.794531	62.022938
0.794531	37.597980
0.794531	60.306709
0.469859	62.491829
0.469859	64.583984
0.469859	92.724838
0.469859	47.226116
0.469859	55.686913
0.469859	51.606361
0.469859	90.436241
0.469859	36.678623
0.469859	29.484077
0.469859	39.864204
0.469859	77.385956
0.568524	72.204849
0.568524	79.685234
0.568524	64.054092
0.568524	67.980141
0.568524	99.969757
0.568524	86.649437
0.568524	99.544350
0.568524	66.113274
0.557165	75.888000
0.557165	84.952217
0.557165	81.956551
0.557165	75.757225
0.557165	86.528450
0.557165	88.943077
0.557165	93.047585
0.557165	107.233589
0.371143	95.149681
0.371143	94.888329
0.371143	98.709061
0.371143	97.899117
0.371143	74.624222
0.283585	79.713707
0.283585	80.935295
0.283585	87.601608
0.283585	74.571594
0.283585	65.408165
0.283585	68.630608
0.283585	60.602192
0.283585	76.701164
0.283585	88.197006
0.219201	86.243362
0.219201	105.905434
0.219201	101.618645
0.219201	94.488564
0.219201	89.771683
0.219201	96.775375
0.219201	76.147758
0.219201	94.155830
0.192146	110.602127
0.192146	105.174644
0.192146	109.075539
0.192146	116.359795
0.192146	103.139977
0.192146	99.812019
0.192146	68.295799
