Ground Truth	Predictions
0.806544	0.561042
0.806544	0.477634
0.806544	0.466189
0.806544	0.521643
0.806544	0.467761
0.806544	0.458381
0.806544	0.376648
0.696761	0.494295
0.696761	0.455315
0.696761	0.476905
0.696761	0.458092
0.696761	0.538854
0.696761	0.406117
0.696761	0.439083
0.696761	0.552493
0.696761	0.429837
0.585644	0.264493
0.585644	0.172039
0.585644	0.199879
0.585644	0.173740
0.585644	0.210184
0.585644	0.211493
0.585644	0.158488
0.585644	0.430543
0.533018	0.381384
0.533018	0.378372
0.533018	0.380641
0.533018	0.374966
0.533018	0.381627
0.533018	0.394671
0.533018	0.413368
0.533018	0.441225
0.533018	0.406873
0.319766	0.204503
0.319766	0.185303
0.319766	0.216995
0.319766	0.165750
0.319766	0.118274
0.319766	0.164970
0.319766	0.130871
0.319766	0.200051
0.319766	0.124077
0.319766	0.201015
0.319766	0.157775
0.102718	0.033213
0.102718	0.025531
0.102718	0.040062
0.102718	0.025917
0.164065	0.036474
0.164065	0.028367
0.164065	0.032446
0.164065	0.021976
0.164065	0.023526
0.164065	0.029389
0.164065	0.025327
0.164065	0.022610
0.217031	0.062169
0.217031	0.059175
0.217031	0.055910
0.217031	0.060306
0.217031	0.062132
0.217031	0.068587
0.217031	0.104616
0.217031	0.165693
0.074116	0.062223
0.074116	0.056217
0.074116	0.071902
0.074116	0.070316
0.074116	0.062319
0.074116	0.064416
0.074116	0.054160
0.074116	0.063829
0.128954	0.088887
0.128954	0.119158
0.128954	0.098439
0.128954	0.130945
0.128954	0.107276
0.128954	0.116042
0.123797	0.108520
0.123797	0.141326
0.123797	0.117090
0.123797	0.115588
0.259882	0.143575
0.259882	0.141967
0.259882	0.142894
0.259882	0.177186
0.259882	0.167392
0.259882	0.154726
0.259882	0.180546
0.259882	0.137315
0.267848	0.142309
0.267848	0.142051
0.267848	0.141459
0.267848	0.139665
0.267848	0.141562
0.267848	0.146265
0.267848	0.144279
0.267848	0.149043
0.267848	0.139819
0.267008	0.131487
0.267008	0.131715
0.267008	0.133013
0.267008	0.129258
0.267008	0.124649
0.267008	0.135916
0.267008	0.128239
0.267008	0.143764
0.267008	0.161296
0.267008	0.155957
0.267008	0.144955
0.267008	0.182896
0.058785	0.050646
0.058785	0.047729
0.058785	0.052509
0.058785	0.045191
0.058785	0.036790
0.058785	0.044996
0.058785	0.034678
0.058785	0.038934
0.087924	0.072831
0.087924	0.075344
0.087924	0.091972
0.087924	0.076136
0.087924	0.072531
0.087924	0.074485
0.087924	0.130640
0.193186	0.104746
0.193186	0.092225
0.193186	0.108541
0.193186	0.095066
0.193186	0.104326
0.132787	0.167279
0.132787	0.171214
0.132787	0.167560
0.132787	0.171391
0.132787	0.170780
0.132787	0.180935
0.132787	0.177981
0.132787	0.170442
0.132787	0.179771
0.149899	0.217081
0.149899	0.215887
0.149899	0.202542
0.149899	0.259557
0.149899	0.274718
0.068006	0.285078
0.068006	0.242282
0.068006	0.235821
0.068006	0.266111
0.068006	0.263728
0.068006	0.243803
0.068006	0.249874
0.068006	0.271403
0.068006	0.264218
0.068006	0.259626
0.068006	0.274764
0.179999	0.189355
0.179999	0.195610
0.179999	0.194303
0.179999	0.201714
0.258822	0.177762
0.258822	0.182307
0.258822	0.177332
0.258822	0.181751
0.258822	0.173998
0.258822	0.179274
0.258822	0.167810
0.258822	0.180129
0.258822	0.180942
0.258822	0.190502
0.258822	0.195727
0.230251	0.159707
0.230251	0.161184
0.230251	0.159041
0.230251	0.160163
0.230251	0.164588
0.230251	0.180296
0.230251	0.214904
0.230251	0.186406
0.230251	0.157788
0.143515	0.070269
0.143515	0.067127
0.143515	0.070969
0.143515	0.107519
0.143515	0.062628
0.143515	0.053263
0.143515	0.069559
0.057055	0.083799
0.057055	0.080896
0.057055	0.081210
0.057055	0.080780
0.057055	0.088421
0.057055	0.099265
0.057055	0.094536
0.057055	0.148232
0.068397	0.066310
0.068397	0.061585
0.068397	0.073078
0.068397	0.068817
0.068397	0.051699
0.289335	0.133331
0.289335	0.147749
0.289335	0.147317
0.289335	0.149967
0.289335	0.143392
0.289335	0.127637
0.122751	0.145562
0.122751	0.148521
0.122751	0.144738
0.122751	0.142800
0.122751	0.153248
0.330249	0.163712
0.330249	0.148299
0.330249	0.149400
0.330249	0.181093
0.330249	0.154424
0.330249	0.157350
0.278672	0.164725
0.278672	0.171098
0.278672	0.175760
0.278672	0.170877
0.278672	0.213803
0.278672	0.198785
0.356051	0.226695
0.356051	0.247836
0.356051	0.262536
0.356051	0.294645
0.356051	0.271328
0.356051	0.306908
0.356051	0.260244
0.356051	0.332647
0.403047	0.209505
0.403047	0.233011
0.403047	0.228384
0.403047	0.221546
0.403047	0.243599
0.403047	0.231608
0.403047	0.251563
0.403047	0.244771
0.403047	0.304045
0.337813	0.268582
0.337813	0.264024
0.337813	0.242151
0.337813	0.251174
0.337813	0.331840
0.337813	0.362873
0.337813	0.334735
0.337813	0.337114
0.337813	0.264244
0.161599	0.195520
0.161599	0.190550
0.161599	0.193078
0.161599	0.190411
0.161599	0.182414
0.161599	0.219958
0.161599	0.208852
0.161599	0.221051
0.161599	0.177397
0.072592	0.156279
0.072592	0.162199
0.072592	0.180984
0.072592	0.184408
0.072592	0.159981
0.072592	0.156828
0.072592	0.155800
0.072592	0.158784
0.072592	0.164815
0.372264	0.211635
0.372264	0.248680
0.372264	0.251605
0.372264	0.295412
0.372264	0.325333
0.372264	0.219996
0.372264	0.374590
0.372264	0.485579
0.113199	0.231245
0.113199	0.215974
0.113199	0.298803
0.113199	0.267414
0.113199	0.203425
0.113199	0.192899
0.113199	0.176475
0.113199	0.174970
0.113199	0.154215
0.113199	0.158108
0.113199	0.145987
0.113199	0.121819
0.113199	0.112678
0.113199	0.104584
0.110011	0.187822
0.110011	0.198115
0.110011	0.200859
0.110011	0.158166
0.110011	0.220129
0.110011	0.350718
0.110011	0.172303
0.570032	0.127869
0.570032	0.098656
0.570032	0.129246
0.570032	0.338705
0.570032	0.104303
0.570032	0.162925
0.570032	0.102429
0.570032	0.101140
0.268053	0.256840
0.268053	0.247957
0.268053	0.228975
0.268053	0.213685
0.268053	0.247330
0.268053	0.258279
0.268053	0.270657
0.268053	0.304356
0.268053	0.352616
0.553216	0.348482
0.553216	0.210871
0.553216	0.207584
0.553216	0.284504
0.553216	0.327905
0.553216	0.377248
0.553216	0.373558
0.553216	0.344157
0.553216	0.242110
0.442955	0.219145
0.442955	0.215284
0.442955	0.204901
0.442955	0.298246
0.442955	0.205644
0.442955	0.204277
0.442955	0.211070
0.552586	0.236249
0.552586	0.332552
0.552586	0.224156
0.552586	0.217819
0.552586	0.296697
0.552586	0.258404
0.552586	0.307020
0.645775	0.292136
0.645775	0.227983
0.645775	0.215432
0.645775	0.232040
0.645775	0.276206
0.645775	0.320530
0.645775	0.349132
0.645775	0.304814
0.399178	0.252746
0.399178	0.250051
0.399178	0.244218
0.399178	0.240920
0.399178	0.256193
0.399178	0.268571
0.399178	0.258733
0.399178	0.251572
0.399178	0.258828
0.660748	0.184007
0.660748	0.186369
0.660748	0.182140
0.660748	0.183659
0.660748	0.219842
0.547982	0.177261
0.547982	0.175894
0.547982	0.201329
0.547982	0.176866
0.496049	0.160880
0.496049	0.156496
0.496049	0.176545
0.496049	0.158753
0.496049	0.156276
0.496049	0.157440
0.519821	0.137610
0.519821	0.136488
0.519821	0.140249
0.519821	0.134764
0.519821	0.146957
0.275380	0.091321
0.275380	0.077689
0.275380	0.085166
0.275380	0.089876
0.275380	0.067209
0.255971	0.053065
0.255971	0.062648
0.255971	0.064426
0.255971	0.053838
0.255971	0.076392
0.255971	0.073622
0.255971	0.057194
0.188525	0.069257
0.188525	0.058104
0.188525	0.084495
0.188525	0.054837
0.188525	0.061894
0.188525	0.061443
0.227574	0.061930
0.227574	0.045347
0.227574	0.052275
0.227574	0.038396
0.227574	0.038314
0.227574	0.057014
0.227574	0.057049
0.227574	0.049409
0.184702	0.196776
0.184702	0.190836
0.184702	0.199760
0.184702	0.221444
0.184702	0.199824
0.184702	0.196159
0.184702	0.211479
0.184702	0.240532
0.184702	0.270586
0.184702	0.246657
0.184702	0.294703
0.154046	0.128530
0.154046	0.141710
0.154046	0.164863
0.154046	0.181764
0.154046	0.102294
0.154046	0.110966
0.220356	0.253309
0.220356	0.367166
0.220356	0.248335
0.220356	0.311491
0.220356	0.375867
0.220356	0.246628
0.220356	0.242625
0.220356	0.275333
0.220356	0.229582
0.220356	0.231428
0.369999	0.287557
0.369999	0.302347
0.369999	0.322585
0.369999	0.300524
0.369999	0.269147
0.369999	0.258725
0.369999	0.257233
0.369999	0.323745
0.260705	0.256489
0.260705	0.313180
0.260705	0.247831
0.260705	0.288637
0.320073	0.205183
0.320073	0.199291
0.320073	0.204236
0.320073	0.198048
0.320073	0.183211
0.320073	0.185516
0.320073	0.175612
0.320073	0.176508
0.320073	0.179211
0.320073	0.234616
0.320073	0.206557
0.087477	0.155930
0.087477	0.159344
0.087477	0.156487
0.087477	0.155818
0.087477	0.155262
0.087477	0.165171
0.087477	0.163573
0.087477	0.170950
0.087477	0.171923
0.087477	0.182838
0.087477	0.176852
0.087477	0.226271
0.064481	0.046976
0.064481	0.045395
0.064481	0.046980
0.064481	0.045103
0.064481	0.046005
0.064481	0.048650
0.064481	0.037976
0.064481	0.046195
0.089571	0.042825
0.089571	0.038512
0.089571	0.049073
0.089571	0.042461
0.089571	0.044863
0.098287	0.052981
0.098287	0.055745
0.098287	0.063890
0.098287	0.060584
0.098287	0.051337
0.253200	0.155820
0.253200	0.156908
0.253200	0.143963
0.253200	0.157338
0.253200	0.195839
0.253200	0.151381
0.253200	0.137860
0.253200	0.168034
0.155527	0.168746
0.155527	0.170863
0.155527	0.173472
0.155527	0.177355
0.155527	0.175458
0.155527	0.199487
0.155527	0.178171
0.155527	0.193753
0.155527	0.109973
0.374290	0.171346
0.374290	0.157268
0.374290	0.175349
0.374290	0.177428
0.374290	0.171831
0.374290	0.147438
0.374290	0.168388
0.374290	0.172772
0.094647	0.075815
0.094647	0.067752
0.094647	0.092746
0.094647	0.073551
0.364455	0.139462
0.364455	0.156219
0.364455	0.143704
0.364455	0.145317
0.364455	0.152000
0.364455	0.142072
0.364455	0.141753
0.364455	0.138021
0.132889	0.059225
0.132889	0.049116
0.132889	0.057894
0.132889	0.150342
0.132889	0.063202
0.132889	0.042693
0.132889	0.042543
0.273529	0.067074
0.273529	0.091980
0.273529	0.080460
0.273529	0.067017
0.273529	0.096415
0.273529	0.157982
0.273529	0.164396
0.223168	0.085866
0.223168	0.085490
0.223168	0.083839
0.223168	0.084322
0.223168	0.080162
0.223168	0.072689
0.194070	0.173988
0.194070	0.172186
0.194070	0.172483
0.194070	0.170681
0.194070	0.179413
0.194070	0.185691
0.194070	0.174628
0.194070	0.183678
0.194070	0.165801
0.206519	0.193691
0.206519	0.203407
0.206519	0.190054
0.206519	0.186242
0.206519	0.192785
0.206519	0.226730
0.206519	0.187152
0.206519	0.197664
0.206519	0.191404
0.206519	0.218106
0.206519	0.220985
0.253282	0.244833
0.253282	0.238277
0.253282	0.236256
0.253282	0.311063
0.253282	0.285702
0.253282	0.243189
0.253282	0.233670
0.253282	0.223861
0.253282	0.226467
0.185380	0.233516
0.185380	0.234328
0.185380	0.234632
0.185380	0.235121
0.185380	0.245239
0.185380	0.254314
0.185380	0.260037
0.235283	0.174232
0.235283	0.167634
0.235283	0.172085
0.235283	0.207767
0.235283	0.177527
0.235283	0.251458
0.235283	0.218959
0.290753	0.165615
0.290753	0.188983
0.290753	0.165934
0.290753	0.162385
0.291863	0.162581
0.291863	0.160450
0.291863	0.161530
0.291863	0.161285
0.291863	0.155214
0.291863	0.154716
0.291863	0.166372
0.189671	0.151168
0.189671	0.153120
0.189671	0.152210
0.189671	0.153033
0.189671	0.154444
0.189671	0.156969
0.189671	0.155279
0.189671	0.158045
0.122660	0.062803
0.122660	0.063704
0.122660	0.071619
0.122660	0.069776
0.122660	0.061005
0.122660	0.054745
0.432206	0.150450
0.432206	0.145809
0.432206	0.153126
0.432206	0.153582
0.432206	0.146023
0.432206	0.148969
0.432206	0.157520
0.432206	0.157431
0.432206	0.165052
0.432206	0.165805
0.432206	0.165391
0.138993	0.043156
0.138993	0.044336
0.138993	0.048828
0.138993	0.045292
0.138993	0.050033
0.138993	0.047903
0.138993	0.046233
0.138993	0.044996
0.138993	0.042285
0.138993	0.049426
0.138993	0.050410
0.459255	0.054477
0.459255	0.049953
0.459255	0.059736
0.459255	0.054931
0.459255	0.064170
0.459255	0.052925
0.459255	0.056342
0.459255	0.130558
0.559074	0.034014
0.559074	0.027261
0.559074	0.037602
0.559074	0.029638
0.559074	0.026606
0.559074	0.023154
0.559074	0.019780
0.559074	0.023635
0.574154	0.037901
0.574154	0.043198
0.574154	0.040395
0.574154	0.035230
0.574154	0.044163
0.574154	0.122274
0.574154	0.104045
0.679802	0.042967
0.679802	0.035521
0.679802	0.043285
0.679802	0.050635
0.679802	0.030179
0.431323	0.044132
0.431323	0.054286
0.431323	0.046662
0.431323	0.054531
0.431323	0.059157
0.431323	0.048590
0.431323	0.064559
0.431323	0.051188
0.431323	0.075912
0.431323	0.043318
0.480830	0.056029
0.480830	0.052357
0.480830	0.050334
0.480830	0.045664
0.480830	0.053918
0.480830	0.038190
0.480830	0.051991
0.480830	0.035311
0.226722	0.048082
0.226722	0.036848
0.226722	0.061203
0.226722	0.076383
0.226722	0.052021
0.226722	0.045434
0.226722	0.038322
0.226722	0.039389
0.387229	0.012947
0.387229	0.015210
0.387229	0.017256
0.387229	0.031636
0.259915	0.137416
0.259915	0.139382
0.259915	0.143027
0.259915	0.130653
0.259915	0.134454
0.259915	0.144323
0.259915	0.129083
0.259915	0.160172
0.259915	0.146452
0.259915	0.162028
0.259915	0.191087
0.384942	0.043666
0.384942	0.044183
0.384942	0.049126
0.384942	0.042962
0.384942	0.053655
0.384942	0.058684
0.384942	0.057356
0.384942	0.060307
0.384942	0.068489
0.384942	0.068372
0.384942	0.063981
0.384942	0.077399
0.384942	0.068975
0.384942	0.072144
0.169405	0.028618
0.169405	0.026524
0.169405	0.031893
0.169405	0.031153
0.169405	0.029763
0.169405	0.036312
0.138436	0.028529
0.138436	0.024015
0.138436	0.028152
0.138436	0.024504
0.138436	0.018627
0.138436	0.022831
0.138436	0.022986
0.138436	0.022547
0.229507	0.070939
0.229507	0.065929
0.229507	0.074835
0.229507	0.071355
0.229507	0.075380
0.229507	0.075167
0.229507	0.113913
0.229507	0.127399
0.229507	0.129466
0.055117	0.040398
0.055117	0.039792
0.055117	0.046077
0.055117	0.043414
0.055117	0.038393
0.055117	0.049912
0.391082	0.146547
0.391082	0.175228
0.391082	0.159463
0.391082	0.180836
0.391082	0.146838
0.391082	0.170343
0.391082	0.158173
0.391082	0.145657
0.391082	0.156603
0.229862	0.127574
0.229862	0.130235
0.229862	0.125530
0.229862	0.138499
0.229862	0.149900
0.080986	0.160291
0.080986	0.168106
0.080986	0.167419
0.080986	0.176811
0.080986	0.165655
0.080986	0.164778
0.080986	0.177262
0.080986	0.162441
0.080986	0.188549
0.080986	0.168854
0.264186	0.174363
0.264186	0.174353
0.264186	0.181236
0.264186	0.199531
0.264186	0.193327
0.264186	0.227706
0.264186	0.197184
0.264186	0.190044
0.264186	0.186435
0.264186	0.203483
0.264186	0.213745
0.163147	0.171361
0.163147	0.175500
0.163147	0.175428
0.163147	0.156485
0.163147	0.166342
0.163147	0.188637
0.163147	0.181860
0.163147	0.205616
0.163147	0.204790
0.163147	0.222102
0.163147	0.231032
0.193547	0.103089
0.193547	0.102451
0.193547	0.099102
0.193547	0.100891
0.193547	0.099858
0.193547	0.115959
0.193547	0.103773
0.193547	0.100443
0.193547	0.144199
0.193547	0.110477
0.193547	0.105042
0.193547	0.171939
0.104586	0.036401
0.104586	0.035275
0.104586	0.038795
0.104586	0.038462
0.104586	0.032426
0.104586	0.036885
0.104586	0.035935
0.104586	0.038644
0.104586	0.035367
0.104586	0.036249
0.104586	0.038305
0.062104	0.025891
0.062104	0.022740
0.062104	0.032184
0.062104	0.028451
0.093552	0.054870
0.093552	0.130276
0.093552	0.053426
0.093552	0.057775
0.092405	0.117211
0.092405	0.091492
0.092405	0.109211
0.092405	0.096809
0.092405	0.120118
0.092405	0.129875
0.092405	0.130436
0.308479	0.152376
0.308479	0.152199
0.308479	0.153463
0.308479	0.149163
0.308479	0.151345
0.308479	0.151996
0.308479	0.134660
0.308479	0.142928
0.308479	0.159985
0.190396	0.156520
0.190396	0.157283
0.190396	0.158953
0.190396	0.184692
0.190396	0.212986
0.190396	0.154395
0.190396	0.148850
0.190396	0.149451
0.144010	0.167910
0.144010	0.183500
0.144010	0.176843
0.144010	0.214345
0.144010	0.193460
0.144010	0.176568
0.144010	0.172810
0.144010	0.181619
0.144010	0.168004
0.144010	0.184836
0.144010	0.183431
0.095795	0.069164
0.095795	0.060112
0.095795	0.066532
0.095795	0.130414
0.095795	0.062143
0.095795	0.059746
0.095795	0.045648
0.095795	0.052634
0.103000	0.046440
0.103000	0.044765
0.103000	0.049069
0.103000	0.044130
0.103000	0.082660
0.103000	0.052433
0.076611	0.056630
0.076611	0.050676
0.076611	0.061652
0.076611	0.053864
0.076611	0.047309
0.076611	0.044715
0.160888	0.149781
0.160888	0.139935
0.160888	0.162272
0.160888	0.177309
0.160888	0.167919
0.160888	0.138577
0.160888	0.162993
0.160888	0.150539
0.160888	0.173195
0.160888	0.169458
0.160888	0.187690
0.113975	0.102034
0.113975	0.137736
0.113975	0.104045
0.113975	0.089488
0.113975	0.156727
0.038597	0.195509
0.038597	0.183485
0.038597	0.182339
0.038597	0.205545
0.038597	0.205860
0.038597	0.196480
0.038597	0.185350
0.038597	0.173751
0.038597	0.209202
0.122402	0.140476
0.122402	0.154524
0.122402	0.147305
0.122402	0.140654
0.122402	0.142786
0.122402	0.165422
0.122402	0.153946
0.120180	0.112086
0.120180	0.068246
0.120180	0.086519
0.120180	0.123696
0.120180	0.119892
0.120180	0.069098
0.120180	0.103148
0.238678	0.113134
0.238678	0.113513
0.238678	0.122004
0.238678	0.101074
0.238678	0.133682
0.238678	0.123129
0.184977	0.132122
0.184977	0.120626
0.184977	0.125766
0.184977	0.117092
0.184977	0.151351
0.184977	0.123354
0.184977	0.135990
0.169073	0.080944
0.169073	0.075710
0.169073	0.083491
0.169073	0.084839
0.169073	0.149450
0.233426	0.101882
0.233426	0.091567
0.233426	0.101851
0.233426	0.099142
0.233426	0.095069
0.233426	0.099625
0.233426	0.097279
0.233426	0.080905
0.233426	0.156548
0.190019	0.080701
0.190019	0.080762
0.190019	0.088897
0.190019	0.109969
0.190019	0.081597
0.190019	0.077901
0.190019	0.089396
0.190019	0.130604
0.190019	0.147877
0.063229	0.044705
0.063229	0.048448
0.063229	0.054056
0.063229	0.050654
0.063229	0.054628
0.063229	0.054005
0.063229	0.050134
0.063229	0.052847
0.063229	0.049092
0.063229	0.053414
0.063229	0.043321
0.063229	0.049119
0.063229	0.044600
0.063229	0.045325
0.211881	0.037654
0.211881	0.037935
0.211881	0.044302
0.211881	0.039367
0.211881	0.080243
0.211881	0.165912
0.255920	0.042205
0.255920	0.021180
0.255920	0.032505
0.255920	0.053796
0.255920	0.031684
0.255920	0.015099
0.255920	0.011126
0.368120	0.191429
0.368120	0.229448
0.368120	0.245123
0.368120	0.224645
0.368120	0.267655
0.368120	0.275686
0.368120	0.213886
0.368120	0.296777
0.368120	0.279090
0.368120	0.243787
0.453346	0.114008
0.453346	0.085261
0.453346	0.100363
0.453346	0.152982
0.453346	0.129854
0.453346	0.084999
0.453346	0.130928
0.453346	0.113795
0.482223	0.147510
0.482223	0.189809
0.482223	0.162265
0.482223	0.162108
0.482223	0.230467
0.523746	0.181951
0.523746	0.291590
0.523746	0.337007
0.523746	0.348976
0.523746	0.357982
0.523746	0.253061
0.523746	0.138370
0.523746	0.265385
0.202924	0.318600
0.202924	0.251928
0.202924	0.289587
0.202924	0.336728
0.202924	0.225390
0.202924	0.193193
0.202924	0.250247
0.202924	0.220608
0.202924	0.269264
0.202924	0.260145
0.170877	0.308013
0.170877	0.412854
0.170877	0.452520
0.170877	0.443313
0.170877	0.468755
0.170877	0.397753
0.170877	0.199922
0.208272	0.538504
0.208272	0.423102
0.208272	0.490159
0.208272	0.512004
0.208272	0.395754
0.208272	0.414455
0.208272	0.429022
0.208272	0.395826
0.208272	0.460399
0.239576	0.271402
0.239576	0.287092
0.239576	0.311270
0.239576	0.292919
0.239576	0.316267
0.239576	0.325515
0.239576	0.269899
0.082225	0.255232
0.082225	0.178701
0.082225	0.177918
0.082225	0.163746
0.082225	0.164663
0.082225	0.174460
0.082225	0.155233
0.082225	0.213827
0.040990	0.406075
0.040990	0.368251
0.040990	0.340475
0.040990	0.308785
0.040990	0.338229
0.040990	0.364503
0.040990	0.334581
0.040990	0.363173
0.124484	0.316466
0.124484	0.285898
0.124484	0.258895
0.124484	0.266045
0.124484	0.294614
0.124484	0.264484
0.124484	0.245650
0.124484	0.257423
0.124484	0.272735
0.124484	0.282366
0.124484	0.292697
0.124484	0.271591
0.084378	0.186303
0.084378	0.155171
0.084378	0.172273
0.084378	0.148245
0.084378	0.133527
0.084378	0.137237
0.110395	0.209957
0.110395	0.215993
0.110395	0.212627
0.110395	0.209380
0.110395	0.213851
0.110395	0.264412
0.110395	0.212248
0.070129	0.207142
0.070129	0.202798
0.070129	0.200983
0.070129	0.204069
0.070129	0.198106
0.070129	0.195795
0.070129	0.204046
0.239104	0.216750
0.239104	0.235204
0.239104	0.223443
0.239104	0.256158
0.239104	0.222007
0.239104	0.213605
0.239104	0.250952
0.239104	0.233237
0.239104	0.222389
0.239104	0.217010
0.239104	0.221071
0.071147	0.225408
0.071147	0.231057
0.071147	0.234718
0.071147	0.271514
0.071147	0.272191
0.071147	0.221714
0.071147	0.262874
0.071147	0.290007
0.071147	0.212780
0.077990	0.220011
0.077990	0.225983
0.077990	0.238684
0.077990	0.233140
0.077990	0.206786
0.077990	0.252225
0.077990	0.209391
0.077990	0.234329
0.077990	0.222277
0.077990	0.258313
0.077990	0.220331
0.065961	0.239133
0.065961	0.246852
0.065961	0.244678
0.065961	0.239140
0.065961	0.266329
0.065961	0.277576
0.065961	0.253941
0.065961	0.308797
0.065961	0.311761
0.065961	0.308903
0.065961	0.289665
0.065961	0.355712
0.035038	0.034574
0.035038	0.035947
0.035038	0.042407
0.035038	0.057166
0.035038	0.083567
0.173490	0.229416
0.173490	0.239970
0.173490	0.213445
0.173490	0.068711
0.173490	0.074061
0.173490	0.093644
0.173490	0.075238
0.173490	0.074419
0.173490	0.236005
0.173490	0.085211
0.217515	0.242172
0.217515	0.216816
0.217515	0.203068
0.217515	0.201253
0.217515	0.245152
0.217515	0.227575
0.217515	0.189274
0.217515	0.081441
0.349720	0.180202
0.349720	0.180996
0.349720	0.177318
0.349720	0.207667
0.349720	0.172797
0.349720	0.171311
0.402347	0.211207
0.402347	0.233927
0.402347	0.186296
0.402347	0.208569
0.402347	0.250437
0.838269	0.299776
0.838269	0.282523
0.838269	0.244346
0.838269	0.243834
0.838269	0.294353
0.838269	0.233821
0.838269	0.295730
0.838269	0.268506
0.838269	0.272925
0.838269	0.303507
0.838269	0.298625
0.717103	0.229281
0.717103	0.264632
0.717103	0.226682
0.717103	0.236604
0.717103	0.224730
0.717103	0.220364
0.717103	0.239912
0.368594	0.221455
0.368594	0.236173
0.368594	0.217204
0.368594	0.261312
0.368594	0.237750
0.335840	0.196457
0.335840	0.210479
0.335840	0.212261
0.335840	0.223344
0.335840	0.228011
0.335840	0.227070
0.335840	0.239039
0.335840	0.224028
0.170907	0.180982
0.170907	0.181689
0.170907	0.189301
0.170907	0.193598
0.170907	0.186518
0.170907	0.175929
0.170907	0.168846
0.170907	0.193117
0.170907	0.168663
0.056439	0.151176
0.056439	0.142099
0.056439	0.134904
0.056439	0.132053
0.056439	0.171395
0.056439	0.173606
0.056439	0.162816
0.056439	0.138755
0.179427	0.134562
0.179427	0.146110
0.179427	0.168007
0.179427	0.149125
0.179427	0.113869
0.101212	0.181635
0.101212	0.172452
0.101212	0.190926
0.101212	0.185139
0.101212	0.168796
0.101212	0.159212
0.101212	0.169064
0.404697	0.196244
0.404697	0.197391
0.404697	0.199307
0.404697	0.220520
0.404697	0.219563
0.404697	0.221288
0.404697	0.223967
0.404697	0.207299
0.243842	0.215357
0.243842	0.276297
0.243842	0.226640
0.243842	0.214657
0.243842	0.232921
0.243842	0.254305
0.243842	0.258669
0.243842	0.257306
0.243842	0.261271
0.243842	0.270379
0.243842	0.275605
0.144049	0.257288
0.144049	0.232301
0.144049	0.239861
0.144049	0.272622
0.144049	0.267530
0.144049	0.228288
0.144049	0.229652
0.144049	0.226195
0.214426	0.072127
0.214426	0.075271
0.214426	0.080888
0.214426	0.065734
0.214426	0.080422
0.214426	0.107194
0.214426	0.078639
0.080166	0.079164
0.080166	0.077097
0.080166	0.096298
0.080166	0.100952
0.080166	0.084105
0.080166	0.190907
0.080166	0.167613
0.577107	0.118486
0.577107	0.136989
0.577107	0.129823
0.577107	0.108446
0.577107	0.150238
0.577107	0.106354
0.577107	0.101716
0.577107	0.097981
0.577107	0.172178
0.577107	0.115400
0.577107	0.094329
0.577107	0.133634
0.577107	0.332465
0.577107	0.177834
0.270966	0.046975
0.270966	0.057616
0.270966	0.051620
0.270966	0.053726
0.138696	0.076801
0.138696	0.063903
0.138696	0.073323
0.138696	0.064433
0.138696	0.063514
0.138696	0.063899
0.138696	0.088608
0.165589	0.103691
0.165589	0.097868
0.165589	0.098931
0.165589	0.096838
0.165589	0.075111
0.165589	0.091934
0.165589	0.098373
0.165589	0.140169
0.153553	0.047266
0.153553	0.047403
0.153553	0.064000
0.153553	0.076076
0.153553	0.047112
0.153553	0.063371
0.154436	0.101183
0.154436	0.131151
0.154436	0.126576
0.154436	0.110109
0.154436	0.149184
0.154436	0.200820
0.154436	0.229510
0.154436	0.171955
0.067332	0.111064
0.067332	0.110537
0.067332	0.164083
0.067332	0.199408
0.067332	0.098105
0.067332	0.073282
0.067332	0.079813
0.067332	0.069363
0.124073	0.365393
0.124073	0.403416
0.124073	0.389576
0.124073	0.345564
0.124073	0.387041
0.124073	0.433885
0.124073	0.456317
0.204336	0.410281
0.204336	0.377346
0.204336	0.390076
0.204336	0.407094
0.204336	0.445194
0.204336	0.386488
0.204336	0.474610
0.204336	0.363597
0.117439	0.339819
0.117439	0.320277
0.117439	0.342565
0.117439	0.281816
0.117439	0.474778
0.191058	0.446559
0.191058	0.401431
0.191058	0.377500
0.191058	0.470271
0.191058	0.495452
0.191058	0.451047
0.191058	0.487043
0.191058	0.518977
0.191058	0.503634
0.191058	0.483948
0.191058	0.483466
0.236087	0.300938
0.236087	0.337296
0.236087	0.244877
0.236087	0.236618
0.236087	0.271291
0.236087	0.243636
0.236087	0.230696
0.236087	0.241469
0.236087	0.206392
0.336767	0.324703
0.336767	0.298066
0.336767	0.227939
0.336767	0.355609
0.336767	0.270891
0.336767	0.250664
0.336767	0.212517
0.336767	0.269465
0.350128	0.171584
0.350128	0.181461
0.350128	0.190477
0.350128	0.192055
0.350128	0.208849
0.350128	0.192844
0.350128	0.178883
0.350128	0.228330
0.350128	0.174119
0.348025	0.182395
0.348025	0.196539
0.348025	0.215304
0.348025	0.233088
0.348025	0.182518
0.348025	0.160793
0.348025	0.147745
0.348025	0.167680
0.348025	0.128482
0.348025	0.135733
0.348025	0.151088
0.218161	0.201721
0.218161	0.231774
0.218161	0.245480
0.218161	0.199097
0.218161	0.275715
0.218161	0.302451
0.218161	0.286223
0.218161	0.358563
0.218161	0.367690
0.218161	0.338696
0.218161	0.334371
0.218161	0.293836
0.067155	0.174257
0.067155	0.166791
0.067155	0.184226
0.067155	0.214982
0.067155	0.155000
0.067155	0.188583
0.047709	0.209103
0.047709	0.217507
0.047709	0.211999
0.047709	0.190989
0.047709	0.195534
0.047709	0.188593
0.047709	0.200377
0.117672	0.365811
0.117672	0.353914
0.117672	0.372191
0.117672	0.407529
0.117672	0.374741
0.117672	0.367384
0.117672	0.381879
0.117672	0.418513
0.117672	0.434282
0.056421	0.049680
0.056421	0.052772
0.056421	0.055730
0.056421	0.048109
0.056421	0.050446
0.056421	0.046913
0.056421	0.042344
0.061274	0.084477
0.061274	0.080430
0.061274	0.076645
0.061274	0.086016
0.061274	0.083515
0.106148	0.271029
0.106148	0.115617
0.106148	0.232400
0.106148	0.094803
0.106148	0.097026
0.106148	0.211106
0.106148	0.212869
0.106148	0.077165
0.196774	0.266488
0.196774	0.271537
0.196774	0.254399
0.196774	0.256421
0.196774	0.322385
0.196774	0.111240
0.196774	0.328797
0.196774	0.114528
0.196774	0.293178
0.196774	0.161873
0.145811	0.307456
0.145811	0.282803
0.145811	0.303032
0.145811	0.345275
0.145811	0.256476
0.145811	0.309317
0.145811	0.287358
0.145811	0.222165
0.145811	0.273817
0.145811	0.242760
0.145811	0.278659
0.103234	0.317440
0.103234	0.337333
0.103234	0.315614
0.103234	0.279996
0.103234	0.324343
0.103234	0.369806
0.103234	0.340414
0.103234	0.397643
0.103234	0.460365
0.103234	0.425059
0.103234	0.511080
0.064909	0.250426
0.064909	0.229344
0.064909	0.223264
0.064909	0.227282
0.064909	0.230023
0.064909	0.238843
0.064909	0.211214
0.064909	0.227348
0.328969	0.177769
0.328969	0.164235
0.328969	0.155318
0.328969	0.163455
0.328969	0.148179
0.328969	0.130500
0.328969	0.116503
0.328969	0.107083
0.328969	0.102170
0.328969	0.146962
0.328969	0.154517
0.205844	0.149053
0.205844	0.150013
0.205844	0.132301
0.205844	0.137600
0.205844	0.146799
0.205844	0.138078
0.205844	0.140753
0.205844	0.124685
0.205844	0.176035
0.205844	0.180661
0.382095	0.148552
0.382095	0.211945
0.382095	0.140939
0.382095	0.205067
0.382095	0.206173
0.382095	0.145304
0.382095	0.155788
0.382095	0.202837
0.071673	0.169805
0.071673	0.176493
0.071673	0.290495
0.071673	0.207017
0.601830	0.154182
0.601830	0.160991
0.601830	0.179328
0.601830	0.194351
0.601830	0.143652
0.601830	0.183396
0.601830	0.161861
0.601830	0.154556
0.601830	0.146355
0.601830	0.149148
0.601830	0.172694
0.147629	0.248396
0.147629	0.266706
0.147629	0.260214
0.147629	0.358625
0.147629	0.295137
0.147629	0.315233
0.147629	0.311278
0.147629	0.319935
0.156826	0.266775
0.156826	0.360746
0.156826	0.272404
0.156826	0.309532
0.156826	0.358390
0.156826	0.331058
0.156826	0.255428
0.271701	0.034886
0.271701	0.015865
0.271701	0.015385
0.271701	0.020000
0.271701	0.042147
0.305924	0.082465
0.305924	0.504240
0.305924	0.526021
0.305924	0.525065
0.305924	0.076030
0.305924	0.076215
0.305924	0.423026
0.305924	0.205129
0.305924	0.205550
0.305924	0.283747
0.305924	0.117026
0.193772	0.231363
0.193772	0.232053
0.193772	0.200988
0.193772	0.268143
0.193772	0.354705
0.193772	0.389587
0.193772	0.340891
0.146788	0.182116
0.146788	0.237341
0.146788	0.167602
0.146788	0.185519
0.146788	0.225418
0.146788	0.152534
0.146788	0.200353
0.146788	0.192267
0.146788	0.203456
0.255033	0.157301
0.255033	0.162648
0.255033	0.156892
0.255033	0.172566
0.255033	0.224511
0.255033	0.225523
0.255033	0.216564
0.097662	0.189909
0.097662	0.192356
0.097662	0.204684
0.097662	0.217455
0.097662	0.270937
0.094100	0.161144
0.094100	0.175795
0.094100	0.187594
0.094100	0.202406
0.094100	0.177369
0.094100	0.175561
0.094100	0.162554
0.126925	0.129582
0.126925	0.125575
0.126925	0.134612
0.126925	0.136082
0.112053	0.144988
0.112053	0.150788
0.112053	0.168248
0.112053	0.170104
0.112053	0.157430
0.112053	0.156725
0.112053	0.153021
0.112053	0.139244
0.112053	0.160445
0.112053	0.137543
0.112053	0.146884
0.112053	0.131898
0.404862	0.106806
0.404862	0.110032
0.404862	0.106526
0.404862	0.104354
0.404862	0.111966
0.404862	0.115638
0.404862	0.108608
0.328941	0.132400
0.328941	0.117861
0.328941	0.121144
0.328941	0.110155
0.328941	0.151275
0.328941	0.161288
0.328941	0.192104
0.328941	0.145036
0.487816	0.086046
0.487816	0.081979
0.487816	0.085834
0.487816	0.087449
0.487816	0.077659
0.487816	0.080399
0.487816	0.080721
0.487816	0.080555
0.487816	0.077268
0.616162	0.101149
0.616162	0.098138
0.616162	0.098115
0.616162	0.105509
0.616162	0.086850
0.616162	0.134692
0.616162	0.116185
0.616162	0.105613
0.616162	0.147481
0.616162	0.111522
0.616162	0.140636
0.651240	0.146602
0.651240	0.142774
0.651240	0.158553
0.651240	0.148158
0.651240	0.147009
0.651240	0.147790
0.651240	0.174439
0.651240	0.152230
0.651240	0.161053
0.651240	0.165996
0.651240	0.175975
0.648468	0.167592
0.648468	0.163923
0.648468	0.170684
0.648468	0.170280
0.648468	0.178237
0.648468	0.196634
0.552469	0.202460
0.552469	0.278179
0.552469	0.243296
0.552469	0.312138
0.284878	0.203068
0.284878	0.213971
0.284878	0.210003
0.284878	0.203980
0.284878	0.198995
0.284878	0.200123
0.284878	0.204228
0.284878	0.242500
0.284878	0.247758
0.138044	0.151310
0.138044	0.160293
0.138044	0.156255
0.138044	0.146324
0.138044	0.179882
0.138044	0.166451
0.138044	0.152804
0.130927	0.132416
0.130927	0.123381
0.130927	0.126181
0.130927	0.124001
0.130927	0.109564
0.062976	0.158967
0.062976	0.140581
0.062976	0.136022
0.062976	0.128016
0.062976	0.140794
0.062976	0.167290
0.062976	0.175320
0.062976	0.181605
0.062976	0.197651
0.062976	0.197471
0.062976	0.220103
0.397660	0.150865
0.397660	0.138864
0.397660	0.132552
0.397660	0.143081
0.397660	0.135496
0.397660	0.124095
0.397660	0.121098
0.397660	0.111973
0.397660	0.106827
0.397660	0.136111
0.397660	0.129897
0.215599	0.131952
0.215599	0.127993
0.215599	0.126733
0.215599	0.136204
0.215599	0.133791
0.215599	0.128934
0.215599	0.120075
0.215599	0.124336
0.235562	0.177039
0.235562	0.172045
0.235562	0.161326
0.235562	0.216931
0.235562	0.180476
0.235562	0.209148
0.178726	0.123374
0.178726	0.158929
0.178726	0.110297
0.178726	0.152436
0.178726	0.160792
0.178726	0.154510
0.178726	0.154559
0.178726	0.156981
0.178726	0.155694
0.222476	0.023985
0.222476	0.020538
0.222476	0.025490
0.222476	0.024110
0.119783	0.106230
0.119783	0.110559
0.119783	0.123320
0.119783	0.136796
0.119783	0.104855
0.119783	0.127176
0.119783	0.127101
0.119783	0.095207
0.119783	0.127936
0.119783	0.115644
0.119783	0.116923
0.150857	0.129528
0.150857	0.141886
0.150857	0.145222
0.150857	0.138852
0.150857	0.144086
0.150857	0.149251
0.150857	0.135431
0.150857	0.157907
0.150857	0.138130
0.150857	0.159760
0.150857	0.144829
0.150857	0.148612
0.087831	0.148632
0.087831	0.148478
0.087831	0.161827
0.087831	0.160627
0.087831	0.174355
0.087831	0.174137
0.087831	0.179971
0.087831	0.151037
0.076029	0.164421
0.076029	0.165323
0.076029	0.168268
0.076029	0.161196
0.076029	0.285465
0.110870	0.191065
0.110870	0.169546
0.110870	0.156023
0.110870	0.230167
0.110870	0.178414
0.110870	0.195736
0.110870	0.191373
0.130931	0.171958
0.130931	0.243736
0.130931	0.145012
0.130931	0.155318
0.130931	0.237405
0.130931	0.226744
0.183955	0.202512
0.183955	0.198270
0.183955	0.196253
0.183955	0.198648
0.412632	0.223336
0.412632	0.232024
0.412632	0.216150
0.412632	0.259440
0.412632	0.228729
0.412632	0.208176
0.412632	0.223699
0.447607	0.178329
0.447607	0.189821
0.447607	0.195367
0.447607	0.196451
0.447607	0.185355
0.447607	0.213117
0.111463	0.160680
0.111463	0.147017
0.111463	0.158312
0.111463	0.153261
0.088103	0.173778
0.088103	0.182103
0.088103	0.183812
0.088103	0.187995
0.088103	0.171956
0.088103	0.240656
0.088103	0.242714
0.050926	0.199276
0.050926	0.203491
0.050926	0.210807
0.050926	0.211904
0.050926	0.222553
0.050926	0.228276
0.050926	0.235733
0.050926	0.270447
0.075708	0.143437
0.075708	0.140370
0.075708	0.132670
0.075708	0.139333
0.075708	0.137342
0.075708	0.132620
0.075708	0.163998
0.075708	0.160148
0.075708	0.176239
0.103747	0.166288
0.103747	0.167074
0.103747	0.156558
0.103747	0.217494
0.103747	0.167897
0.139181	0.174115
0.139181	0.195510
0.139181	0.159162
0.139181	0.161467
0.186086	0.269453
0.186086	0.212403
0.186086	0.209784
0.186086	0.135589
0.186086	0.128019
0.186086	0.120574
0.186086	0.127009
0.186086	0.128176
0.186086	0.139514
0.070609	0.151635
0.070609	0.211321
0.070609	0.155455
0.070609	0.170509
0.070609	0.210465
0.089507	0.038530
0.089507	0.035615
0.089507	0.045240
0.089507	0.069150
0.089507	0.030777
0.089507	0.046066
0.089507	0.044566
0.159830	0.093917
0.159830	0.109632
0.159830	0.111298
0.159830	0.059140
0.159830	0.090865
0.159830	0.060154
0.159830	0.039962
0.159830	0.041587
0.159830	0.023673
0.152142	0.038975
0.152142	0.032913
0.152142	0.034866
0.152142	0.049228
0.152142	0.035650
0.152142	0.030019
0.152142	0.026630
0.099998	0.165104
0.099998	0.208869
0.099998	0.165748
0.099998	0.180733
0.069920	0.178395
0.069920	0.170971
0.069920	0.169275
0.069920	0.166904
0.069920	0.171330
0.069920	0.186970
0.069920	0.169386
0.069920	0.193783
0.069920	0.176190
0.098907	0.141443
0.098907	0.149365
0.098907	0.165054
0.098907	0.182829
0.098907	0.139605
0.098907	0.189637
0.098907	0.204071
0.098907	0.201532
0.081556	0.132647
0.081556	0.143689
0.081556	0.157585
0.081556	0.175009
0.081556	0.140042
0.081556	0.129904
0.081556	0.122500
0.081556	0.161380
0.081556	0.161369
0.074248	0.194678
0.074248	0.212932
0.074248	0.243844
0.074248	0.229340
0.074248	0.209850
0.074248	0.192124
0.074248	0.298920
0.074248	0.213573
0.057232	0.262823
0.057232	0.300526
0.057232	0.349516
0.057232	0.324325
0.057232	0.318091
0.057232	0.293326
0.057232	0.264978
0.057232	0.269476
0.057232	0.279278
0.057232	0.279044
0.057232	0.250940
0.103355	0.226077
0.103355	0.271150
0.103355	0.311736
0.103355	0.281823
0.103355	0.337044
0.428202	0.321484
0.428202	0.172869
0.428202	0.230866
0.428202	0.232291
0.428202	0.230244
0.428202	0.186611
0.428202	0.290778
0.428202	0.206272
0.287323	0.396309
0.287323	0.430504
0.287323	0.445651
0.287323	0.390443
0.287323	0.395493
0.287323	0.405743
0.287323	0.388053
0.287323	0.428269
0.287323	0.421752
0.427784	0.477301
0.427784	0.432774
0.427784	0.413072
0.427784	0.483242
0.427784	0.630570
0.427784	0.536328
0.427784	0.608486
0.427784	0.698120
0.427784	0.648726
0.188277	0.316896
0.188277	0.321716
0.188277	0.306302
0.188277	0.332794
0.188277	0.319241
0.188277	0.313986
0.219971	0.270191
0.219971	0.228752
0.219971	0.182630
0.219971	0.182663
0.219971	0.234048
0.219971	0.464384
0.133417	0.122462
0.133417	0.090045
0.133417	0.062439
0.133417	0.049789
0.133417	0.066692
0.163175	0.077650
0.163175	0.059860
0.163175	0.058951
0.163175	0.047931
0.163175	0.052833
0.163175	0.068913
0.163175	0.066009
0.163175	0.061786
0.163175	0.095447
0.063819	0.017874
0.063819	0.035471
0.063819	0.016568
0.063819	0.014429
0.063819	0.012757
0.063819	0.013930
0.063819	0.017545
0.048735	0.017101
0.048735	0.016191
0.048735	0.020346
0.048735	0.017217
0.048735	0.024898
0.048735	0.028387
0.048735	0.018416
0.073031	0.019399
0.073031	0.013266
0.073031	0.020905
0.073031	0.015211
0.073031	0.017307
0.073031	0.013749
0.073031	0.016268
0.073031	0.010748
0.128638	0.059291
0.128638	0.054135
0.128638	0.062556
0.128638	0.064358
0.128638	0.071015
0.128638	0.061669
0.128638	0.097971
0.128638	0.116419
0.128638	0.101394
0.089780	0.031474
0.089780	0.030401
0.089780	0.037445
0.089780	0.035678
0.089780	0.027357
0.124867	0.051070
0.124867	0.107286
0.124867	0.058501
0.124867	0.097195
0.124867	0.132056
0.127822	0.138213
0.127822	0.149948
0.127822	0.135824
0.127822	0.153668
0.127822	0.189201
0.127822	0.124540
0.127822	0.102516
0.127822	0.136593
0.284917	0.150702
0.284917	0.145789
0.284917	0.154883
0.284917	0.175981
0.284917	0.158607
0.284917	0.152854
0.284917	0.145255
0.284917	0.166809
0.284917	0.172286
0.296720	0.157775
0.296720	0.157170
0.296720	0.155948
0.296720	0.139564
0.296720	0.142456
0.296720	0.186354
0.296720	0.168654
0.296720	0.199981
0.296720	0.182974
0.296720	0.184167
0.296720	0.184695
0.142393	0.080768
0.142393	0.066437
0.142393	0.074587
0.142393	0.066577
0.142393	0.066251
0.142393	0.078903
0.142393	0.097567
0.142393	0.139116
0.107454	0.023173
0.107454	0.025270
0.107454	0.025220
0.107454	0.021211
0.107454	0.022304
0.107454	0.015389
0.107454	0.026218
0.200337	0.035198
0.200337	0.035102
0.200337	0.043321
0.200337	0.045139
0.200337	0.034774
0.200337	0.047290
0.398212	0.070341
0.398212	0.076590
0.398212	0.086668
0.398212	0.083648
0.398212	0.087635
0.398212	0.110273
0.398212	0.054850
0.407572	0.156764
0.407572	0.154278
0.407572	0.158499
0.407572	0.200626
0.407572	0.161419
0.407572	0.158158
0.407572	0.167368
0.407572	0.163799
0.407572	0.162173
0.407572	0.195347
0.407572	0.161196
0.470553	0.158482
0.470553	0.151780
0.470553	0.143651
0.470553	0.164824
0.470553	0.181590
0.470553	0.156658
0.470553	0.156592
0.470553	0.179697
0.470553	0.161430
0.319916	0.143619
0.319916	0.142996
0.319916	0.147963
0.319916	0.146141
0.617548	0.135326
0.617548	0.142117
0.617548	0.145139
0.617548	0.141040
0.617548	0.129529
0.617548	0.134593
0.617548	0.138205
0.617548	0.174711
0.298830	0.128733
0.298830	0.123679
0.298830	0.129822
0.298830	0.132014
0.298830	0.165945
0.298830	0.142711
0.298830	0.125303
0.298830	0.154558
0.130370	0.034877
0.130370	0.034534
0.130370	0.040706
0.130370	0.035083
0.130370	0.028428
0.130370	0.035680
0.130370	0.027741
0.130370	0.026957
0.276733	0.032380
0.276733	0.032564
0.276733	0.035018
0.276733	0.030909
0.276733	0.088258
0.276733	0.064602
0.176333	0.040055
0.176333	0.033429
0.176333	0.042116
0.176333	0.039316
0.176333	0.028619
0.393130	0.105624
0.393130	0.100697
0.393130	0.118960
0.393130	0.146375
0.393130	0.152794
0.393130	0.115129
0.393130	0.099013
0.393130	0.168699
0.286232	0.142589
0.286232	0.144086
0.286232	0.146220
0.286232	0.138204
0.286232	0.134306
0.286232	0.125977
0.286232	0.145673
0.286232	0.186670
0.286232	0.170329
0.237385	0.143681
0.237385	0.140963
0.237385	0.137342
0.237385	0.159770
0.237385	0.154959
0.237385	0.130847
0.237385	0.155085
0.237385	0.147359
0.213220	0.139379
0.213220	0.153904
0.213220	0.136295
0.213220	0.133949
0.213220	0.160454
0.213220	0.162005
0.213220	0.169970
0.213220	0.172076
0.213220	0.122304
0.182866	0.154003
0.182866	0.127710
0.182866	0.137845
0.182866	0.170785
0.182866	0.142717
0.182866	0.131787
0.182866	0.131041
0.182866	0.157870
0.182866	0.162370
0.203012	0.116528
0.203012	0.155168
0.203012	0.125299
0.203012	0.112645
0.203012	0.132554
0.203012	0.120385
0.203012	0.145823
0.312185	0.129914
0.312185	0.131549
0.312185	0.115913
0.312185	0.118394
0.312185	0.119717
0.312185	0.139142
0.312185	0.140425
0.312185	0.141313
0.386295	0.118267
0.386295	0.115584
0.386295	0.119642
0.386295	0.116165
0.386295	0.107242
0.386295	0.126907
0.386295	0.141615
0.386295	0.152626
0.386295	0.172779
0.136445	0.089662
0.136445	0.092159
0.136445	0.098605
0.136445	0.096362
0.136445	0.096698
0.136445	0.078585
0.136445	0.101008
0.136445	0.096595
0.136445	0.107021
0.180062	0.040082
0.180062	0.046036
0.180062	0.040756
0.180062	0.064432
0.180062	0.047407
0.180062	0.060308
0.180062	0.044912
0.097551	0.056336
0.097551	0.061176
0.097551	0.097710
0.097551	0.062364
0.097551	0.065517
0.097551	0.056178
0.097551	0.048136
0.097551	0.050914
0.097551	0.040854
0.097551	0.041326
0.097551	0.034875
0.224412	0.049843
0.224412	0.067299
0.224412	0.069982
0.224412	0.053368
0.224412	0.078841
0.224412	0.235072
0.224412	0.260589
0.224412	0.154289
0.224412	0.315295
0.138033	0.040355
0.138033	0.035776
0.138033	0.044574
0.138033	0.066256
0.138033	0.046993
0.138033	0.038907
0.138033	0.025060
0.138033	0.038049
0.153413	0.080322
0.153413	0.105126
0.153413	0.096343
0.153413	0.080028
0.153413	0.362604
0.153413	0.211370
0.153413	0.190346
0.153413	0.074444
0.153413	0.169645
0.140151	0.107611
0.140151	0.295314
0.140151	0.097126
0.140151	0.115908
0.140151	0.252470
0.140151	0.100553
0.140151	0.084603
0.140151	0.096678
0.137392	0.342197
0.137392	0.349986
0.137392	0.347048
0.137392	0.333738
0.137392	0.288642
0.137392	0.180230
0.137392	0.163999
0.137392	0.147527
0.263904	0.748429
0.263904	0.730209
0.263904	0.752688
0.263904	0.747103
0.263904	0.679991
0.263904	0.658402
0.263904	0.697412
0.263904	0.614518
0.263904	0.570474
0.263904	0.678970
0.263904	0.726020
0.106354	0.574278
0.106354	0.585287
0.106354	0.594580
0.106354	0.633955
0.106354	0.642844
0.106354	0.592048
0.106354	0.580905
0.106354	0.592375
0.110417	0.283899
0.110417	0.325647
0.110417	0.282530
0.110417	0.298577
0.110417	0.304138
0.110417	0.279775
0.110417	0.307786
0.114866	0.242570
0.114866	0.253599
0.114866	0.248463
0.114866	0.346783
0.114866	0.279743
0.114866	0.278587
0.114866	0.294721
0.114866	0.316661
0.114866	0.385475
0.099490	0.181736
0.099490	0.183432
0.099490	0.195113
0.099490	0.199078
0.099490	0.169047
0.099490	0.201452
0.099490	0.168105
0.099490	0.186867
0.099490	0.200351
0.100225	0.081511
0.100225	0.063213
0.100225	0.082279
0.100225	0.056401
0.100225	0.064370
0.100225	0.092264
0.078598	0.073933
0.078598	0.069010
0.078598	0.089701
0.078598	0.064285
0.078598	0.064794
0.076311	0.077456
0.076311	0.071244
0.076311	0.075766
0.076311	0.057482
0.076311	0.061212
0.076311	0.077376
0.076311	0.063392
0.076311	0.081278
0.076311	0.073702
0.076311	0.078613
0.076311	0.077206
0.191550	0.177671
0.191550	0.164070
0.191550	0.162758
0.191550	0.165705
0.191550	0.181205
0.191550	0.173868
0.191550	0.238695
0.191550	0.202445
0.191550	0.238752
0.191550	0.255207
0.191550	0.209596
0.197612	0.072651
0.197612	0.068319
0.197612	0.084328
0.197612	0.084745
0.197612	0.079750
0.197612	0.061334
0.197612	0.046137
0.243115	0.163315
0.243115	0.177426
0.243115	0.163224
0.243115	0.190701
0.243115	0.167219
0.243115	0.158885
0.243115	0.157179
0.243115	0.178760
0.243115	0.152661
0.243115	0.167741
0.298632	0.165164
0.298632	0.186833
0.298632	0.166757
0.298632	0.184037
0.298632	0.170402
0.298632	0.156229
0.298632	0.177919
0.037675	0.165144
0.037675	0.201191
0.037675	0.176138
0.037675	0.216843
0.181879	0.150998
0.181879	0.149584
0.181879	0.157256
0.181879	0.149454
0.181879	0.138186
0.181879	0.149425
0.181879	0.139522
0.181879	0.167120
0.181879	0.145253
0.055592	0.143201
0.055592	0.149183
0.055592	0.139993
0.055592	0.130554
0.055592	0.153133
0.055592	0.158222
0.055592	0.158999
0.055592	0.158124
0.055592	0.204964
0.055592	0.181256
0.055592	0.178785
0.055592	0.229343
0.096611	0.060404
0.096611	0.057462
0.096611	0.062292
0.096611	0.057901
0.096611	0.052910
0.096611	0.062522
0.096611	0.058413
0.096611	0.059266
0.096611	0.054305
0.096611	0.061942
0.096611	0.063215
0.096611	0.049939
0.096611	0.067946
0.096611	0.056759
0.092609	0.058199
0.092609	0.059777
0.092609	0.070270
0.092609	0.058598
0.092609	0.054333
0.092609	0.103318
0.092609	0.088560
0.139187	0.099290
0.139187	0.097294
0.139187	0.103168
0.139187	0.134516
0.139187	0.109236
0.139187	0.094575
0.139187	0.072012
0.139187	0.108062
0.149121	0.145792
0.149121	0.162859
0.149121	0.166011
0.149121	0.168806
0.149121	0.151049
0.149121	0.153022
0.149121	0.155599
0.064710	0.185519
0.064710	0.185998
0.064710	0.171910
0.064710	0.175923
0.064710	0.168515
0.220155	0.161768
0.220155	0.156463
0.220155	0.164275
0.220155	0.202929
0.220155	0.175809
0.220155	0.191629
0.220155	0.169075
0.167746	0.068294
0.167746	0.082124
0.167746	0.075966
0.167746	0.063675
0.109385	0.046734
0.109385	0.127469
0.109385	0.052369
0.109385	0.043631
0.115898	0.036803
0.115898	0.032236
0.115898	0.034030
0.115898	0.031618
0.115898	0.031886
0.115898	0.029836
0.115898	0.034421
0.219332	0.106027
0.219332	0.104248
0.219332	0.120677
0.219332	0.101140
0.219332	0.095544
0.219332	0.118173
0.219332	0.103033
0.219332	0.112942
0.219332	0.154121
0.242361	0.073865
0.242361	0.065281
0.242361	0.080338
0.242361	0.070475
0.242361	0.060388
0.242361	0.074622
0.189598	0.141534
0.189598	0.143253
0.189598	0.143420
0.189598	0.139195
0.189598	0.137493
0.189598	0.142690
0.189598	0.134926
0.066811	0.147486
0.066811	0.162555
0.066811	0.156366
0.066811	0.159010
0.066811	0.168908
0.050454	0.204997
0.050454	0.203555
0.050454	0.206602
0.050454	0.275690
0.050454	0.223028
0.050454	0.194459
0.080082	0.220640
0.080082	0.328056
0.080082	0.229418
0.080082	0.221464
0.080082	0.270394
0.080082	0.235662
0.140467	0.269787
0.140467	0.211468
0.140467	0.211829
0.140467	0.247944
0.140467	0.267361
0.140467	0.244690
0.140467	0.271935
0.140467	0.316408
0.140467	0.417377
0.114708	0.222212
0.114708	0.240067
0.114708	0.216916
0.114708	0.215358
0.114708	0.225790
0.114708	0.207380
0.114708	0.198469
0.114708	0.218339
0.089397	0.208033
0.089397	0.227563
0.089397	0.183854
0.089397	0.192615
0.089397	0.210587
0.055910	0.144380
0.055910	0.142543
0.055910	0.143395
0.055910	0.143937
0.055910	0.148519
0.055910	0.137418
0.057264	0.092384
0.057264	0.088781
0.057264	0.104613
0.057264	0.103580
0.057264	0.098693
0.057264	0.065826
0.130361	0.141896
0.130361	0.146899
0.130361	0.144635
0.130361	0.146245
0.130361	0.153847
0.130361	0.159763
0.130361	0.155892
0.130361	0.168118
0.130361	0.177746
0.130361	0.176961
0.130361	0.167293
0.130361	0.193620
0.107595	0.060656
0.107595	0.062653
0.107595	0.077098
0.107595	0.073647
0.107595	0.063730
0.107595	0.068963
0.107595	0.062997
0.107595	0.055246
0.107595	0.069130
0.107595	0.057469
0.107595	0.077237
0.110304	0.105637
0.110304	0.110717
0.110304	0.100430
0.110304	0.102779
0.110304	0.126310
0.110304	0.161093
0.110304	0.156647
0.110304	0.142962
0.222078	0.052966
0.222078	0.037703
0.222078	0.049698
0.222078	0.100267
0.222078	0.067582
0.222078	0.035370
0.222078	0.032865
0.222078	0.050685
0.175574	0.104299
0.175574	0.128504
0.175574	0.106964
0.175574	0.090477
0.175574	0.125149
0.175574	0.121759
0.175574	0.097742
0.175574	0.114688
0.175574	0.102112
0.355585	0.121128
0.355585	0.081019
0.355585	0.093637
0.355585	0.145487
0.355585	0.149690
0.355585	0.115670
0.355585	0.196706
0.355585	0.124211
0.355585	0.215202
0.355585	0.154805
0.355585	0.142374
0.355585	0.177757
0.355585	0.188164
0.355585	0.155599
0.186526	0.133285
0.186526	0.142310
0.186526	0.141599
0.186526	0.149652
0.186526	0.144774
0.186526	0.140911
0.186526	0.141610
0.186526	0.141516
0.186526	0.146027
0.186526	0.157868
0.186526	0.157107
0.420044	0.114614
0.420044	0.111849
0.420044	0.106432
0.420044	0.132893
0.420044	0.114283
0.420044	0.101538
0.420044	0.132774
0.420044	0.128273
0.143204	0.115895
0.143204	0.108988
0.143204	0.126161
0.143204	0.110623
0.143204	0.134991
0.143204	0.111911
0.143204	0.123753
0.143204	0.118126
0.143204	0.115348
0.143204	0.107319
0.143204	0.128549
0.099492	0.117011
0.099492	0.120190
0.099492	0.124098
0.099492	0.105905
0.099492	0.124254
0.099492	0.149730
0.099492	0.108218
0.099492	0.158785
0.099492	0.136155
0.099492	0.106545
0.099492	0.174807
0.066813	0.028108
0.066813	0.034382
0.066813	0.035929
0.066813	0.026149
0.066813	0.023251
0.066813	0.026480
0.066813	0.030168
0.066813	0.026973
0.100569	0.033363
0.100569	0.031956
0.100569	0.032757
0.100569	0.029976
0.100569	0.032602
0.100569	0.033057
0.100569	0.028412
0.078086	0.025140
0.078086	0.020464
0.078086	0.021541
0.078086	0.019548
0.078086	0.016061
0.078086	0.020012
0.078086	0.031695
0.078086	0.014147
0.110030	0.132479
0.110030	0.126183
0.110030	0.133862
0.110030	0.137270
0.110030	0.134181
0.110030	0.130807
0.110030	0.142220
0.110030	0.150247
0.110030	0.135914
0.110030	0.148852
0.110030	0.156331
0.102547	0.048016
0.102547	0.047146
0.102547	0.059838
0.102547	0.066825
0.102547	0.041452
0.121259	0.139499
0.121259	0.150150
0.121259	0.134747
0.121259	0.143848
0.121259	0.147642
0.121259	0.125815
0.074631	0.159563
0.074631	0.153594
0.074631	0.154391
0.074631	0.153082
0.074631	0.160990
0.074631	0.159503
0.074631	0.158546
0.074631	0.197843
0.058825	0.146397
0.058825	0.152753
0.058825	0.147215
0.058825	0.145151
0.113233	0.148957
0.113233	0.151044
0.113233	0.147072
0.113233	0.138724
0.113233	0.146702
0.113233	0.176370
0.113233	0.158085
0.113233	0.177151
0.113233	0.179972
0.126385	0.080674
0.126385	0.081194
0.126385	0.092729
0.126385	0.086372
0.126385	0.090245
0.126385	0.096720
0.126385	0.089865
0.126385	0.080401
0.126385	0.152361
0.126385	0.119849
0.126385	0.160361
0.070830	0.026305
0.070830	0.025859
0.070830	0.030764
0.070830	0.026679
0.070830	0.025722
0.070830	0.024059
0.070830	0.026922
0.125214	0.034952
0.125214	0.037712
0.125214	0.038587
0.125214	0.037188
0.125214	0.035825
0.125214	0.065887
0.125214	0.077755
0.177539	0.051286
0.177539	0.045565
0.177539	0.051894
0.177539	0.112017
0.177539	0.053197
0.177539	0.037560
0.260597	0.146278
0.260597	0.177087
0.260597	0.184815
0.260597	0.169537
0.260597	0.171188
0.260597	0.182489
0.260597	0.156220
0.260597	0.187804
0.260597	0.191505
0.228217	0.183665
0.228217	0.198102
0.228217	0.171996
0.228217	0.232852
0.228217	0.195332
0.228217	0.223657
0.228217	0.192888
0.228217	0.183237
0.228217	0.123538
0.236631	0.161305
0.236631	0.172836
0.236631	0.156871
0.236631	0.200412
0.236631	0.170529
0.236631	0.144932
0.236631	0.170022
0.236631	0.170346
0.096054	0.047539
0.096054	0.042951
0.096054	0.049151
0.096054	0.044076
0.210498	0.119147
0.210498	0.109046
0.210498	0.108398
0.210498	0.115342
0.210498	0.141716
0.210498	0.161107
0.210498	0.135130
0.210498	0.132537
0.210498	0.162684
0.112028	0.032501
0.112028	0.029199
0.112028	0.034825
0.112028	0.035484
0.112028	0.028155
0.112028	0.030418
0.112028	0.028692
0.112028	0.025706
0.174173	0.033862
0.174173	0.031866
0.174173	0.034957
0.174173	0.030612
0.174173	0.062044
0.120024	0.043558
0.120024	0.037370
0.120024	0.047373
0.120024	0.043356
0.120024	0.035475
0.232187	0.074368
0.232187	0.080414
0.232187	0.080771
0.232187	0.118366
0.232187	0.162106
0.232187	0.115747
0.107756	0.089296
0.107756	0.102463
0.107756	0.099511
0.107756	0.083753
0.107756	0.078333
0.107756	0.108903
0.107756	0.119024
0.131605	0.178730
0.131605	0.185650
0.131605	0.181119
0.131605	0.203962
0.131605	0.190191
0.131605	0.181136
0.131605	0.172743
0.131605	0.182821
0.131605	0.179656
0.053586	0.158549
0.053586	0.154694
0.053586	0.154191
0.053586	0.156885
0.053586	0.148699
0.053586	0.161753
0.053586	0.174658
0.078802	0.094896
0.078802	0.086169
0.078802	0.096354
0.078802	0.136085
0.078802	0.089394
0.104914	0.090668
0.104914	0.138546
0.104914	0.100490
0.104914	0.086337
0.055743	0.158082
0.055743	0.143282
0.055743	0.151785
0.055743	0.175802
0.055743	0.167321
0.055743	0.163544
0.055743	0.170086
0.055743	0.117679
0.109745	0.099324
0.109745	0.106224
0.109745	0.087582
0.109745	0.108496
0.109745	0.149506
0.109745	0.114927
0.078413	0.099377
0.078413	0.108130
0.078413	0.105835
0.078413	0.087010
0.078413	0.085493
0.078413	0.087085
0.078413	0.097976
0.078413	0.117819
0.078413	0.122647
0.063929	0.053822
0.063929	0.046273
0.063929	0.052217
0.063929	0.066547
0.063929	0.099041
0.063929	0.053711
0.063929	0.144377
0.063929	0.047081
0.069872	0.033574
0.069872	0.031063
0.069872	0.033267
0.069872	0.027913
0.069872	0.034542
0.069872	0.035372
0.069872	0.031963
0.069872	0.034422
0.069872	0.033418
0.069872	0.034970
0.069872	0.034598
0.065503	0.035974
0.065503	0.030768
0.065503	0.029395
0.065503	0.026154
0.065503	0.034585
0.065503	0.036936
0.065503	0.021716
0.065503	0.071077
0.148315	0.027068
0.148315	0.019637
0.148315	0.024216
0.148315	0.035882
0.148315	0.019012
0.148315	0.011959
0.148315	0.018500
0.148315	0.025373
0.087018	0.058723
0.087018	0.060433
0.087018	0.080290
0.087018	0.060300
0.087018	0.076617
0.087018	0.058853
0.087018	0.146886
0.087018	0.128648
0.087018	0.127154
0.097401	0.022466
0.097401	0.023580
0.097401	0.025858
0.097401	0.097720
0.097401	0.022887
0.097401	0.034362
0.097401	0.036327
0.097401	0.028044
0.091364	0.040144
0.091364	0.090851
0.091364	0.065287
0.091364	0.057954
0.091364	0.131572
0.091364	0.046566
0.091364	0.043415
0.091364	0.054049
0.258134	0.066920
0.258134	0.092980
0.258134	0.110525
0.258134	0.116023
0.258134	0.111677
0.258134	0.090993
0.258134	0.095476
0.258134	0.117482
0.126048	0.134089
0.126048	0.129473
0.126048	0.123184
0.126048	0.101104
0.126048	0.141878
0.126048	0.202534
0.126048	0.272448
0.126048	0.359044
0.126048	0.346725
0.126048	0.248955
0.126048	0.413822
0.132245	0.083544
0.132245	0.088963
0.132245	0.070249
0.132245	0.094039
0.132245	0.100672
0.132245	0.066039
0.132245	0.075325
0.150572	0.097912
0.150572	0.115270
0.150572	0.166675
0.150572	0.170444
0.150572	0.103845
0.150572	0.117806
0.150572	0.075757
0.150572	0.111864
0.069085	0.130182
0.069085	0.187560
0.069085	0.219682
0.069085	0.152285
0.069085	0.173996
0.069085	0.211317
0.069085	0.117548
0.069085	0.181531
0.116702	0.223108
0.116702	0.283735
0.116702	0.303554
0.116702	0.311507
0.116702	0.268115
0.116702	0.226920
0.116702	0.206598
0.090216	0.399972
0.090216	0.381874
0.090216	0.414715
0.090216	0.328422
0.090216	0.250500
0.090216	0.259205
0.090216	0.204822
0.090216	0.246367
0.090216	0.166222
0.090216	0.179366
0.090216	0.157115
0.397309	0.549722
0.397309	0.514081
0.397309	0.515679
0.397309	0.544967
0.397309	0.617261
0.397309	0.575230
0.397309	0.603041
0.397309	0.513106
0.397309	0.534487
0.397309	0.713317
0.397309	0.675894
0.045498	0.263492
0.045498	0.323256
0.045498	0.421215
0.045498	0.421110
0.324231	0.499254
0.324231	0.512017
0.324231	0.413270
0.324231	0.567769
0.324231	0.395658
0.324231	0.404646
0.324231	0.369937
0.324231	0.374421
0.324231	0.470860
0.350306	0.434728
0.350306	0.422812
0.350306	0.440790
0.350306	0.406402
0.350306	0.492011
0.350306	0.378620
0.350306	0.381252
0.350306	0.391956
0.350306	0.354862
0.350306	0.344803
0.204301	0.395925
0.204301	0.477771
0.204301	0.368535
0.204301	0.302656
0.284865	0.562009
0.284865	0.590825
0.284865	0.563320
0.284865	0.514852
0.284865	0.589856
0.284865	0.605947
0.284865	0.614612
0.284865	0.564316
0.284865	0.615478
0.284865	0.541090
0.284865	0.556602
0.093843	0.477348
0.093843	0.440474
0.093843	0.481972
0.093843	0.477754
0.093843	0.461577
0.093843	0.427610
0.093843	0.433612
0.093843	0.394882
0.091014	0.348365
0.091014	0.306098
0.091014	0.299787
0.091014	0.247229
0.103717	0.008934
0.103717	0.007194
0.103717	0.009955
0.103717	0.017541
0.103717	0.021447
0.103717	0.007283
0.173131	0.563421
0.173131	0.515067
0.173131	0.504333
0.173131	0.480458
0.173131	0.494041
0.173131	0.411595
0.173131	0.095405
0.173131	0.407020
0.173131	0.123558
0.173131	0.064576
0.173131	0.397196
0.250037	0.046856
0.250037	0.080414
0.250037	0.064540
0.250037	0.082310
0.250037	0.091928
0.250037	0.073458
0.250037	0.099244
0.250037	0.035246
0.250037	0.042443
0.153173	0.048335
0.153173	0.034716
0.153173	0.030694
0.153173	0.066351
0.153173	0.022624
0.153173	0.028794
0.153173	0.040592
0.109003	0.035152
0.109003	0.073198
0.109003	0.041306
0.109003	0.074200
0.109003	0.049621
0.109003	0.032972
0.109003	0.088183
0.145723	0.012707
0.145723	0.014503
0.145723	0.013385
0.145723	0.010742
0.124232	0.013386
0.124232	0.013732
0.124232	0.015145
0.124232	0.013377
0.124232	0.011145
0.124232	0.052516
0.124232	0.062031
0.053790	0.005085
0.053790	0.002921
0.053790	0.005157
0.053790	0.003849
0.053790	0.002436
0.053790	0.002437
0.053790	0.001495
0.053790	0.002199
0.186296	0.347526
0.186296	0.358596
0.186296	0.417191
0.186296	0.438635
0.186296	0.348278
0.186296	0.408174
0.186296	0.291816
0.186296	0.376119
0.140401	0.407288
0.140401	0.442817
0.140401	0.456717
0.140401	0.491088
0.140401	0.433977
0.269519	0.435477
0.269519	0.439146
0.269519	0.443344
0.269519	0.476459
0.269519	0.418302
0.269519	0.416881
0.269519	0.428597
0.269519	0.420281
0.124085	0.423037
0.124085	0.541352
0.124085	0.467624
0.124085	0.500713
0.124085	0.512291
0.124085	0.453453
0.124085	0.407160
0.124085	0.364061
0.124085	0.321214
0.124085	0.367514
0.124085	0.283539
0.524930	0.398608
0.524930	0.399430
0.524930	0.396361
0.524930	0.418619
0.524930	0.373043
0.524930	0.397105
0.200661	0.373399
0.200661	0.360583
0.200661	0.391605
0.200661	0.405047
0.200661	0.419497
0.200661	0.364659
0.128728	0.540350
0.128728	0.547896
0.128728	0.527163
0.128728	0.604929
0.128728	0.591279
0.128728	0.624133
0.128728	0.595552
0.128728	0.615669
0.128728	0.613507
0.128728	0.622012
0.128728	0.621882
0.128728	0.596725
0.119017	0.485841
0.119017	0.557555
0.119017	0.503845
0.119017	0.537819
0.119017	0.504438
0.119017	0.469374
0.119017	0.477278
0.119017	0.436267
0.197295	0.466591
0.197295	0.391531
0.197295	0.413529
0.197295	0.441262
0.197295	0.525493
0.197295	0.430671
0.197295	0.508324
0.091426	0.111288
0.091426	0.104623
0.091426	0.105259
0.091426	0.103054
0.091426	0.083985
0.091426	0.097499
0.091426	0.127086
0.091426	0.082467
0.091426	0.107772
0.091426	0.079354
0.091426	0.082873
0.202794	0.291807
0.202794	0.306102
0.202794	0.311526
0.202794	0.289061
0.202794	0.333810
0.202794	0.365350
0.202794	0.086520
0.202794	0.235293
0.202794	0.386281
0.058881	0.112555
0.058881	0.128014
0.058881	0.045854
0.058881	0.059762
0.058881	0.118529
0.058881	0.157184
0.058881	0.063785
0.058881	0.109881
0.113472	0.184857
0.113472	0.213441
0.113472	0.173772
0.113472	0.165897
0.113472	0.201069
0.113472	0.189437
0.113472	0.155882
0.113472	0.165770
0.113472	0.158594
0.087172	0.199656
0.087172	0.123049
0.087172	0.129007
0.087172	0.169660
0.087172	0.165886
0.087172	0.142449
0.087172	0.124810
0.087172	0.178858
0.087172	0.120253
0.087172	0.176065
0.087172	0.108007
0.094234	0.097036
0.094234	0.099843
0.094234	0.095835
0.094234	0.079766
0.094234	0.093664
0.094234	0.084880
0.094234	0.097479
0.094234	0.135299
0.095316	0.095186
0.095316	0.086832
0.095316	0.078803
0.095316	0.064318
0.095316	0.078786
0.095316	0.065144
0.095316	0.075957
0.095316	0.092764
0.238021	0.018810
0.238021	0.014982
0.238021	0.019562
0.238021	0.035667
0.085374	0.036592
0.085374	0.035389
0.085374	0.055296
0.085374	0.036114
0.085374	0.027278
0.107589	0.082997
0.107589	0.106125
0.107589	0.111404
0.107589	0.082818
0.107589	0.101339
0.107589	0.140678
0.107589	0.120274
0.107589	0.117790
0.107589	0.178339
0.107589	0.145368
0.107589	0.124057
0.107589	0.130954
0.091833	0.123410
0.091833	0.120421
0.091833	0.153350
0.091833	0.143619
0.091833	0.096797
0.091833	0.085242
0.091833	0.076237
0.091833	0.159311
0.083845	0.123950
0.083845	0.090628
0.083845	0.107973
0.083845	0.069693
0.083845	0.085840
0.083845	0.106459
0.083845	0.059452
0.083845	0.086913
0.162108	0.217064
0.162108	0.194655
0.162108	0.207686
0.162108	0.236377
0.162108	0.188864
0.162108	0.168702
0.162108	0.168367
0.162108	0.205401
0.162108	0.183883
0.106950	0.209934
0.106950	0.225067
0.106950	0.209620
0.106950	0.196063
0.106950	0.231587
0.106950	0.195970
0.106950	0.182874
0.106950	0.210034
0.245911	0.232134
0.245911	0.260197
0.245911	0.204631
0.245911	0.221329
0.245911	0.294112
0.245911	0.283295
0.208116	0.236201
0.208116	0.239119
0.208116	0.232700
0.208116	0.223419
0.208116	0.246157
0.208116	0.224500
0.208116	0.330521
0.159587	0.204035
0.159587	0.217784
0.159587	0.202145
0.159587	0.214186
0.106859	0.191209
0.106859	0.194950
0.106859	0.202508
0.106859	0.198809
0.106859	0.181604
0.106859	0.230807
0.106859	0.184978
0.106859	0.218565
0.106859	0.216013
0.106457	0.184341
0.106457	0.191516
0.106457	0.191831
0.106457	0.183952
0.106457	0.187667
0.106457	0.181211
0.106457	0.175929
0.106457	0.193040
0.106457	0.185696
0.106457	0.191433
0.106457	0.182428
0.106457	0.191490
0.102553	0.172175
0.102553	0.182389
0.102553	0.176976
0.102553	0.181625
0.102553	0.221006
0.102553	0.292660
0.102553	0.236181
0.102553	0.277437
0.102553	0.276713
0.102553	0.333566
0.102553	0.339718
0.102553	0.317908
0.102553	0.355264
0.102553	0.358419
0.088776	0.138096
0.088776	0.154570
0.088776	0.141526
0.088776	0.141831
0.088776	0.137848
0.088776	0.161487
0.088776	0.165720
0.219103	0.163969
0.219103	0.158622
0.219103	0.153964
0.219103	0.156313
0.219103	0.182333
0.219103	0.185395
0.219103	0.173180
0.144174	0.183259
0.144174	0.211932
0.144174	0.181095
0.144174	0.182064
0.146744	0.235241
0.146744	0.218224
0.146744	0.210050
0.146744	0.220026
0.146744	0.208679
0.146744	0.214841
0.135234	0.225105
0.135234	0.249734
0.135234	0.254926
0.135234	0.269964
0.135234	0.276482
0.135234	0.238374
0.135234	0.218822
0.135234	0.238804
0.258310	0.169839
0.258310	0.183902
0.258310	0.187211
0.258310	0.192091
0.258310	0.197199
0.258310	0.205687
0.139259	0.180553
0.139259	0.192012
0.139259	0.202384
0.139259	0.190148
0.139259	0.265116
0.106958	0.113561
0.106958	0.115505
0.106958	0.130465
0.106958	0.140229
0.106958	0.135932
0.106958	0.132754
0.106958	0.129776
0.098344	0.137097
0.098344	0.137175
0.098344	0.176069
0.098344	0.139009
0.098344	0.140534
0.098344	0.175919
0.098344	0.208508
0.083650	0.159925
0.083650	0.144025
0.083650	0.160477
0.083650	0.143361
0.083650	0.146271
0.083650	0.156754
0.078347	0.187602
0.078347	0.178221
0.078347	0.174698
0.078347	0.189762
0.078347	0.199095
0.078347	0.190753
0.073498	0.169615
0.073498	0.188687
0.073498	0.164892
0.073498	0.166862
0.127737	0.228100
0.127737	0.224815
0.127737	0.204572
0.127737	0.224519
0.127737	0.219720
0.127737	0.207203
0.127737	0.227038
0.127737	0.182664
0.132422	0.168954
0.132422	0.172564
0.132422	0.177932
0.132422	0.183607
0.132422	0.175069
0.132422	0.176768
0.132422	0.168818
0.105314	0.143839
0.105314	0.142390
0.105314	0.144613
0.105314	0.151887
0.105314	0.160782
0.105314	0.162461
0.105314	0.145642
0.079634	0.087837
0.079634	0.129724
0.079634	0.092443
0.079634	0.095469
0.079634	0.081011
0.079634	0.149334
0.079634	0.133953
0.136771	0.123203
0.136771	0.086043
0.136771	0.111594
0.136771	0.162820
0.136771	0.115775
0.136771	0.101180
0.136771	0.110938
0.136771	0.113148
0.102836	0.078163
0.102836	0.101801
0.102836	0.116141
0.102836	0.092163
0.102836	0.110292
0.102836	0.127217
0.102836	0.103365
0.102836	0.116231
0.102836	0.093006
0.102836	0.110454
0.102836	0.100502
0.281864	0.101675
0.281864	0.112418
0.281864	0.142924
0.281864	0.133775
0.281864	0.131330
0.281864	0.087925
0.281864	0.104242
0.281864	0.084209
0.281864	0.153977
0.281864	0.065609
0.281864	0.137882
0.136318	0.112929
0.136318	0.063199
0.136318	0.102198
0.136318	0.090748
0.136318	0.058713
0.136318	0.082571
0.136318	0.074945
0.136318	0.088190
0.136318	0.082683
0.136318	0.079449
0.136318	0.063691
0.258617	0.164035
0.258617	0.191496
0.258617	0.244598
0.258617	0.217398
0.258617	0.161836
0.258617	0.153958
0.258617	0.123781
0.258617	0.211649
0.258617	0.200225
0.331920	0.056722
0.331920	0.072552
0.331920	0.065189
0.331920	0.192536
0.331920	0.063133
0.331920	0.142632
0.331920	0.099178
0.331920	0.138855
0.331920	0.185531
0.331920	0.116538
0.331920	0.122526
0.265883	0.260172
0.265883	0.175713
0.265883	0.281496
0.265883	0.349685
0.265883	0.161720
0.265883	0.105395
0.250964	0.193385
0.250964	0.200012
0.250964	0.216683
0.250964	0.228822
0.250964	0.230303
0.250964	0.215628
0.250964	0.201870
0.250964	0.318459
0.365742	0.360542
0.365742	0.389195
0.365742	0.419482
0.365742	0.493143
0.365742	0.438323
0.365742	0.427594
0.365742	0.452257
0.365742	0.397225
0.365742	0.524240
0.365742	0.426390
0.365742	0.459430
0.365742	0.648296
0.425675	0.374902
0.425675	0.421304
0.425675	0.431748
0.425675	0.444248
0.425675	0.507881
0.425675	0.472546
0.425675	0.430587
0.425675	0.592318
0.352813	0.328340
0.352813	0.306435
0.352813	0.292989
0.352813	0.213806
0.352813	0.284224
0.352813	0.327444
0.352813	0.268494
0.352813	0.535023
0.352813	0.394348
0.109295	0.149749
0.109295	0.112505
0.109295	0.094898
0.109295	0.087897
0.109295	0.112615
0.109295	0.125298
0.109295	0.060846
0.105971	0.109229
0.105971	0.087100
0.105971	0.108406
0.105971	0.072624
0.105971	0.037295
0.061033	0.088484
0.061033	0.051404
0.061033	0.073137
0.061033	0.048955
0.061033	0.052346
0.061033	0.062973
0.061033	0.046061
0.061033	0.064800
0.198802	0.171089
0.198802	0.140823
0.198802	0.138857
0.198802	0.137593
0.198802	0.141958
0.198802	0.130109
0.198802	0.135936
0.198802	0.131191
0.198802	0.164444
0.074816	0.082508
0.074816	0.098389
0.074816	0.076293
0.074816	0.072255
0.074816	0.088881
0.074816	0.070850
0.074816	0.150144
0.214905	0.140565
0.214905	0.151284
0.214905	0.110070
0.214905	0.128179
0.329976	0.141065
0.329976	0.146410
0.329976	0.145691
0.329976	0.152353
0.322219	0.168995
0.322219	0.182557
0.322219	0.193939
0.322219	0.191281
0.322219	0.173047
0.322219	0.211905
0.322219	0.161495
0.322219	0.186206
0.322219	0.165500
0.322219	0.181666
0.322219	0.175831
0.117799	0.181356
0.117799	0.200343
0.117799	0.211387
0.117799	0.189703
0.117799	0.216762
0.117799	0.217972
0.117799	0.200383
0.117799	0.228735
0.117799	0.236167
0.117799	0.220004
0.117799	0.204437
0.117799	0.229535
0.039291	0.161735
0.039291	0.150678
0.039291	0.182460
0.039291	0.157078
0.039291	0.165864
0.039291	0.170762
0.039291	0.174906
0.039291	0.090234
0.216277	0.246212
0.216277	0.263519
0.216277	0.250383
0.216277	0.223620
0.216277	0.237153
0.216277	0.214057
0.216277	0.233556
0.216277	0.215940
0.216277	0.223953
0.124643	0.238887
0.124643	0.225639
0.124643	0.198601
0.124643	0.260723
0.090437	0.187780
0.090437	0.253326
0.090437	0.239519
0.090437	0.199134
0.090437	0.249638
0.090437	0.180156
0.090437	0.178867
0.090437	0.181786
0.116339	0.263458
0.116339	0.263723
0.116339	0.204829
0.116339	0.287710
0.116339	0.246489
0.116339	0.230136
0.116339	0.239132
0.116339	0.237643
0.116339	0.238168
0.116339	0.230689
0.154586	0.295850
0.154586	0.326185
0.154586	0.332134
0.154586	0.369644
0.154586	0.319947
0.123370	0.327381
0.123370	0.377423
0.123370	0.375513
0.123370	0.393674
0.137513	0.341294
0.137513	0.334183
0.137513	0.355134
0.137513	0.352038
0.137513	0.304568
0.137513	0.421210
0.137513	0.429471
0.109829	0.225178
0.109829	0.220715
0.109829	0.226851
0.109829	0.192106
0.109829	0.241395
0.109829	0.255667
0.109829	0.259182
0.109829	0.215678
0.075533	0.206738
0.075533	0.187949
0.075533	0.199585
0.075533	0.206128
0.075533	0.186392
0.075533	0.177951
0.075533	0.193780
0.075533	0.186605
0.075533	0.210031
0.238378	0.171749
0.238378	0.175319
0.238378	0.168051
0.238378	0.169581
0.238378	0.163358
0.218209	0.187664
0.218209	0.207200
0.218209	0.189817
0.218209	0.214416
0.218209	0.215059
0.218209	0.208559
0.152524	0.216339
0.152524	0.226145
0.152524	0.216018
0.152524	0.211364
0.152524	0.236160
0.297876	0.246251
0.297876	0.228186
0.297876	0.232231
0.297876	0.271485
0.297876	0.260255
0.297876	0.232273
0.297876	0.211885
0.297876	0.202942
0.297876	0.201494
0.126447	0.216050
0.126447	0.226709
0.126447	0.240297
0.126447	0.247984
0.126447	0.239796
0.126447	0.234961
0.126447	0.252558
0.136841	0.233261
0.136841	0.265508
0.136841	0.268872
0.136841	0.300364
0.136841	0.336957
0.136841	0.354341
0.136841	0.332393
0.135456	0.255203
0.135456	0.271994
0.135456	0.307423
0.135456	0.301503
0.135456	0.261861
0.135456	0.249451
0.135456	0.243437
0.135456	0.263999
0.067317	0.289026
0.067317	0.344105
0.067317	0.347231
0.067317	0.412117
0.067317	0.340849
0.067317	0.319473
0.067317	0.310369
0.145165	0.222006
0.145165	0.224175
0.145165	0.220877
0.145165	0.223299
0.145165	0.303535
0.056201	0.305354
0.056201	0.301769
0.056201	0.354814
0.056201	0.349064
0.056201	0.274038
0.056201	0.263446
0.178376	0.133078
0.178376	0.172832
0.178376	0.251257
0.178376	0.293171
0.178376	0.183695
0.178376	0.131309
0.178376	0.552311
0.178376	0.125443
0.119000	0.311916
0.119000	0.402025
0.119000	0.513836
0.119000	0.466805
0.119000	0.360691
0.119000	0.298599
0.119000	0.218595
0.119000	0.285511
0.119000	0.178697
0.119000	0.210800
0.119000	0.305580
0.119000	0.174482
0.119000	0.259275
0.119000	0.191713
0.273811	0.441184
0.273811	0.503890
0.273811	0.526521
0.273811	0.505107
0.273811	0.572615
0.273811	0.556305
0.273811	0.576105
0.273811	0.676958
0.273811	0.667951
0.301597	0.448761
0.301597	0.428292
0.301597	0.460291
0.301597	0.523740
0.301597	0.323298
0.301597	0.290446
0.301597	0.280897
0.301597	0.289567
0.301597	0.292829
0.301597	0.260630
0.301597	0.247083
0.301597	0.259933
