Ground Truth	Predictions
0.693693	0.430502
0.693693	0.426676
0.693693	0.430857
0.693693	0.430310
0.693693	0.446400
0.693693	0.437254
0.693693	0.413162
0.693693	0.423539
0.707014	0.306826
0.707014	0.219773
0.707014	0.305055
0.707014	0.229240
0.707014	0.316232
0.707014	0.268116
0.707014	0.238935
0.238471	0.392742
0.238471	0.377397
0.238471	0.385261
0.238471	0.398311
0.238471	0.380923
0.238471	0.383399
0.238471	0.390522
0.238471	0.396353
0.419872	0.393486
0.419872	0.127323
0.419872	0.389192
0.419872	0.131550
0.419872	0.127921
0.419872	0.417770
0.419872	0.142185
0.198298	0.397934
0.198298	0.395810
0.198298	0.417033
0.198298	0.405950
0.198298	0.396213
0.198298	0.416947
0.140602	0.228589
0.140602	0.223615
0.140602	0.238750
0.140602	0.148431
0.140602	0.232068
0.140602	0.237993
0.151276	0.319624
0.151276	0.124098
0.151276	0.121037
0.151276	0.132071
0.151276	0.324824
0.151276	0.319951
0.151276	0.302863
0.151276	0.147607
0.075215	0.164929
0.075215	0.162800
0.075215	0.174909
0.075215	0.617217
0.075215	0.154167
0.080723	0.195066
0.080723	0.213048
0.080723	0.202693
0.080723	0.210734
0.080723	0.190384
0.080723	0.017042
0.373836	0.253521
0.373836	0.275118
0.373836	0.249212
0.373836	0.231316
0.373836	0.257473
0.373836	0.089175
0.373836	0.086623
0.396362	0.187483
0.396362	0.169205
0.396362	0.178366
0.396362	0.172452
0.396362	0.195439
0.464058	0.262914
0.464058	0.024489
0.464058	0.259636
0.464058	0.024290
0.464058	0.028396
0.464058	0.025250
0.077893	0.202088
0.077893	0.207397
0.077893	0.213083
0.077893	0.207108
0.077893	0.202438
0.077893	0.013212
0.077893	0.013380
0.087923	0.192627
0.087923	0.190320
0.087923	0.199559
0.087923	0.192645
0.087923	0.183325
0.087923	0.185955
0.336343	0.412155
0.336343	0.414262
0.336343	0.424072
0.336343	0.412433
0.336343	0.427128
0.336343	0.408463
0.336343	0.438551
0.336343	0.417314
0.336343	0.431872
0.336343	0.817008
0.336343	0.828677
0.060161	0.201778
0.060161	0.202348
0.060161	0.211012
0.060161	0.209097
0.060161	0.206008
0.060161	0.221343
0.060161	0.191501
0.130970	0.283776
0.130970	0.292745
0.130970	0.297390
0.130970	0.319555
0.130970	0.170800
0.130970	0.177808
0.130970	0.171641
0.130970	0.180999
0.130970	0.165575
0.034693	0.309637
0.034693	0.307305
0.034693	0.318661
0.034693	0.309709
0.034693	0.636663
0.034693	0.634706
0.034693	0.642198
0.034693	0.636858
0.034693	0.637120
0.034693	0.639412
0.031502	0.216343
0.031502	0.218111
0.031502	0.226540
0.031502	0.214154
0.031502	0.215316
0.031502	0.219211
0.031502	0.201392
0.031502	0.237432
0.047467	0.320487
0.047467	0.317175
0.047467	0.329113
0.047467	0.329660
0.047467	0.678198
0.047467	0.330122
0.047467	0.683233
0.047467	0.324016
0.047467	0.683791
0.047467	0.342104
0.040646	0.221562
0.040646	0.223050
0.040646	0.232024
0.040646	0.222105
0.040646	0.232742
0.040646	0.221899
0.040646	0.216342
0.040646	0.276900
0.110524	0.409987
0.110524	0.411655
0.110524	0.828866
0.110524	0.859384
0.110524	0.825393
0.110524	0.410207
0.110524	0.858529
0.110524	0.425159
0.110524	0.876178
0.110524	0.869794
0.110524	0.868846
0.045818	0.192348
0.045818	0.822290
0.045818	0.814473
0.045818	0.841656
0.045818	0.194749
0.045818	0.195112
0.076231	0.206745
0.076231	0.203285
0.076231	0.215253
0.076231	0.213811
0.076231	0.052036
0.076231	0.049475
0.110584	0.204546
0.110584	0.207844
0.110584	0.219049
0.110584	0.219232
0.110584	0.207001
0.110584	0.187138
0.110584	0.193551
0.108583	0.332442
0.108583	0.340008
0.108583	0.336824
0.108583	0.326354
0.108583	0.316388
0.108583	0.345820
0.108583	0.371531
0.108583	0.346259
0.074051	0.486090
0.074051	0.467939
0.074051	0.482110
0.074051	0.215208
0.074051	0.209336
0.074051	0.479366
0.074051	0.484701
0.074051	0.472156
0.074051	0.466460
0.074051	0.471142
0.074051	0.470847
0.086556	0.332891
0.086556	0.172358
0.086556	0.335026
0.086556	0.183207
0.086556	0.166232
0.086556	0.177376
0.086556	0.158915
0.078027	0.478221
0.078027	0.938237
0.078027	0.497510
0.078027	0.941952
0.078027	0.939707
0.078027	0.941020
0.078027	0.939780
0.078027	0.942633
0.078027	0.942392
0.078027	0.940301
0.078027	0.941144
0.122230	0.479649
0.122230	0.476158
0.122230	0.490255
0.122230	0.487833
0.122230	0.478414
0.122230	0.492364
0.122230	0.935303
0.122230	0.536735
0.122230	0.937456
0.122230	0.938037
0.122230	0.937524
0.071422	0.260839
0.071422	0.266388
0.071422	0.271499
0.071422	0.268223
0.071422	0.253367
0.071422	0.288018
0.071422	0.260233
0.118808	0.241160
0.118808	0.242577
0.118808	0.257689
0.118808	0.243835
0.118808	0.254605
0.118808	0.245827
0.118808	0.216676
0.118808	0.260516
0.139664	0.216016
0.139664	0.214947
0.139664	0.226052
0.139664	0.220901
0.139664	0.018331
0.139664	0.232949
0.139664	0.019079
0.105336	0.149332
0.105336	0.452761
0.105336	0.151215
0.105336	0.148936
0.163224	0.222781
0.163224	0.217884
0.163224	0.229644
0.163224	0.223259
0.163224	0.217201
0.163224	0.238954
0.163224	0.059394
0.059549	0.175110
0.059549	0.174478
0.059549	0.179379
0.059549	0.176830
0.059549	0.171958
0.141229	0.182563
0.141229	0.178963
0.141229	0.185303
0.141229	0.186663
0.141229	0.233101
0.037224	0.238128
0.037224	0.237680
0.037224	0.251626
0.037224	0.238877
0.037224	0.243067
0.037224	0.244850
0.037224	0.254510
0.037224	0.238217
0.049057	0.230831
0.049057	0.226052
0.049057	0.235277
0.049057	0.228131
0.049057	0.220595
0.049057	0.145513
0.049057	0.141523
0.067164	0.184224
0.067164	0.186888
0.067164	0.200075
0.067164	0.189559
0.067164	0.187283
0.067164	0.189676
0.067164	0.196938
0.057073	0.323710
0.057073	0.321007
0.057073	0.330489
0.057073	0.326028
0.057073	0.321623
0.057073	0.322840
0.057073	0.336192
0.057073	0.021834
0.057073	0.022241
0.059774	0.224929
0.059774	0.218603
0.059774	0.227104
0.059774	0.220496
0.059774	0.201637
0.059774	0.215374
0.203087	0.313808
0.203087	0.315248
0.203087	0.319478
0.203087	0.009011
0.203087	0.006994
0.203087	0.319869
0.203087	0.317957
0.203087	0.008265
0.203087	0.338916
0.150978	0.283087
0.150978	0.008320
0.150978	0.286478
0.150978	0.284419
0.150978	0.009080
0.150978	0.009135
0.150978	0.009113
0.150978	0.008860
0.150978	0.009017
0.070165	0.006525
0.070165	0.241743
0.070165	0.251550
0.070165	0.006561
0.070165	0.006788
0.070165	0.006863
0.070165	0.007062
0.070165	0.006640
0.083054	0.239768
0.083054	0.237671
0.083054	0.236850
0.083054	0.008446
0.083054	0.008459
0.083054	0.008340
0.083054	0.008571
0.083054	0.009525
0.176579	0.305194
0.176579	0.319930
0.176579	0.318447
0.176579	0.304382
0.176579	0.307841
0.176579	0.305073
0.176579	0.341773
0.176579	0.306089
0.085594	0.016476
0.085594	0.447080
0.085594	0.480992
0.085594	0.386275
0.085594	0.016682
0.085594	0.417234
0.085594	0.017994
0.085594	0.015720
0.085594	0.015462
0.085594	0.015974
0.085594	0.018746
0.078637	0.030270
0.078637	0.248851
0.078637	0.271138
0.078637	0.031688
0.078637	0.032628
0.078637	0.257272
0.091141	0.260927
0.091141	0.271422
0.091141	0.272320
0.091141	0.261464
0.091141	0.270842
0.091141	0.260035
0.091141	0.261432
0.091141	0.261341
0.044946	0.181538
0.044946	0.183144
0.044946	0.190087
0.044946	0.186245
0.044946	0.187063
0.044946	0.177420
0.044946	0.015694
0.044742	0.226680
0.044742	0.227203
0.044742	0.240912
0.044742	0.230046
0.044742	0.230472
0.044742	0.225414
0.044742	0.221415
0.044742	0.238775
0.039701	0.247834
0.039701	0.253615
0.039701	0.254751
0.039701	0.251829
0.039701	0.237493
0.039701	0.250052
0.039701	0.250308
0.039701	0.245242
0.083002	0.210519
0.083002	0.206438
0.083002	0.214679
0.083002	0.210147
0.083002	0.206629
0.083002	0.218652
0.083002	0.195896
0.068742	0.345016
0.068742	0.358905
0.068742	0.356668
0.068742	0.348545
0.068742	0.331459
0.068742	0.337932
0.068742	0.364984
0.068742	0.159139
0.068742	0.175484
0.117309	0.394401
0.117309	0.403281
0.117309	0.375353
0.117309	0.380930
0.117309	0.377910
0.117309	0.383669
0.117309	0.402076
0.117309	0.388836
0.078278	0.297169
0.078278	0.283427
0.078278	0.307379
0.078278	0.112415
0.078278	0.299025
0.078278	0.272687
0.078278	0.253653
0.078278	0.267547
0.104742	0.270790
0.104742	0.015979
0.104742	0.277819
0.104742	0.272155
0.104742	0.273927
0.104742	0.018940
0.104742	0.018218
0.097465	0.197117
0.097465	0.269824
0.097465	0.283375
0.097465	0.214470
0.097465	0.285591
0.097465	0.282734
0.097465	0.234099
0.097465	0.252673
0.091087	0.320935
0.091087	0.012348
0.091087	0.325555
0.091087	0.011785
0.091087	0.011094
0.091087	0.010701
0.091087	0.011927
0.091087	0.011021
0.091087	0.011578
0.060458	0.352070
0.060458	0.359007
0.060458	0.362718
0.060458	0.357562
0.060458	0.364545
0.060458	0.352542
0.060458	0.034322
0.060458	0.033897
0.060458	0.035266
0.044190	0.232552
0.044190	0.228970
0.044190	0.238585
0.044190	0.222828
0.044190	0.226721
0.044190	0.205603
0.044190	0.200952
0.056947	0.245731
0.056947	0.248896
0.056947	0.261646
0.056947	0.260067
0.056947	0.256920
0.056947	0.843198
0.056947	0.852082
0.084788	0.332295
0.084788	0.342448
0.084788	0.344412
0.084788	0.356994
0.084788	0.325439
0.084788	0.320605
0.084788	0.307211
0.084788	0.302549
0.303916	0.077010
0.303916	0.090149
0.303916	0.092362
0.303916	0.092805
0.303916	0.089127
0.303916	0.092928
0.303916	0.086626
0.303916	0.088846
0.160012	0.081332
0.160012	0.077586
0.160012	0.208721
0.160012	0.094850
0.278816	0.306643
0.278816	0.065812
0.278816	0.312330
0.278816	0.309686
0.278816	0.065020
0.278816	0.066292
0.278816	0.065774
0.278816	0.066123
0.278816	0.065842
0.076280	0.075029
0.076280	0.326452
0.076280	0.335482
0.076280	0.060096
0.076280	0.076235
0.076280	0.072621
0.076280	0.077592
0.076280	0.081677
0.076280	0.078674
0.092523	0.234418
0.092523	0.590742
0.092523	0.263197
0.092523	0.262574
0.092523	0.583167
0.092523	0.593574
0.092523	0.211529
0.044451	0.313187
0.044451	0.017784
0.044451	0.304498
0.044451	0.303534
0.044451	0.018185
0.044451	0.018873
0.044451	0.019147
0.044451	0.020162
0.044451	0.023797
0.051175	0.408899
0.051175	0.405207
0.051175	0.410045
0.051175	0.212094
0.051175	0.386395
0.051175	0.402246
0.051175	0.402371
0.051175	0.390663
0.051175	0.208534
0.051175	0.205371
0.051175	0.193391
0.051175	0.207661
0.050021	0.271491
0.050021	0.091158
0.050021	0.276129
0.050021	0.279685
0.050021	0.086111
0.136278	0.296607
0.136278	0.347483
0.136278	0.367102
0.136278	0.306905
0.136278	0.306754
0.136278	0.293855
0.136278	0.336243
0.136278	0.346788
0.086617	0.274598
0.086617	0.285282
0.086617	0.278576
0.086617	0.280147
0.228183	0.981385
0.228183	0.980016
0.228183	0.470998
0.228183	0.483009
0.228183	0.980604
0.228183	0.979953
0.228183	0.980222
0.228183	0.978766
0.228183	0.978545
0.078377	0.933969
0.078377	0.523750
0.078377	0.537536
0.078377	0.933323
0.078377	0.931100
0.078377	0.518911
0.078377	0.929490
0.078377	0.933660
0.078377	0.931777
0.078377	0.549653
0.078377	0.928756
0.251626	0.493539
0.251626	0.616764
0.251626	0.512559
0.251626	0.506626
0.251626	0.613759
0.251626	0.601258
0.251626	0.605897
0.251626	0.543894
0.251626	0.578129
0.043509	0.105300
0.043509	0.104609
0.043509	0.545470
0.043509	0.528976
0.043509	0.104910
0.043509	0.102928
0.135156	0.603903
0.135156	0.245906
0.135156	0.612298
0.135156	0.620959
0.135156	0.260447
0.135156	0.612582
0.135156	0.592446
0.135156	0.254130
0.135156	0.597528
0.135156	0.272983
0.135156	0.602431
0.135156	0.603311
0.154058	0.421533
0.154058	0.426470
0.154058	0.435803
0.154058	0.428143
0.154058	0.415810
0.154058	0.422150
0.154058	0.112269
0.154058	0.110138
0.154058	0.118858
0.089076	0.313906
0.089076	0.294284
0.089076	0.317389
0.089076	0.308582
0.079441	0.279685
0.079441	0.269283
0.079441	0.286511
0.079441	0.275017
0.079441	0.309454
0.079441	0.160949
0.162680	0.280116
0.162680	0.270832
0.162680	0.280018
0.162680	0.269733
0.162680	0.093068
0.162680	0.099295
0.162680	0.255120
0.033729	0.266967
0.033729	0.265080
0.033729	0.279444
0.033729	0.269546
0.033729	0.257228
0.033729	0.265346
0.033729	0.243423
0.033729	0.248420
0.047461	0.324656
0.047461	0.313272
0.047461	0.326384
0.047461	0.323918
0.047461	0.352037
0.047461	0.332021
0.047461	0.016016
0.047461	0.015758
0.047461	0.015532
0.090920	0.276521
0.090920	0.282864
0.090920	0.292754
0.090920	0.276423
0.090920	0.280471
0.090920	0.283517
0.090920	0.262837
0.090920	0.262099
0.073234	0.274959
0.073234	0.266971
0.073234	0.273509
0.073234	0.288441
0.073234	0.074126
0.073234	0.074817
0.101111	0.319019
0.101111	0.318785
0.101111	0.335147
0.101111	0.724537
0.101111	0.317506
0.101111	0.313324
0.101111	0.306648
0.101111	0.293916
0.197421	0.271874
0.197421	0.395271
0.197421	0.376372
0.197421	0.388942
0.197421	0.385797
0.197421	0.282576
0.197421	0.246239
0.269179	0.329211
0.269179	0.523470
0.269179	0.351647
0.269179	0.339481
0.269179	0.519454
0.269179	0.325389
0.269179	0.514180
0.269179	0.517575
0.220524	0.047391
0.220524	0.417639
0.220524	0.462252
0.220524	0.046643
0.220524	0.045289
0.236358	0.291367
0.236358	0.287788
0.236358	0.314182
0.236358	0.293868
0.236358	0.282999
0.236358	0.290661
0.236358	0.301677
0.236358	0.275380
0.172593	0.233176
0.172593	0.229298
0.172593	0.234534
0.172593	0.233465
0.172593	0.015334
0.172593	0.015186
0.077351	0.269162
0.077351	0.269597
0.077351	0.276045
0.077351	0.016363
0.077351	0.014672
0.077351	0.263932
0.077351	0.014642
0.077351	0.015637
0.077351	0.011901
0.036869	0.276704
0.036869	0.272991
0.036869	0.012443
0.036869	0.012216
0.036869	0.011813
0.036869	0.012257
0.036869	0.010116
0.036869	0.011444
0.126027	0.313592
0.126027	0.019088
0.126027	0.317000
0.126027	0.319589
0.126027	0.020214
0.126027	0.019522
0.126027	0.019677
0.126027	0.020792
0.126027	0.018413
0.195406	0.044356
0.195406	0.350723
0.195406	0.366174
0.195406	0.041629
0.195406	0.043096
0.195406	0.045515
0.195406	0.041697
0.195406	0.041358
0.195406	0.041092
0.275205	0.298635
0.275205	0.665832
0.275205	0.314213
0.275205	0.296685
0.275205	0.297979
0.275205	0.308198
0.275205	0.280885
0.275205	0.275451
0.231948	0.225423
0.231948	0.209937
0.231948	0.222374
0.231948	0.231034
0.231948	0.292009
0.231948	0.304679
0.231948	0.291298
0.058205	0.293848
0.058205	0.298388
0.058205	0.309168
0.058205	0.302179
0.058205	0.305784
0.058205	0.290584
0.058205	0.279550
0.058205	0.292071
0.180484	0.396066
0.180484	0.387278
0.180484	0.404085
0.180484	0.404710
0.180484	0.412369
0.180484	0.404573
0.180484	0.431064
0.180484	0.094069
0.180484	0.093250
0.083852	0.254659
0.083852	0.257447
0.083852	0.267690
0.083852	0.251394
0.083852	0.257846
0.083852	0.252219
0.083852	0.235222
0.083852	0.245815
0.109216	0.206004
0.109216	0.195987
0.109216	0.207742
0.109216	0.203413
0.109216	0.209796
0.109216	0.046283
0.082132	0.329108
0.082132	0.333602
0.082132	0.348662
0.082132	0.335135
0.082132	0.332559
0.082132	0.343849
0.082132	0.339676
0.082132	0.327241
0.082132	0.354426
0.082132	0.321981
0.082132	0.338456
0.086189	0.308459
0.086189	0.303904
0.086189	0.316531
0.086189	0.314984
0.086189	0.321577
0.086189	0.297245
0.086189	0.324351
0.086189	0.469019
0.086189	0.465231
0.108454	0.225058
0.108454	0.229919
0.108454	0.241973
0.108454	0.248103
0.108454	0.218100
0.108454	0.231775
0.108454	0.210554
0.077917	0.299447
0.077917	0.302561
0.077917	0.298722
0.077917	0.298224
0.077917	0.156883
0.077917	0.164312
0.111063	0.353525
0.111063	0.345727
0.111063	0.353351
0.111063	0.203343
0.111063	0.195782
0.111063	0.182860
0.111063	0.189967
0.182539	0.447415
0.182539	0.101873
0.182539	0.469193
0.182539	0.111037
0.182539	0.113189
0.182539	0.108103
0.182539	0.118996
0.182539	0.124366
0.182539	0.111960
0.182334	0.321745
0.182334	0.337786
0.182334	0.325502
0.182334	0.155192
0.182334	0.312902
0.182334	0.309391
0.361361	0.403152
0.361361	0.164019
0.361361	0.399028
0.361361	0.176702
0.361361	0.166541
0.361361	0.392551
0.162513	0.266660
0.162513	0.267337
0.162513	0.274289
0.162513	0.261493
0.162513	0.242328
0.236399	0.332504
0.236399	0.333177
0.236399	0.348118
0.236399	0.255340
0.236399	0.326134
0.236399	0.330218
0.236399	0.314459
0.236399	0.332890
0.501364	0.443479
0.501364	0.219178
0.501364	0.448716
0.501364	0.445742
0.501364	0.442545
0.501364	0.475146
0.501364	0.440045
0.501364	0.440648
0.501364	0.478954
0.176412	0.248321
0.176412	0.607569
0.176412	0.619084
0.176412	0.267047
0.176412	0.628676
0.176412	0.614022
0.176412	0.620407
0.176412	0.607442
0.176412	0.611109
0.176412	0.612070
0.176412	0.616923
0.176412	0.590729
0.176412	0.592245
0.176412	0.594423
0.255882	0.166195
0.255882	0.162374
0.255882	0.171710
0.255882	0.176181
0.255882	0.159772
0.255882	0.164522
0.255882	0.154744
0.255882	0.167273
0.116624	0.146568
0.116624	0.153803
0.116624	0.147485
0.116624	0.140394
0.116624	0.043669
0.116624	0.151190
0.116624	0.043634
0.135705	0.149835
0.135705	0.141634
0.135705	0.147018
0.135705	0.138317
0.135705	0.045389
0.135705	0.046124
0.135705	0.045784
0.603992	0.162321
0.603992	0.164455
0.603992	0.164680
0.603992	0.162688
0.603992	0.022886
0.603992	0.021007
0.603992	0.022845
0.603992	0.022081
0.603992	0.025423
0.595784	0.138353
0.595784	0.140946
0.595784	0.149579
0.595784	0.145265
0.595784	0.133493
0.595784	0.137621
0.595784	0.138635
0.595784	0.139085
0.595784	0.021954
0.173471	0.137623
0.173471	0.140829
0.173471	0.147654
0.173471	0.145885
0.173471	0.149516
0.173471	0.143568
0.173471	0.137142
0.272531	0.135565
0.272531	0.038830
0.272531	0.132934
0.272531	0.038457
0.272531	0.037323
0.272531	0.139638
0.120243	0.143383
0.120243	0.043174
0.120243	0.143002
0.120243	0.041896
0.261377	0.158896
0.261377	0.159354
0.261377	0.165732
0.261377	0.027651
0.261377	0.028356
0.261377	0.028935
0.261377	0.029012
0.261377	0.028727
0.261377	0.025822
0.058655	0.159826
0.058655	0.308684
0.058655	0.161002
0.058655	0.328287
0.058655	0.320567
0.058655	0.317092
0.058655	0.327787
0.058655	0.326919
0.058655	0.274241
0.052112	0.174071
0.052112	0.166434
0.052112	0.168923
0.052112	0.172252
0.052112	0.170972
0.052112	0.170067
0.052112	0.025232
0.052112	0.029361
0.052112	0.027406
0.052112	0.024283
0.131553	0.141117
0.131553	0.134723
0.131553	0.139469
0.131553	0.149276
0.131553	0.156696
0.131553	0.028103
0.131553	0.027901
0.097838	0.236062
0.097838	0.236383
0.097838	0.244194
0.097838	0.239435
0.097838	0.234165
0.097838	0.245933
0.097838	0.239243
0.097838	0.233709
0.097838	0.235098
0.097838	0.233363
0.097838	0.241083
0.097838	0.237900
0.061299	0.326814
0.061299	0.332043
0.061299	0.350077
0.061299	0.324686
0.061299	0.329801
0.061299	0.349900
0.061299	0.280693
0.061299	0.312975
0.247990	0.422058
0.247990	0.434992
0.247990	0.453616
0.247990	0.416284
0.247990	0.433581
0.247990	0.459618
0.247990	0.445428
0.247990	0.430477
0.247990	0.432351
0.247990	0.441303
0.247990	0.450700
0.110799	0.230121
0.110799	0.218755
0.110799	0.231291
0.110799	0.244464
0.110799	0.228424
0.110799	0.229463
0.409070	0.136408
0.409070	0.132639
0.409070	0.130021
0.409070	0.145172
0.409070	0.153500
0.409070	0.138381
0.409070	0.138305
0.409070	0.162199
0.409070	0.152192
0.168904	0.279383
0.168904	0.255510
0.168904	0.266154
0.168904	0.255706
0.168904	0.245284
0.168904	0.239749
0.445385	0.067422
0.445385	0.060753
0.445385	0.057946
0.445385	0.072446
0.445385	0.068956
0.445385	0.065903
0.445385	0.066454
0.445385	0.421294
0.445385	0.083660
0.349048	0.090906
0.349048	0.089671
0.349048	0.089735
0.349048	0.102228
0.349048	0.084789
0.288985	0.329527
0.288985	0.343604
0.288985	0.350371
0.288985	0.351700
0.288985	0.337228
0.288985	0.324600
0.288985	0.319477
0.288985	0.317953
0.316956	0.433594
0.316956	0.442615
0.316956	0.446463
0.316956	0.423843
0.316956	0.409072
0.316956	0.442206
0.316956	0.448990
0.316956	0.463637
0.316956	0.228530
0.316956	0.234313
0.158911	0.204904
0.158911	0.200074
0.158911	0.204710
0.158911	0.199380
0.158911	0.198169
0.158911	0.197648
0.033764	0.436279
0.033764	0.444750
0.033764	0.454850
0.033764	0.432004
0.033764	0.427601
0.033764	0.427599
0.033764	0.443530
0.033764	0.442224
0.033764	0.439339
0.033764	0.442524
0.033764	0.428165
0.037703	0.189273
0.037703	0.186411
0.037703	0.194692
0.037703	0.197073
0.037703	0.185479
0.099168	0.219966
0.099168	0.222396
0.099168	0.227627
0.099168	0.220114
0.099168	0.222272
0.099168	0.217233
0.099168	0.253900
0.099168	0.235697
0.097339	0.216593
0.097339	0.218462
0.097339	0.224010
0.097339	0.219604
0.097339	0.211628
0.097339	0.216417
0.097339	0.213688
0.097339	0.225063
0.091924	0.202253
0.091924	0.193094
0.091924	0.201182
0.091924	0.194885
0.091924	0.188148
0.091924	0.187532
0.091924	0.188906
0.059173	0.190022
0.059173	0.191778
0.059173	0.191274
0.059173	0.188166
0.059173	0.195275
0.059173	0.180248
0.066306	0.268579
0.066306	0.257981
0.066306	0.265531
0.066306	0.271282
0.066306	0.262298
0.066306	0.262817
0.066306	0.266954
0.066306	0.256478
0.066306	0.258452
0.041732	0.225640
0.041732	0.226348
0.041732	0.231654
0.041732	0.238817
0.041732	0.203293
0.041732	0.227507
0.041732	0.258929
0.041732	0.215669
0.045193	0.209424
0.045193	0.208776
0.045193	0.214621
0.045193	0.209282
0.045193	0.191932
0.045193	0.198172
0.045193	0.203588
0.134700	0.219084
0.134700	0.206517
0.134700	0.213915
0.134700	0.208452
0.134700	0.207356
0.134700	0.209854
0.134700	0.218132
0.265618	0.183553
0.265618	0.184545
0.265618	0.193997
0.265618	0.118734
0.265618	0.179554
0.265618	0.194552
0.086201	0.187040
0.086201	0.200052
0.086201	0.196916
0.086201	0.198994
0.086201	0.192830
0.086201	0.194131
0.086201	0.183128
0.203785	0.280037
0.203785	0.251373
0.203785	0.265334
0.203785	0.322780
0.203785	0.118229
0.203785	0.250337
0.203785	0.252566
0.203785	0.245295
0.203785	0.247545
0.031072	0.221070
0.031072	0.229941
0.031072	0.230747
0.031072	0.225155
0.031072	0.217812
0.031072	0.228318
0.031072	0.226019
0.031072	0.220951
0.063675	0.201594
0.063675	0.204816
0.063675	0.207974
0.063675	0.198583
0.063675	0.105146
0.063675	0.107261
0.063675	0.111606
0.049252	0.300558
0.049252	0.302736
0.049252	0.316386
0.049252	0.304061
0.049252	0.313980
0.049252	0.318954
0.049252	0.333849
0.049252	0.313057
0.049252	0.317929
0.049252	0.297570
0.049252	0.309036
0.049252	0.298581
0.057716	0.200022
0.057716	0.203620
0.057716	0.211188
0.057716	0.204980
0.057716	0.088895
0.057716	0.088018
0.057716	0.088803
0.026755	0.164333
0.026755	0.159016
0.026755	0.165953
0.026755	0.166075
0.026755	0.160298
0.021769	0.304791
0.021769	0.300803
0.021769	0.312870
0.021769	0.315198
0.021769	0.310539
0.021769	0.314233
0.021769	0.316178
0.021769	0.463986
0.021769	0.498600
0.033692	0.187234
0.033692	0.187673
0.033692	0.195197
0.033692	0.190807
0.033692	0.189100
0.033692	0.178580
0.033692	0.187076
0.055953	0.230922
0.055953	0.218608
0.055953	0.232827
0.055953	0.227757
0.055953	0.080158
0.055953	0.232888
0.040054	0.246895
0.040054	0.253692
0.040054	0.259046
0.040054	0.241141
0.040054	0.248426
0.040054	0.218581
0.040054	0.230604
0.112525	0.302176
0.112525	0.297467
0.112525	0.299203
0.112525	0.296562
0.112525	0.084888
0.112525	0.092431
0.112525	0.292321
0.127937	0.353318
0.127937	0.357214
0.127937	0.366780
0.127937	0.117056
0.127937	0.360711
0.127937	0.115138
0.127937	0.137085
0.127937	0.158096
0.127937	0.140864
0.197656	0.150719
0.197656	0.214315
0.197656	0.158281
0.197656	0.233510
0.197656	0.229912
0.197656	0.149374
0.197656	0.202996
0.197656	0.213450
0.197656	0.224106
0.139357	0.411823
0.139357	0.417744
0.139357	0.426203
0.139357	0.427528
0.139357	0.412463
0.139357	0.411039
0.139357	0.422548
0.139357	0.403349
0.198035	0.292432
0.198035	0.295332
0.198035	0.313964
0.198035	0.291807
0.198035	0.291942
0.198035	0.284189
0.198035	0.252090
0.118232	0.207816
0.118232	0.202113
0.118232	0.211057
0.118232	0.206161
0.118232	0.193760
0.096337	0.286075
0.096337	0.279525
0.096337	0.298726
0.096337	0.279948
0.096337	0.287174
0.096337	0.282794
0.096337	0.264205
0.096337	0.284698
0.044657	0.250599
0.044657	0.251779
0.044657	0.260061
0.044657	0.270830
0.044657	0.241533
0.044657	0.224516
0.044657	0.216737
0.044657	0.289603
0.048768	0.194961
0.048768	0.190336
0.048768	0.194747
0.048768	0.188535
0.048768	0.169052
0.048768	0.187901
0.069748	0.206901
0.069748	0.209186
0.069748	0.215541
0.069748	0.243422
0.069748	0.183995
0.112783	0.390276
0.112783	0.409962
0.112783	0.406399
0.112783	0.391510
0.112783	0.406629
0.112783	0.404074
0.112783	0.808319
0.112783	0.775154
0.230178	0.514730
0.230178	0.504341
0.230178	0.517452
0.230178	0.951522
0.230178	0.949892
0.230178	0.526258
0.230178	0.950042
0.230178	0.949682
0.230178	0.506638
0.230178	0.500175
0.230178	0.953176
0.027951	0.356575
0.027951	0.403642
0.027951	0.399782
0.027951	0.396003
0.027951	0.351156
0.027951	0.402377
0.027951	0.394574
0.027951	0.392869
0.072651	0.088698
0.072651	0.085301
0.072651	0.318117
0.072651	0.314905
0.213732	0.224993
0.213732	0.350568
0.213732	0.363691
0.213732	0.226280
0.213732	0.358682
0.213732	0.234371
0.213732	0.224732
0.213732	0.199897
0.213732	0.218229
0.103053	0.282161
0.103053	0.297863
0.103053	0.294485
0.103053	0.276569
0.103053	0.091839
0.103053	0.089225
0.103053	0.084178
0.059112	0.319841
0.059112	0.309698
0.059112	0.311538
0.059112	0.309307
0.059112	0.044710
0.059112	0.032246
0.059112	0.033665
0.068936	0.276946
0.068936	0.270610
0.068936	0.279729
0.068936	0.297255
0.068936	0.263399
0.068936	0.279411
0.068936	0.288574
0.068936	0.438973
0.153251	0.334963
0.153251	0.223349
0.153251	0.333062
0.153251	0.220640
0.153251	0.215954
0.153251	0.216643
0.153251	0.188589
0.141313	0.367018
0.141313	0.004350
0.141313	0.396289
0.141313	0.004255
0.141313	0.004469
0.141313	0.004462
0.141313	0.004350
0.141313	0.004228
0.141313	0.004031
0.050007	0.369156
0.050007	0.373889
0.050007	0.376053
0.050007	0.357826
0.050007	0.081421
0.050007	0.078221
0.050007	0.091488
0.050007	0.083786
0.081616	0.451649
0.081616	0.465648
0.081616	0.449083
0.081616	0.026278
0.081616	0.023580
0.081616	0.021375
0.081616	0.023255
0.078395	0.348308
0.078395	0.089144
0.078395	0.351495
0.078395	0.368414
0.078395	0.089744
0.078395	0.090582
0.087345	0.396706
0.087345	0.397653
0.087345	0.409006
0.087345	0.415593
0.087345	0.392474
0.087345	0.398064
0.087345	0.481551
0.087345	0.467374
0.087345	0.424584
0.087345	0.414824
0.087345	0.438822
0.099521	0.310217
0.099521	0.309322
0.099521	0.321169
0.099521	0.311083
0.099521	0.311955
0.099521	0.326682
0.099521	0.108384
0.099521	0.110851
0.099521	0.110579
0.050064	0.345231
0.050064	0.346418
0.050064	0.361176
0.050064	0.353769
0.050064	0.345858
0.050064	0.344062
0.050064	0.352466
0.050064	0.218930
0.166743	0.370795
0.166743	0.378731
0.166743	0.392113
0.166743	0.377705
0.166743	0.374693
0.166743	0.395510
0.166743	0.379039
0.166743	0.400722
0.166743	0.371736
0.166743	0.383925
0.166743	0.377806
0.166743	0.385497
0.039582	0.316129
0.039582	0.312809
0.039582	0.321606
0.039582	0.323446
0.039582	0.322383
0.039582	0.313388
0.039582	0.117980
0.039582	0.349121
0.039582	0.113758
0.046211	0.382360
0.046211	0.377445
0.046211	0.398044
0.046211	0.386458
0.046211	0.374371
0.046211	0.395756
0.046211	0.376019
0.046211	0.387421
0.046211	0.381712
0.046211	0.392338
0.046211	0.379670
0.061058	0.293385
0.061058	0.301169
0.061058	0.306699
0.061058	0.303101
0.061058	0.324595
0.061058	0.300357
0.061058	0.486716
0.061058	0.586578
0.051456	0.327972
0.051456	0.329633
0.051456	0.340308
0.051456	0.331610
0.051456	0.306571
0.051456	0.326509
0.051456	0.326320
0.051456	0.358416
0.051456	0.322973
0.084055	0.364033
0.084055	0.372909
0.084055	0.363360
0.084055	0.174976
0.084055	0.198434
0.084055	0.163251
0.084055	0.181060
0.084055	0.185631
0.084055	0.164204
0.127005	0.238978
0.127005	0.240603
0.127005	0.245434
0.127005	0.237893
0.127005	0.231255
0.127005	0.213953
0.127005	0.293657
0.117168	0.225864
0.117168	0.210282
0.117168	0.220464
0.117168	0.220318
0.117168	0.112373
0.117168	0.106361
0.117168	0.106674
0.072925	0.220613
0.072925	0.229451
0.072925	0.234053
0.072925	0.217214
0.072925	0.226802
0.072925	0.225389
0.072925	0.203168
0.072925	0.212105
0.040969	0.196833
0.040969	0.185360
0.040969	0.193737
0.040969	0.186055
0.040969	0.177457
0.040969	0.175461
0.040969	0.177719
0.074115	0.214092
0.074115	0.203616
0.074115	0.205782
0.074115	0.204839
0.074115	0.206697
0.074115	0.218086
0.172733	0.347908
0.172733	0.344538
0.172733	0.351503
0.172733	0.371040
0.172733	0.345612
0.172733	0.354685
0.172733	0.345921
0.172733	0.353672
0.172733	0.380074
0.172733	0.338242
0.172733	0.350326
0.172733	0.354255
0.074699	0.224817
0.074699	0.232872
0.074699	0.241682
0.074699	0.225495
0.074699	0.219555
0.074699	0.223677
0.074699	0.213076
0.074699	0.254819
0.106653	0.217493
0.106653	0.220849
0.106653	0.225315
0.106653	0.231597
0.106653	0.218080
0.106653	0.221203
0.106653	0.281519
0.106653	0.230928
0.079893	0.176612
0.079893	0.177588
0.079893	0.187857
0.079893	0.176029
0.079893	0.175107
0.071067	0.239230
0.071067	0.235242
0.071067	0.247336
0.071067	0.241279
0.071067	0.281861
0.071067	0.236285
0.071067	0.216628
0.071067	0.253751
0.101263	0.202221
0.101263	0.206507
0.101263	0.215494
0.101263	0.202224
0.101263	0.211518
0.101263	0.180217
0.101263	0.186397
0.036399	0.225386
0.036399	0.226281
0.036399	0.237597
0.036399	0.222586
0.036399	0.225014
0.036399	0.204308
0.036399	0.205079
0.054738	0.265588
0.054738	0.246959
0.054738	0.266909
0.054738	0.256443
0.082625	0.115450
0.082625	0.113112
0.082625	0.113107
0.082625	0.118000
0.082625	0.074388
0.052933	0.170702
0.052933	0.162087
0.052933	0.169306
0.052933	0.021861
0.052933	0.163198
0.052933	0.162275
0.052933	0.162918
0.052933	0.166290
0.082230	0.150355
0.082230	0.030423
0.082230	0.153629
0.082230	0.147222
0.082230	0.030147
0.082230	0.030555
0.082230	0.030334
0.082230	0.029979
0.082230	0.030099
0.075132	0.130339
0.075132	0.415581
0.075132	0.428464
0.075132	0.130796
0.075132	0.410266
0.075132	0.129241
0.197665	0.590937
0.197665	0.557046
0.197665	0.606303
0.197665	0.592066
0.197665	0.547938
0.197665	0.544348
0.197665	0.541541
0.197665	0.591393
0.197665	0.560071
0.197665	0.558057
0.197665	0.555209
0.105909	0.635145
0.105909	0.534286
0.105909	0.547812
0.105909	0.641647
0.105909	0.642286
0.105909	0.648176
0.105909	0.644870
0.105909	0.648656
0.105909	0.634459
0.048124	0.260256
0.048124	0.006847
0.048124	0.006600
0.048124	0.007636
0.048124	0.275611
0.048124	0.257650
0.048124	0.007034
0.048124	0.240985
0.042259	0.621832
0.042259	0.635120
0.042259	0.605249
0.042259	0.517365
0.121075	0.114076
0.121075	0.115348
0.121075	0.580650
0.121075	0.119180
0.121075	0.109860
0.121075	0.116542
0.121075	0.113079
0.175186	0.568115
0.175186	0.577517
0.175186	0.580895
0.175186	0.566460
0.175186	0.435777
0.175186	0.561919
0.175186	0.436937
0.175186	0.573146
0.175186	0.439761
0.175186	0.446268
0.175186	0.573080
0.038998	0.474998
0.038998	0.461702
0.038998	0.473060
0.038998	0.464101
0.038998	0.462605
0.038998	0.473911
0.038998	0.448629
0.139197	0.545496
0.139197	0.542987
0.139197	0.553241
0.139197	0.545345
0.139197	0.542053
0.139197	0.214971
0.139197	0.235488
0.139197	0.234831
0.067717	0.427158
0.067717	0.427911
0.067717	0.441807
0.067717	0.426509
0.067717	0.442262
0.067717	0.427574
0.067717	0.407193
0.093643	0.614573
0.093643	0.619300
0.093643	0.632204
0.093643	0.618303
0.093643	0.616930
0.093643	0.627631
0.093643	0.626574
0.093643	0.621008
0.093643	0.628221
0.093643	0.627391
0.093643	0.617088
0.093643	0.237432
0.093643	0.240741
0.093643	0.247110
0.101738	0.133665
0.101738	0.132813
0.101738	0.133612
0.101738	0.132869
0.101738	0.125911
0.101738	0.131442
0.227555	0.147507
0.227555	0.147649
0.227555	0.151578
0.227555	0.144592
0.227555	0.152432
0.227555	0.167523
0.227555	0.154536
0.227555	0.157713
0.227555	0.161279
0.213877	0.183621
0.213877	0.174584
0.213877	0.177431
0.213877	0.042511
0.213877	0.043585
0.213877	0.043736
0.213877	0.043525
0.213877	0.043501
0.213877	0.048573
0.124484	0.170403
0.124484	0.040882
0.124484	0.176872
0.124484	0.040580
0.124484	0.040737
0.124484	0.041286
0.124484	0.173327
0.124484	0.173034
0.124484	0.040282
0.250223	0.174296
0.250223	0.180444
0.250223	0.178632
0.250223	0.174495
0.250223	0.166731
0.250223	0.066175
0.250223	0.176733
0.250223	0.182172
0.250223	0.066758
0.157246	0.315952
0.157246	0.316262
0.157246	0.320819
0.157246	0.310967
0.157246	0.314321
0.157246	0.337917
0.157246	0.300833
0.267351	0.349457
0.267351	0.334274
0.267351	0.344204
0.267351	0.359028
0.267351	0.056783
0.267351	0.059759
0.267351	0.050592
0.267351	0.053089
0.267351	0.047565
0.163320	0.365319
0.163320	0.373400
0.163320	0.342927
0.163320	0.337250
0.163320	0.018213
0.163320	0.015925
0.163320	0.017453
0.163320	0.018087
0.163320	0.328860
0.067979	0.282492
0.067979	0.280279
0.067979	0.285174
0.067979	0.290679
0.067979	0.270337
0.067979	0.291036
0.123891	0.071973
0.123891	0.071849
0.123891	0.043914
0.123891	0.044188
0.123891	0.042558
0.135775	0.511436
0.135775	0.014401
0.135775	0.521047
0.135775	0.500810
0.135775	0.016671
0.135775	0.014279
0.135775	0.014531
0.135775	0.015120
0.135775	0.014141
0.135775	0.014651
0.135775	0.013483
0.135775	0.015019
0.230368	0.182270
0.230368	0.183035
0.230368	0.189228
0.230368	0.198186
0.230368	0.178214
0.230368	0.185078
0.230368	0.185191
0.230368	0.193608
0.230368	0.193862
0.179838	0.335102
0.179838	0.361328
0.179838	0.358000
0.179838	0.323993
0.179838	0.313230
0.179838	0.365546
0.179838	0.356937
0.179838	0.343523
0.179838	0.359854
0.179838	0.352253
0.179838	0.342744
0.198778	0.350350
0.198778	0.348111
0.198778	0.356396
0.198778	0.012807
0.198778	0.011998
0.198778	0.011781
0.204470	0.268152
0.204470	0.015948
0.204470	0.266131
0.204470	0.255418
0.204470	0.285290
0.204470	0.016980
0.204470	0.016797
0.204470	0.017059
0.204470	0.015705
0.119053	0.296287
0.119053	0.288367
0.119053	0.293137
0.119053	0.280938
0.119053	0.284075
0.119053	0.289321
0.119053	0.270318
0.099395	0.576343
0.099395	0.556917
0.099395	0.565816
0.099395	0.551367
0.099395	0.249296
0.099395	0.242999
0.099395	0.557377
0.099395	0.565538
0.099395	0.252885
0.257043	0.382648
0.257043	0.386624
0.257043	0.371741
0.257043	0.374748
0.257043	0.012413
0.257043	0.011918
0.257861	0.271319
0.257861	0.277539
0.257861	0.283948
0.257861	0.280193
0.257861	0.267586
0.257861	0.293698
0.257861	0.295038
0.257861	0.284515
0.139115	0.542979
0.139115	0.546721
0.139115	0.551218
0.139115	0.544014
0.139115	0.541325
0.139115	0.541515
0.139115	0.524097
0.139115	0.545613
0.106261	0.521814
0.106261	0.527076
0.106261	0.531190
0.106261	0.527331
0.106261	0.137804
0.106261	0.130131
0.106261	0.135297
0.106261	0.133700
0.106261	0.131549
0.238755	0.268347
0.238755	0.275726
0.238755	0.267342
0.238755	0.266433
0.238755	0.264371
0.238755	0.008106
0.238755	0.259499
0.238755	0.007671
0.104823	0.412059
0.104823	0.420834
0.104823	0.420691
0.104823	0.419709
0.104823	0.381777
0.189410	0.478148
0.189410	0.476246
0.189410	0.491415
0.189410	0.321699
0.189410	0.366699
0.189410	0.471136
0.189410	0.339638
0.189410	0.346562
0.189410	0.356111
0.246120	0.419034
0.246120	0.053207
0.246120	0.430095
0.246120	0.456800
0.246120	0.048395
0.246120	0.042541
0.246120	0.039192
0.246120	0.041516
0.266081	0.446401
0.266081	0.449882
0.266081	0.451101
0.266081	0.469368
0.266081	0.448061
0.266081	0.444055
0.266081	0.433737
0.266081	0.466797
0.193049	0.371511
0.193049	0.396662
0.193049	0.379822
0.193049	0.395977
0.088821	0.402699
0.088821	0.705875
0.088821	0.404852
0.088821	0.396365
0.134755	0.482747
0.134755	0.116439
0.134755	0.472291
0.134755	0.481265
0.134755	0.119604
0.134755	0.120057
0.134755	0.123112
0.137523	0.554094
0.137523	0.556051
0.137523	0.558273
0.137523	0.256098
0.137523	0.544286
0.137523	0.558732
0.137523	0.566773
0.137523	0.554992
0.137523	0.555537
0.137523	0.550606
0.137523	0.549662
0.137523	0.559297
0.077229	0.427165
0.077229	0.192663
0.077229	0.437171
0.077229	0.194654
0.077229	0.192999
0.077229	0.195796
0.077229	0.413652
0.085353	0.612730
0.085353	0.620968
0.085353	0.634843
0.085353	0.628779
0.085353	0.606383
0.085353	0.625105
0.085353	0.629294
0.085353	0.622424
0.085353	0.626260
0.085353	0.626341
0.085353	0.616056
0.085353	0.622944
0.085353	0.605576
0.085353	0.613656
0.090216	0.419367
0.090216	0.638011
0.090216	0.412089
0.090216	0.643700
0.152590	0.462408
0.152590	0.455648
0.152590	0.465955
0.152590	0.455710
0.152590	0.474483
0.152590	0.491194
0.152590	0.161123
0.152590	0.169703
0.152590	0.170198
0.090833	0.557405
0.090833	0.560892
0.090833	0.569042
0.090833	0.554245
0.090833	0.553179
0.090833	0.567709
0.090833	0.571977
0.090833	0.555990
0.090833	0.592843
0.090833	0.557348
0.090833	0.558077
0.090833	0.562656
0.130210	0.447146
0.130210	0.440083
0.130210	0.450018
0.130210	0.453015
0.130210	0.438204
0.130210	0.451371
0.130210	0.459303
0.130210	0.514709
0.099655	0.450066
0.099655	0.452138
0.099655	0.471014
0.099655	0.448027
0.099655	0.465417
0.099655	0.456271
0.099655	0.426788
0.099655	0.433574
0.057848	0.415715
0.057848	0.414209
0.057848	0.436406
0.057848	0.410204
0.057848	0.409475
0.057848	0.412892
0.057848	0.398362
0.057848	0.371502
0.111725	0.199520
0.111725	0.198525
0.111725	0.210965
0.111725	0.220580
0.111725	0.197453
0.111725	0.187685
0.111725	0.188854
0.133957	0.159011
0.133957	0.160132
0.133957	0.162083
0.133957	0.157544
0.133957	0.154753
0.133957	0.159527
0.133957	0.154652
0.133957	0.153698
0.305666	0.143128
0.305666	0.138393
0.305666	0.138549
0.305666	0.133086
0.305666	0.141036
0.305666	0.135767
0.305666	0.134630
0.453883	0.247397
0.453883	0.229261
0.453883	0.241383
0.453883	0.247789
0.453883	0.019663
0.453883	0.021516
0.453883	0.232758
0.303670	0.143499
0.303670	0.148154
0.303670	0.139650
0.303670	0.138432
0.303670	0.142314
0.303670	0.142667
0.283163	0.173165
0.283163	0.176237
0.283163	0.174137
0.283163	0.182692
0.283163	0.166061
0.283163	0.179804
0.283163	0.171746
0.283163	0.169000
0.283163	0.172311
0.283163	0.171596
0.283163	0.184414
0.136828	0.016560
0.136828	0.015208
0.136828	0.015613
0.136828	0.017719
0.136828	0.015579
0.136828	0.017349
0.136828	0.016414
0.474504	0.014307
0.474504	0.013571
0.474504	0.014609
0.474504	0.014353
0.474504	0.016206
0.474504	0.015562
0.474504	0.013727
0.474504	0.015072
0.474504	0.016075
0.474504	0.015241
0.474504	0.016096
0.474504	0.015385
0.524145	0.087328
0.524145	0.094699
0.524145	0.004019
0.524145	0.003800
0.511904	0.789166
0.511904	0.010565
0.511904	0.010576
0.511904	0.754410
0.276395	0.064081
0.276395	0.064370
0.276395	0.061265
0.276395	0.062678
0.276395	0.069388
0.276395	0.074033
0.276395	0.077616
0.276395	0.636164
0.112504	0.013308
0.112504	0.012495
0.112504	0.011958
0.112504	0.013570
0.112504	0.013017
0.112504	0.012783
0.112504	0.013019
0.112504	0.016625
0.112504	0.014546
0.096878	0.078242
0.096878	0.076249
0.096878	0.075517
0.096878	0.082732
0.096878	0.076850
0.096878	0.076235
0.096878	0.088204
0.096878	0.076177
0.065220	0.298717
0.065220	0.319765
0.065220	0.291788
0.065220	0.273261
0.065220	0.276559
0.065220	0.278428
0.065220	0.253987
0.091511	0.342989
0.091511	0.317823
0.091511	0.329119
0.091511	0.332715
0.091511	0.307974
0.091511	0.296866
0.088583	0.365382
0.088583	0.358101
0.088583	0.373621
0.088583	0.350207
0.088583	0.376462
0.088583	0.354312
0.088583	0.362652
0.088583	0.362374
0.158453	0.363682
0.158453	0.358664
0.158453	0.364274
0.158453	0.356985
0.158453	0.337073
0.158453	0.393614
0.158453	0.331203
0.260044	0.423369
0.260044	0.423703
0.260044	0.439353
0.260044	0.430367
0.260044	0.425709
0.260044	0.450610
0.260044	0.415839
0.260044	0.463213
0.260044	0.417981
0.260044	0.461670
0.260044	0.436880
0.217202	0.105621
0.217202	0.106737
0.217202	0.104297
0.217202	0.107338
0.217202	0.099916
0.217202	0.097074
0.217202	0.115272
0.192287	0.066491
0.192287	0.058746
0.192287	0.058948
0.192287	0.064627
0.192287	0.066555
0.192287	0.063556
0.192287	0.063136
0.362887	0.209762
0.362887	0.194404
0.362887	0.204215
0.362887	0.226432
0.362887	0.197443
0.362887	0.184830
0.362887	0.184377
0.264436	0.206457
0.264436	0.021050
0.264436	0.215193
0.264436	0.229215
0.264436	0.205182
0.264436	0.214985
0.264436	0.211207
0.181589	0.209593
0.181589	0.204104
0.181589	0.221347
0.181589	0.222519
0.181589	0.221781
0.181589	0.223383
0.181589	0.228716
0.181589	0.216179
0.147134	0.270961
0.147134	0.262257
0.147134	0.275441
0.147134	0.017501
0.147134	0.015408
0.147134	0.269208
0.147134	0.016579
0.147134	0.262668
0.250709	0.120714
0.250709	0.126794
0.250709	0.120467
0.250709	0.155050
0.250709	0.121934
0.199772	0.263101
0.199772	0.087788
0.199772	0.083258
0.199772	0.087393
0.262109	0.201104
0.262109	0.039049
0.262109	0.202676
0.262109	0.040200
0.262109	0.037511
0.262109	0.038088
0.262109	0.196321
0.262109	0.046438
0.119470	0.268772
0.119470	0.257091
0.119470	0.274825
0.119470	0.070263
0.119470	0.081390
0.119470	0.267168
0.119470	0.076647
0.119470	0.260566
0.119470	0.081091
0.298441	0.293142
0.298441	0.136321
0.298441	0.297517
0.298441	0.319732
0.298441	0.126657
0.298441	0.297450
0.194747	0.255694
0.194747	0.247162
0.194747	0.256996
0.194747	0.254600
0.194747	0.242694
0.194747	0.247958
0.194747	0.247954
0.194747	0.295534
0.297622	0.222863
0.297622	0.227821
0.297622	0.225824
0.297622	0.227010
0.297622	0.229806
0.297622	0.277943
0.454889	0.080352
0.454889	0.080730
0.454889	0.080737
0.454889	0.082657
0.454889	0.093002
0.454889	0.081744
0.454889	0.088249
0.454889	0.108681
0.356156	0.208604
0.356156	0.262296
0.356156	0.229341
0.356156	0.227180
0.356156	0.206029
0.356156	0.029444
0.356156	0.029419
0.282785	0.075082
0.282785	0.069008
0.282785	0.067941
0.282785	0.074991
0.282785	0.075387
0.282785	0.070981
0.282785	0.078445
0.282785	0.076255
0.191841	0.005590
0.191841	0.005480
0.191841	0.005307
0.191841	0.005556
0.191841	0.005818
0.304789	0.002506
0.304789	0.002383
0.304789	0.002367
0.304789	0.002508
0.304789	0.019109
0.304789	0.018905
0.304789	0.019180
0.304789	0.019061
0.304789	0.019053
0.304789	0.019189
0.271033	0.015871
0.271033	0.014590
0.271033	0.014043
0.271033	0.016839
0.271033	0.015534
0.271033	0.016259
0.271033	0.015575
0.271033	0.017163
0.271033	0.018602
0.099190	0.410000
0.099190	0.425366
0.099190	0.425504
0.099190	0.411320
0.099190	0.415857
0.099190	0.398048
0.099190	0.396162
0.099190	0.404777
0.116451	0.334363
0.116451	0.335093
0.116451	0.350445
0.116451	0.331546
0.116451	0.299111
0.116451	0.322843
0.112869	0.368099
0.112869	0.354162
0.112869	0.349685
0.112869	0.375717
0.112869	0.364787
0.112869	0.368842
0.112869	0.386118
0.112869	0.361997
0.112869	0.395650
0.112869	0.386362
0.103622	0.314934
0.103622	0.320854
0.103622	0.326512
0.103622	0.340455
0.103622	0.335177
0.103622	0.312182
0.140556	0.582506
0.140556	0.596902
0.140556	0.613216
0.140556	0.594031
0.140556	0.594448
0.140556	0.609303
0.140556	0.615471
0.140556	0.605410
0.140556	0.592739
0.140556	0.613691
0.140556	0.578127
0.140556	0.579394
0.140556	0.586383
0.140556	0.603582
0.167271	0.293429
0.167271	0.315813
0.167271	0.313733
0.167271	0.288745
0.167271	0.299951
0.167271	0.295984
0.167271	0.364575
0.077683	0.248307
0.077683	0.221680
0.077683	0.248010
0.077683	0.243109
0.095598	0.300109
0.095598	0.303720
0.095598	0.313779
0.095598	0.329437
0.095598	0.299518
0.095598	0.308651
0.095598	0.302465
0.095598	0.332150
0.158582	0.324564
0.158582	0.328545
0.158582	0.335136
0.158582	0.311379
0.158582	0.313848
0.158582	0.314005
0.158582	0.299025
0.158582	0.358522
0.060807	0.222374
0.060807	0.228882
0.060807	0.237504
0.060807	0.232115
0.060807	0.245426
0.060807	0.231603
0.060807	0.207018
0.166844	0.239130
0.166844	0.241300
0.166844	0.258636
0.166844	0.235279
0.166844	0.237257
0.166844	0.232700
0.166844	0.210680
0.102123	0.351657
0.102123	0.348485
0.102123	0.357862
0.102123	0.352206
0.102123	0.356175
0.102123	0.344144
0.102123	0.351884
0.102123	0.336210
0.419567	0.368730
0.419567	0.366058
0.419567	0.377522
0.419567	0.364398
0.419567	0.355932
0.419567	0.353765
0.419567	0.309639
0.419567	0.315573
0.419567	0.359292
0.180393	0.316395
0.180393	0.317151
0.180393	0.326513
0.180393	0.312851
0.180393	0.333396
0.180393	0.346112
0.180393	0.308747
0.194338	0.628057
0.194338	0.622324
0.194338	0.627602
0.194338	0.616298
0.194338	0.622001
0.194338	0.627819
0.194338	0.626909
0.194338	0.628837
0.194338	0.620955
0.194338	0.628875
0.194338	0.635961
0.194338	0.616972
0.194338	0.663755
0.194338	0.627598
0.156856	0.444539
0.156856	0.439652
0.156856	0.444945
0.156856	0.454542
0.156856	0.457553
0.156856	0.451367
0.156856	0.441901
0.156856	0.705237
0.137502	0.477436
0.137502	0.479355
0.137502	0.483136
0.137502	0.473064
0.137502	0.475590
0.137502	0.481358
0.137502	0.482700
0.137502	0.489434
0.137502	0.216147
0.137502	0.217196
0.509423	0.521451
0.509423	0.532393
0.509423	0.532935
0.509423	0.521441
0.509423	0.554333
0.509423	0.539075
0.509423	0.524882
0.509423	0.540365
0.509423	0.550554
0.509423	0.567754
0.509423	0.580038
0.212468	0.603959
0.212468	0.626914
0.212468	0.622955
0.212468	0.608663
0.212468	0.642804
0.212468	0.624057
0.212468	0.605647
0.212468	0.621218
0.212468	0.605612
0.212468	0.626239
0.212468	0.630145
0.212468	0.589835
0.212468	0.633031
0.212468	0.608977
0.123012	0.360142
0.123012	0.369601
0.123012	0.390271
0.123012	0.384597
0.123012	0.392810
0.123012	0.363345
0.123012	0.332279
0.123012	0.321849
0.175088	0.224617
0.175088	0.229367
0.175088	0.221241
0.175088	0.230937
0.175088	0.249105
0.175088	0.224532
0.175088	0.248651
0.175088	0.274231
0.305480	0.106358
0.305480	0.102804
0.305480	0.103326
0.305480	0.105604
0.305480	0.103271
0.305480	0.111133
0.305480	0.727332
0.305480	0.687797
0.305480	0.140730
0.104437	0.068795
0.104437	0.070367
0.104437	0.067033
0.104437	0.067006
0.092631	0.461703
0.092631	0.455990
0.092631	0.465763
0.092631	0.465369
0.092631	0.456042
0.092631	0.474298
0.092631	0.472523
0.092631	0.484517
0.092631	0.468565
0.092631	0.468390
0.111720	0.326259
0.111720	0.336058
0.111720	0.344138
0.111720	0.320786
0.111720	0.319737
0.111720	0.332620
0.111720	0.303053
0.265551	0.156804
0.265551	0.168223
0.265551	0.167182
0.265551	0.155714
0.265551	0.160682
0.265551	0.185892
0.265551	0.031164
0.069838	0.220512
0.069838	0.220634
0.069838	0.231332
0.069838	0.226026
0.069838	0.209120
0.069838	0.239040
0.069838	0.232380
0.069838	0.227196
0.069838	0.240999
0.069838	0.219670
0.069838	0.227475
0.069838	0.223071
0.205665	0.247001
0.205665	0.251094
0.205665	0.251715
0.205665	0.244206
0.205665	0.261253
0.205665	0.245856
0.205665	0.271847
0.205665	0.254857
0.338729	0.104804
0.338729	0.104982
0.338729	0.108326
0.338729	0.105383
0.338729	0.105134
0.338729	0.101608
0.338729	0.028505
0.338729	0.127211
0.338729	0.125333
0.365453	0.245046
0.365453	0.255197
0.365453	0.256980
0.365453	0.252030
0.365453	0.259353
0.365453	0.241212
0.365453	0.250549
0.365453	0.280949
0.365453	0.264733
0.365453	0.064285
0.365453	0.063824
0.090247	0.242974
0.090247	0.245816
0.090247	0.240232
0.090247	0.252136
0.090247	0.241857
0.090247	0.247659
0.090247	0.095448
0.090247	0.240724
0.090247	0.252854
0.090247	0.250250
0.152499	0.275991
0.152499	0.275484
0.152499	0.278622
0.152499	0.278205
0.152499	0.274476
0.152499	0.276084
0.152499	0.288372
0.152499	0.280139
0.180864	0.230213
0.180864	0.229431
0.180864	0.230631
0.180864	0.230801
0.180864	0.227040
0.180864	0.241733
0.165048	0.268647
0.165048	0.084366
0.165048	0.085514
0.165048	0.087993
0.382319	0.487145
0.382319	0.057519
0.382319	0.509164
0.382319	0.065866
0.382319	0.055605
0.382319	0.483628
0.382319	0.072326
0.382319	0.510336
0.382319	0.066791
0.382319	0.064982
0.382319	0.078919
0.142636	0.325139
0.142636	0.069871
0.142636	0.333467
0.142636	0.075741
0.142636	0.334921
0.142636	0.323202
0.142636	0.381032
0.142636	0.087173
0.255125	0.403336
0.255125	0.064883
0.255125	0.064202
0.255125	0.071096
0.255125	0.066454
0.255125	0.430113
0.255125	0.396857
0.255125	0.073575
0.255125	0.436874
0.255125	0.074051
0.255125	0.096733
0.054075	0.050391
0.054075	0.053810
0.054075	0.299590
0.054075	0.295649
0.173162	0.014541
0.173162	0.368564
0.173162	0.356038
0.173162	0.338727
0.173162	0.012641
0.173162	0.362653
0.173162	0.013161
0.173162	0.013442
0.173162	0.015771
0.056437	0.412777
0.056437	0.404228
0.056437	0.402969
0.056437	0.412644
0.056437	0.002369
0.056437	0.002603
0.056437	0.002498
0.056437	0.002485
0.056437	0.002239
0.143682	0.414610
0.143682	0.397124
0.143682	0.407730
0.143682	0.399438
0.143682	0.407221
0.143682	0.417257
0.143682	0.460861
0.143682	0.401966
0.143682	0.430027
0.143682	0.399108
0.143682	0.419696
0.131611	0.464714
0.131611	0.491427
0.131611	0.484325
0.131611	0.469769
0.131611	0.467145
0.131611	0.469726
0.131611	0.502713
0.131611	0.083093
0.131611	0.481886
0.131611	0.492439
0.131611	0.488919
0.159130	0.372363
0.159130	0.379259
0.159130	0.385802
0.159130	0.374176
0.159130	0.368698
0.159130	0.378614
0.159130	0.393773
0.159130	0.396617
0.159130	0.053433
0.159130	0.064490
0.040315	0.382933
0.040315	0.400818
0.040315	0.391066
0.040315	0.403217
0.040315	0.369465
0.040315	0.402965
0.040315	0.373275
0.040315	0.403709
0.040315	0.397836
0.040315	0.131696
0.040315	0.388508
0.211765	0.137249
0.211765	0.158378
0.211765	0.152341
0.211765	0.157040
0.211765	0.131578
0.211765	0.141385
0.211765	0.054386
0.211765	0.151372
0.195173	0.149282
0.195173	0.154791
0.195173	0.148847
0.195173	0.160132
0.195173	0.147392
0.126503	0.335924
0.126503	0.342654
0.126503	0.351348
0.126503	0.348979
0.126503	0.342859
0.126503	0.078550
0.126503	0.084292
0.126503	0.351181
0.116460	0.251383
0.116460	0.131390
0.116460	0.265980
0.116460	0.274029
0.175210	0.203792
0.175210	0.202214
0.175210	0.205830
0.175210	0.197198
0.063661	0.339205
0.063661	0.361170
0.063661	0.349453
0.063661	0.329126
0.063661	0.335429
0.063661	0.353992
0.063661	0.353225
0.063661	0.353497
0.063661	0.349877
0.063661	0.354714
0.063661	0.355815
0.063661	0.038431
0.063661	0.336072
0.063661	0.347377
0.172965	0.272080
0.172965	0.113026
0.172965	0.284078
0.172965	0.277779
0.334732	0.141172
0.334732	0.141086
0.334732	0.139209
0.334732	0.143737
0.334732	0.142610
0.334732	0.095993
0.334732	0.167824
0.334732	0.093930
0.334732	0.099008
0.198445	0.271422
0.198445	0.270704
0.198445	0.273511
0.198445	0.269639
0.198445	0.271019
0.198445	0.277297
0.198445	0.283163
0.198445	0.272910
0.143355	0.207410
0.143355	0.206774
0.143355	0.210706
0.143355	0.210435
0.143355	0.223340
0.143355	0.216133
0.143355	0.217089
0.143355	0.072913
0.143355	0.069432
0.216760	0.149195
0.216760	0.157097
0.216760	0.160113
0.216760	0.155858
0.216760	0.062414
0.216760	0.061935
0.216760	0.062135
0.216760	0.063421
0.265233	0.255759
0.265233	0.011054
0.265233	0.265983
0.265233	0.256244
0.265233	0.011394
0.265233	0.268454
0.114444	0.314181
0.114444	0.317713
0.114444	0.325900
0.114444	0.318034
0.114444	0.316326
0.114444	0.330936
0.114444	0.305538
0.175100	0.388279
0.175100	0.013662
0.175100	0.410350
0.175100	0.014786
0.175100	0.014233
0.175100	0.014895
0.175100	0.014534
0.175100	0.015071
0.175100	0.015769
0.093066	0.382375
0.093066	0.009684
0.093066	0.393846
0.093066	0.009918
0.093066	0.009579
0.093066	0.010215
0.093066	0.009529
0.211371	0.462744
0.211371	0.009992
0.211371	0.474022
0.211371	0.010956
0.211371	0.426857
0.211371	0.489579
0.211371	0.486220
0.211371	0.010440
0.211371	0.009818
0.211371	0.011168
0.211371	0.010211
0.064638	0.187057
0.064638	0.009285
0.064638	0.189459
0.064638	0.186787
0.196177	0.447872
0.196177	0.431932
0.196177	0.442977
0.196177	0.007784
0.196177	0.009061
0.196177	0.008083
0.196177	0.009750
0.196177	0.010621
0.196177	0.007834
0.143030	0.556774
0.143030	0.556444
0.143030	0.565238
0.143030	0.015040
0.143030	0.013408
0.143030	0.014653
0.143030	0.013945
0.049340	0.135180
0.049340	0.133201
0.049340	0.124084
0.049340	0.136627
0.049340	0.129855
0.049340	0.133501
0.049340	0.004656
0.049340	0.127951
0.049340	0.004796
0.049340	0.141348
0.161077	0.320767
0.161077	0.315133
0.161077	0.305129
0.161077	0.317237
0.161077	0.004839
0.161077	0.004650
0.161077	0.004551
0.206631	0.376811
0.206631	0.376775
0.206631	0.369766
0.206631	0.426887
0.206631	0.387046
0.206631	0.390525
0.206631	0.395971
0.206631	0.416941
0.206631	0.414088
0.206631	0.008803
0.206631	0.008432
0.199529	0.331230
0.199529	0.343053
0.199529	0.349655
0.199529	0.350599
0.199529	0.329346
0.199529	0.330351
0.199529	0.326895
0.164751	0.302674
0.164751	0.297591
0.164751	0.309286
0.164751	0.332464
0.164751	0.293726
0.164751	0.281609
0.164751	0.348815
0.164751	0.317125
0.164751	0.014568
0.197499	0.265609
0.197499	0.262584
0.197499	0.260174
0.197499	0.277624
0.197499	0.254982
0.197499	0.250224
0.197499	0.253994
0.197499	0.249395
0.131449	0.442413
0.131449	0.446248
0.131449	0.458597
0.131449	0.499862
0.131449	0.444607
0.131449	0.242002
0.131449	0.432574
0.308497	0.489771
0.308497	0.502969
0.308497	0.508222
0.308497	0.487040
0.308497	0.504105
0.308497	0.500408
0.308497	0.503195
0.206427	0.566240
0.206427	0.527187
0.206427	0.524786
0.206427	0.584442
0.206427	0.530173
0.206427	0.615373
0.206427	0.620753
0.206427	0.573950
0.209589	0.560091
0.209589	0.554635
0.209589	0.565960
0.209589	0.564095
0.209589	0.564922
0.209589	0.557410
0.209589	0.551899
0.209589	0.540139
0.187843	0.547570
0.187843	0.542256
0.187843	0.548381
0.187843	0.118009
0.187843	0.126126
0.187843	0.127989
0.187843	0.124916
0.328895	0.479882
0.328895	0.526232
0.328895	0.477306
0.328895	0.525031
0.328895	0.523597
0.328895	0.533079
0.328895	0.534059
0.328895	0.504346
0.232412	0.501856
0.232412	0.307523
0.232412	0.498461
0.232412	0.510707
0.232412	0.490682
0.232412	0.306316
0.232412	0.302298
0.232412	0.324367
0.245397	0.543540
0.245397	0.116112
0.245397	0.117310
0.245397	0.121586
0.245397	0.538850
0.245397	0.121144
0.245397	0.122324
0.245397	0.513169
0.410257	0.358440
0.410257	0.351010
0.410257	0.347603
0.410257	0.365604
0.410257	0.357672
0.410257	0.357446
0.410257	0.356221
0.490692	0.006858
0.490692	0.006494
0.490692	0.006458
0.490692	0.272855
0.490692	0.276929
0.490692	0.006770
0.490692	0.007258
0.490692	0.007517
0.460500	0.291916
0.460500	0.308367
0.460500	0.305425
0.460500	0.304843
0.460500	0.502527
0.460500	0.498615
0.460500	0.488370
0.350104	0.015336
0.350104	0.015665
0.350104	0.014806
0.350104	0.017319
0.350104	0.016299
0.495469	0.457413
0.495469	0.464449
0.495469	0.466111
0.495469	0.489734
0.495469	0.483759
0.495469	0.470456
0.495469	0.446814
0.495469	0.450813
0.495469	0.440757
0.495469	0.440727
0.495469	0.459421
0.495469	0.588436
0.531516	0.032268
0.531516	0.337446
0.531516	0.344177
0.531516	0.348767
0.531516	0.356050
0.531516	0.350410
0.580220	0.025563
0.580220	0.025711
0.580220	0.008727
0.580220	0.026653
0.580220	0.008535
0.580220	0.009971
0.733795	0.169724
0.733795	0.168377
0.733795	0.156187
0.733795	0.167639
0.733795	0.177152
0.733795	0.012841
0.733795	0.168552
0.757964	0.191874
0.757964	0.176595
0.757964	0.183619
0.757964	0.191483
0.757964	0.216047
0.757964	0.197987
0.757964	0.172630
0.440031	0.386613
0.440031	0.392088
0.440031	0.388921
0.440031	0.375995
0.440031	0.415030
0.440031	0.393911
0.440031	0.389938
0.440031	0.018985
0.440031	0.375500
0.440031	0.018900
0.440031	0.389028
0.440031	0.019697
0.283201	0.118984
0.283201	0.117988
0.283201	0.123508
0.283201	0.124230
0.283201	0.113732
0.283201	0.125138
0.283201	0.122221
0.283201	0.131522
0.283201	0.026779
0.200614	0.216891
0.200614	0.213471
0.200614	0.217597
0.200614	0.225827
0.200614	0.206504
0.200614	0.214351
0.200614	0.229998
0.200614	0.220469
0.200614	0.232273
0.231165	0.148139
0.231165	0.158953
0.231165	0.151320
0.231165	0.153112
0.211886	0.267218
0.211886	0.273011
0.211886	0.275709
0.211886	0.268005
0.211886	0.263117
0.211886	0.281378
0.211886	0.264481
0.211886	0.307566
0.211886	0.278531
0.211886	0.285934
0.211886	0.290057
0.083963	0.138192
0.083963	0.146413
0.083963	0.138886
0.083963	0.139353
0.083963	0.149513
0.086622	0.337151
0.086622	0.342905
0.086622	0.345986
0.086622	0.336895
0.086622	0.343149
0.086622	0.340922
0.086622	0.349792
0.086622	0.350152
0.055709	0.328268
0.055709	0.334244
0.055709	0.341833
0.055709	0.334514
0.055709	0.330216
0.055709	0.344483
0.055709	0.318474
0.055709	0.323417
0.068829	0.376173
0.068829	0.382621
0.068829	0.384832
0.068829	0.377035
0.068829	0.389298
0.068829	0.399286
0.068829	0.398323
0.068829	0.374376
0.068829	0.392957
0.068829	0.369298
0.068829	0.389782
0.056413	0.410564
0.056413	0.419303
0.056413	0.423041
0.056413	0.408642
0.056413	0.411137
0.056413	0.433617
0.056413	0.455418
0.056413	0.428193
0.056413	0.186913
0.056413	0.432810
0.056413	0.416177
0.056413	0.206432
0.046959	0.406379
0.046959	0.407331
0.046959	0.415674
0.046959	0.406586
0.046959	0.412857
0.046959	0.406171
0.046959	0.408092
0.046959	0.419487
0.058589	0.356898
0.058589	0.361335
0.058589	0.364215
0.058589	0.366964
0.058589	0.347122
0.058589	0.349571
0.058589	0.359718
0.058589	0.392530
0.058589	0.360332
0.083888	0.379961
0.083888	0.001452
0.083888	0.397768
0.083888	0.001575
0.083888	0.001536
0.083888	0.001538
0.083888	0.392053
0.083888	0.414229
0.083888	0.001517
0.096722	0.445507
0.096722	0.002166
0.096722	0.460237
0.096722	0.002307
0.096722	0.450649
0.096722	0.440827
0.096722	0.448597
0.096722	0.002292
0.058499	0.451243
0.058499	0.458545
0.058499	0.480126
0.058499	0.460637
0.058499	0.473999
0.058499	0.454034
0.058499	0.443501
0.058499	0.440578
0.072091	0.379422
0.072091	0.001207
0.072091	0.001197
0.072091	0.001220
0.069111	0.313862
0.069111	0.001263
0.069111	0.310728
0.069111	0.310842
0.123963	0.369277
0.123963	0.345030
0.123963	0.358361
0.123963	0.351228
0.123963	0.116158
0.123963	0.401184
0.123963	0.121865
0.276330	0.448715
0.276330	0.440593
0.276330	0.053518
0.276330	0.069025
0.276330	0.068673
0.276330	0.080418
0.276330	0.065159
0.276330	0.061292
0.276330	0.067562
0.033745	0.462352
0.033745	0.009432
0.033745	0.455474
0.033745	0.464344
0.033745	0.453096
0.033745	0.012568
0.033745	0.016204
0.033745	0.011594
0.054962	0.430885
0.054962	0.435275
0.054962	0.437008
0.054962	0.426154
0.054962	0.426914
0.054962	0.445269
0.054962	0.443652
0.054962	0.423239
0.054962	0.450470
0.054962	0.430807
0.054962	0.436125
0.266316	0.433797
0.266316	0.433126
0.266316	0.443111
0.266316	0.443078
0.266316	0.466306
0.266316	0.429193
0.266316	0.496528
0.266316	0.439277
0.085815	0.312907
0.085815	0.000270
0.085815	0.311258
0.085815	0.000266
0.054225	0.442677
0.054225	0.444266
0.054225	0.453490
0.054225	0.445733
0.054225	0.431775
0.054225	0.456762
0.054225	0.440294
0.054225	0.449177
0.054225	0.438367
0.054225	0.468768
0.054225	0.450813
0.149365	0.435678
0.149365	0.447185
0.149365	0.453538
0.149365	0.440968
0.149365	0.473058
0.149365	0.432763
0.149365	0.443856
0.149365	0.476779
0.207501	0.415293
0.207501	0.425526
0.207501	0.428461
0.207501	0.417793
0.207501	0.169585
0.207501	0.411196
0.207501	0.162984
0.207501	0.430580
0.207501	0.168530
0.046692	0.382490
0.046692	0.391421
0.046692	0.382313
0.046692	0.976169
0.046692	0.980839
0.098241	0.487028
0.098241	0.490166
0.098241	0.497320
0.098241	0.489321
0.098241	0.492244
0.098241	0.502028
0.098241	0.489545
0.098241	0.522595
0.098241	0.488045
0.098241	0.517569
0.098241	0.490418
0.098241	0.498252
0.131220	0.329007
0.131220	0.337865
0.131220	0.347149
0.131220	0.327622
0.131220	0.335517
0.131220	0.362160
0.131220	0.379552
0.150899	0.404913
0.150899	0.430831
0.150899	0.417756
0.150899	0.174631
0.150899	0.166980
0.150899	0.154507
0.150899	0.172439
0.150899	0.156823
0.150899	0.168946
0.048340	0.390162
0.048340	0.206650
0.048340	0.400978
0.048340	0.237139
0.048340	0.210626
0.048340	0.380621
0.048340	0.227805
0.048340	0.233505
0.048340	0.204197
0.031815	0.487031
0.031815	0.497008
0.031815	0.505687
0.031815	0.492392
0.031815	0.477410
0.031815	0.508473
0.031815	0.479644
0.031815	0.508345
0.031815	0.482050
0.031815	0.207923
0.031815	0.209570
0.105667	0.305535
0.105667	0.300211
0.105667	0.310241
0.105667	0.250562
0.105667	0.240516
0.105667	0.253836
0.140613	0.403698
0.140613	0.412710
0.140613	0.425056
0.140613	0.259150
0.140613	0.236168
0.140613	0.435560
0.140613	0.244691
0.140613	0.409308
0.140613	0.245737
0.140613	0.411457
0.140613	0.243598
0.140613	0.250779
0.069489	0.342500
0.069489	0.157922
0.069489	0.365817
0.069489	0.346853
0.069489	0.147843
0.069489	0.174043
0.069489	0.172548
0.069489	0.179623
0.069489	0.177646
0.071483	0.115514
0.071483	0.205702
0.071483	0.216022
0.071483	0.123299
0.071483	0.215081
0.071483	0.209859
0.063978	0.342201
0.063978	0.355044
0.063978	0.362787
0.063978	0.347243
0.063978	0.342519
0.063978	0.357086
0.063978	0.358012
0.063978	0.325698
0.284557	0.344489
0.284557	0.344934
0.284557	0.351051
0.284557	0.337130
0.284557	0.352438
0.284557	0.172219
0.284557	0.171852
0.135744	0.358516
0.135744	0.361907
0.135744	0.369317
0.135744	0.360422
0.135744	0.361120
0.135744	0.358891
0.135744	0.364504
0.118066	0.388749
0.118066	0.387969
0.118066	0.389741
0.118066	0.384919
0.118066	0.961174
0.118066	0.959007
0.118066	0.957312
0.118066	0.956942
0.123643	0.370114
0.123643	0.381771
0.123643	0.375976
0.123643	0.378264
0.123643	0.365539
0.123643	0.953535
0.123643	0.956844
0.123643	0.953788
0.101400	0.561334
0.101400	0.568642
0.101400	0.574861
0.101400	0.564698
0.101400	0.555820
0.101400	0.574476
0.101400	0.566446
0.101400	0.574190
0.101400	0.566754
0.101400	0.579128
0.101400	0.568396
0.101400	0.573687
0.101400	0.566330
0.101400	0.564506
0.191008	0.377254
0.191008	0.383786
0.191008	0.391782
0.191008	0.376855
0.191008	0.388505
0.191008	0.377385
0.191008	0.378018
0.191008	0.242041
0.191008	0.243334
0.080583	0.364315
0.080583	0.381400
0.080583	0.375158
0.080583	0.371682
0.080583	0.962315
0.080583	0.962003
0.080583	0.962193
0.080583	0.961667
0.056369	0.475622
0.056369	0.215671
0.056369	0.482921
0.056369	0.475544
0.056369	0.476463
0.056369	0.485267
0.056369	0.514507
0.056369	0.471245
0.056369	0.226190
0.056369	0.477480
0.056369	0.212868
0.053726	0.424256
0.053726	0.421980
0.053726	0.430099
0.053726	0.423636
0.053726	0.424612
0.053726	0.422057
0.053726	0.418008
0.053726	0.413441
0.096781	0.542324
0.096781	0.552037
0.096781	0.568571
0.096781	0.002985
0.096781	0.003183
0.096781	0.571636
0.096781	0.546449
0.096781	0.003313
0.096781	0.547377
0.096781	0.003298
0.096781	0.560555
0.096781	0.003101
0.068362	0.372101
0.068362	0.205920
0.068362	0.224647
0.068362	0.217830
0.068362	0.212022
0.068362	0.205061
0.065233	0.281185
0.065233	0.045459
0.065233	0.284815
0.065233	0.042980
0.065233	0.279708
0.065233	0.285740
0.065233	0.047439
0.065233	0.278155
0.065233	0.048013
0.065233	0.048463
0.065233	0.051599
0.065233	0.049348
0.081389	0.572085
0.081389	0.598293
0.081389	0.589502
0.081389	0.578521
0.081389	0.564911
0.081389	0.593830
0.081389	0.562784
0.081389	0.002952
0.081389	0.565905
0.081389	0.586313
0.081389	0.577263
0.150605	0.338267
0.150605	0.336479
0.150605	0.348003
0.150605	0.017637
0.150605	0.019256
0.150605	0.016531
0.150605	0.019732
0.150605	0.019125
0.150605	0.019844
0.252607	0.654613
0.252607	0.005984
0.252607	0.662721
0.252607	0.006905
0.252607	0.007142
0.252607	0.006051
0.252607	0.006258
0.252607	0.006230
0.080460	0.567380
0.080460	0.609043
0.080460	0.590319
0.080460	0.557326
0.080460	0.569295
0.080460	0.003043
0.080460	0.594549
0.080460	0.003233
0.080460	0.002892
0.065161	0.567402
0.065161	0.557893
0.065161	0.558245
0.065161	0.545778
0.065161	0.004831
0.065161	0.004847
0.065161	0.004714
0.071426	0.667605
0.071426	0.653838
0.071426	0.663648
0.071426	0.673719
0.071426	0.007741
0.071426	0.006743
0.071426	0.006942
0.071426	0.005773
0.161323	0.549126
0.161323	0.568568
0.161323	0.548949
0.161323	0.566102
0.161323	0.539478
0.161323	0.004644
0.161323	0.005030
0.079145	0.483344
0.079145	0.490372
0.079145	0.499208
0.079145	0.495952
0.079145	0.494795
0.079145	0.486427
0.079145	0.471052
0.079145	0.481081
0.140412	0.564284
0.140412	0.004691
0.140412	0.584003
0.140412	0.005301
0.140412	0.004968
0.140412	0.004489
0.140412	0.005472
0.140412	0.004780
0.260959	0.599403
0.260959	0.001570
0.260959	0.626022
0.260959	0.002103
0.260959	0.001877
0.260959	0.001646
0.260959	0.001527
0.260959	0.001489
0.260959	0.001776
0.050395	0.439865
0.050395	0.458190
0.050395	0.453055
0.050395	0.080589
0.050395	0.429143
0.050395	0.437152
0.050395	0.433273
0.064638	0.465130
0.064638	0.000756
0.064638	0.447360
0.064638	0.425025
0.064638	0.000838
0.064638	0.000747
0.064638	0.000847
0.064638	0.000788
0.107853	0.199725
0.107853	0.601144
0.107853	0.612152
0.107853	0.585541
0.107853	0.213840
0.107853	0.614242
0.107853	0.204707
0.107853	0.599317
0.107853	0.594680
0.107853	0.606323
0.107853	0.594980
0.107853	0.593588
0.107853	0.602527
0.107853	0.588149
0.054252	0.432528
0.054252	0.421034
0.054252	0.433812
0.054252	0.413885
0.054252	0.058261
0.054252	0.053402
0.054252	0.062749
0.054252	0.049192
0.060069	0.191540
0.060069	0.191500
0.060069	0.188432
0.060069	0.202675
0.060069	0.017069
0.089493	0.464839
0.089493	0.493597
0.089493	0.502137
0.089493	0.469187
0.089493	0.480376
0.089493	0.504859
0.089493	0.460882
0.089493	0.488038
0.089493	0.511436
0.089493	0.502400
0.089493	0.498962
0.089493	0.463473
0.089493	0.481790
0.089493	0.493390
0.155083	0.325507
0.155083	0.320478
0.155083	0.335010
0.155083	0.336926
0.155083	0.322102
0.155083	0.327883
0.155083	0.346669
0.155083	0.325617
0.100645	0.520653
0.100645	0.545219
0.100645	0.554926
0.100645	0.016636
0.100645	0.017405
0.100645	0.015761
0.100645	0.015800
0.100645	0.017929
0.100645	0.017981
0.100645	0.016473
0.100645	0.015842
0.100645	0.020065
0.082313	0.418054
0.082313	0.412754
0.082313	0.418874
0.082313	0.425575
0.082313	0.021912
0.082313	0.022187
0.102946	0.438995
0.102946	0.410113
0.102946	0.432372
0.102946	0.014285
0.102946	0.396882
0.102946	0.013776
0.102946	0.012980
0.063347	0.234942
0.063347	0.066540
0.063347	0.239485
0.063347	0.263276
0.146090	0.078753
0.146090	0.338124
0.146090	0.350030
0.146090	0.087390
0.146090	0.079086
0.146090	0.077047
0.146090	0.089620
0.146090	0.331134
0.034038	0.361061
0.034038	0.351474
0.034038	0.348134
0.034038	0.129972
0.034038	0.329955
0.034038	0.337455
0.034038	0.332156
0.027737	0.420376
0.027737	0.081772
0.027737	0.414748
0.027737	0.079161
0.027737	0.089590
0.027737	0.383375
0.027737	0.396374
0.054455	0.436860
0.054455	0.024184
0.054455	0.454246
0.054455	0.447418
0.054455	0.438515
0.054455	0.027024
0.054455	0.027478
0.054455	0.027998
0.116178	0.033453
0.116178	0.362266
0.116178	0.381639
0.116178	0.036323
0.116178	0.023059
0.116178	0.346881
0.116178	0.025098
0.116178	0.030595
0.116178	0.031084
0.080007	0.398416
0.080007	0.397868
0.080007	0.392452
0.080007	0.113054
0.080007	0.358306
0.080007	0.380615
0.080007	0.368683
0.209219	0.359827
0.209219	0.009592
0.209219	0.347230
0.209219	0.358652
0.209219	0.010574
0.209219	0.010509
0.209219	0.011137
0.209219	0.008072
0.128064	0.003550
0.128064	0.449772
0.128064	0.461567
0.128064	0.003848
0.128064	0.465157
0.128064	0.465460
0.128064	0.458792
0.128064	0.449611
0.128064	0.444256
0.128064	0.441277
0.128064	0.453332
0.128064	0.497559
0.127076	0.434211
0.127076	0.014769
0.127076	0.418293
0.127076	0.467079
0.127076	0.014703
0.127076	0.432355
0.127076	0.015453
0.127076	0.429782
0.129602	0.003184
0.129602	0.453496
0.129602	0.470050
0.129602	0.448196
0.129602	0.003157
0.129602	0.003091
0.129602	0.003275
0.129602	0.003433
0.098839	0.003903
0.098839	0.004489
0.098839	0.486261
0.098839	0.004529
0.098839	0.471485
0.098839	0.004679
0.098839	0.004913
0.163060	0.514851
0.163060	0.505414
0.163060	0.508862
0.163060	0.510740
0.163060	0.496528
0.163060	0.510457
0.163060	0.002383
0.163060	0.002719
0.122210	0.427854
0.122210	0.430842
0.122210	0.431156
0.122210	0.418897
0.122210	0.437157
0.122210	0.422203
0.122210	0.442485
0.092261	0.534398
0.092261	0.553208
0.092261	0.555283
0.092261	0.560664
0.092261	0.131044
0.092261	0.127701
0.092261	0.133568
0.092261	0.126826
0.220902	0.571527
0.220902	0.101590
0.220902	0.567148
0.220902	0.089780
0.220902	0.115348
0.147631	0.553849
0.147631	0.559431
0.147631	0.552377
0.147631	0.552954
0.147631	0.550058
0.147631	0.547590
0.210092	0.640492
0.210092	0.638536
0.210092	0.644515
0.210092	0.643315
0.210092	0.648993
0.210092	0.147421
0.210092	0.188162
0.210092	0.191104
0.213157	0.638524
0.213157	0.135256
0.213157	0.644596
0.213157	0.648123
0.213157	0.136641
0.308105	0.804784
0.308105	0.805723
0.308105	0.804711
0.308105	0.800502
0.308105	0.256295
0.308105	0.797135
0.308105	0.797800
0.308105	0.806138
0.137748	0.652240
0.137748	0.653692
0.137748	0.659182
0.137748	0.656174
0.137748	0.645552
0.137748	0.667044
0.258222	0.724388
0.258222	0.727232
0.258222	0.741253
0.258222	0.725293
0.258222	0.223277
0.258222	0.220454
0.258222	0.217224
0.258222	0.223894
0.258222	0.218121
0.129503	0.842175
0.129503	0.248585
0.129503	0.845472
0.129503	0.845917
0.129503	0.245849
0.129503	0.272271
0.129503	0.273339
0.129503	0.273015
0.129503	0.268133
0.129503	0.277994
0.129503	0.275344
0.096379	0.895147
0.096379	0.896615
0.096379	0.900739
0.096379	0.902979
0.096379	0.903265
0.096379	0.901347
0.096379	0.892999
0.096379	0.897709
0.096379	0.896908
0.096379	0.900892
0.096379	0.901936
0.096379	0.892729
0.096379	0.894954
0.096379	0.894342
0.123555	0.824266
0.123555	0.826870
0.123555	0.825782
0.123555	0.273681
0.123555	0.823706
0.123555	0.831182
0.123555	0.247005
0.123555	0.830005
0.175499	0.753527
0.175499	0.091684
0.175499	0.116591
0.175499	0.110519
0.175499	0.069308
0.175499	0.076327
0.175499	0.085851
0.125128	0.809104
0.125128	0.817893
0.125128	0.039455
0.125128	0.037908
0.125128	0.827566
0.276341	0.691319
0.276341	0.200594
0.276341	0.691205
0.276341	0.690351
0.276341	0.195736
0.276341	0.680345
0.276341	0.195160
0.276341	0.206110
0.276341	0.189847
0.184406	0.682994
0.184406	0.665900
0.184406	0.674164
0.184406	0.150138
0.184406	0.186383
0.184406	0.189974
0.184406	0.200395
0.184406	0.200018
0.184406	0.690267
0.292714	0.518543
0.292714	0.525036
0.292714	0.516343
0.292714	0.131230
0.292714	0.132122
0.292714	0.137249
0.292714	0.122843
0.292714	0.120069
0.286928	0.672750
0.286928	0.681721
0.286928	0.678398
0.286928	0.684212
0.286928	0.207308
0.286928	0.242112
0.286928	0.228542
0.286928	0.229665
0.068999	0.830534
0.068999	0.831590
0.068999	0.834795
0.068999	0.835929
0.068999	0.839597
0.068999	0.823710
0.068999	0.456632
0.068999	0.831893
0.165205	0.675487
0.165205	0.667641
0.165205	0.677629
0.165205	0.255554
0.165205	0.264278
0.165205	0.268029
0.165205	0.251887
0.165205	0.260962
0.104395	0.723462
0.104395	0.292664
0.104395	0.725410
0.104395	0.288358
0.104395	0.303076
0.104395	0.293150
0.066212	0.841998
0.066212	0.841036
0.066212	0.843207
0.066212	0.847885
0.066212	0.837322
0.066212	0.845346
0.066212	0.844608
0.066212	0.835779
0.066212	0.856929
0.066212	0.836842
0.066212	0.836668
0.163048	0.773682
0.163048	0.767281
0.163048	0.775019
0.163048	0.767080
0.163048	0.273592
0.163048	0.774971
0.163048	0.247064
0.163048	0.270740
0.268021	0.118199
0.268021	0.707295
0.268021	0.705879
0.268021	0.107108
0.268021	0.120484
0.138227	0.678427
0.138227	0.054906
0.138227	0.684049
0.138227	0.056468
0.138227	0.056466
0.138227	0.056724
0.138227	0.060839
0.203924	0.721721
0.203924	0.181906
0.203924	0.734036
0.203924	0.171190
0.203924	0.702742
0.203924	0.725786
0.203924	0.202115
0.203924	0.724406
0.149603	0.683082
0.149603	0.679037
0.149603	0.698519
0.149603	0.188582
0.149603	0.190257
0.149603	0.680560
0.149603	0.197369
0.149603	0.684436
0.129694	0.604645
0.129694	0.072065
0.129694	0.603281
0.129694	0.052409
0.129694	0.062471
0.129694	0.052738
0.129694	0.075872
0.129694	0.052365
0.129694	0.043935
0.257702	0.519418
0.257702	0.061498
0.257702	0.061340
0.257702	0.066289
0.257702	0.065107
0.257702	0.070088
0.257702	0.066531
0.257702	0.070545
0.193134	0.555704
0.193134	0.542001
0.193134	0.002797
0.193134	0.003133
0.193134	0.551269
0.193134	0.547915
0.193134	0.561723
0.193134	0.561189
0.260282	0.381697
0.260282	0.002818
0.260282	0.382473
0.260282	0.364315
0.260282	0.003170
0.260282	0.392832
0.298469	0.160932
0.298469	0.317541
0.298469	0.328620
0.298469	0.318626
0.298469	0.175421
0.298469	0.185506
0.267605	0.307421
0.267605	0.326272
0.267605	0.317218
0.267605	0.320722
0.267605	0.320665
0.267605	0.316346
0.267605	0.222625
0.267605	0.364537
0.267605	0.216062
0.267605	0.344207
0.083953	0.386856
0.083953	0.385811
0.083953	0.401049
0.083953	0.387188
0.083953	0.371281
0.083953	0.406433
0.083953	0.387522
0.083953	0.002877
0.083953	0.412543
0.192180	0.466896
0.192180	0.472895
0.192180	0.472008
0.192180	0.474246
0.192180	0.469607
0.192180	0.465734
0.192180	0.002473
0.192180	0.471527
0.079043	0.267773
0.079043	0.276130
0.079043	0.278109
0.079043	0.267350
0.079043	0.291464
0.079043	0.278451
0.079043	0.280331
0.079043	0.015668
0.120724	0.328575
0.120724	0.333318
0.120724	0.336691
0.120724	0.326172
0.120724	0.318569
0.120724	0.336464
0.120724	0.349530
0.120724	0.002450
0.120724	0.002469
0.186816	0.548095
0.186816	0.557513
0.186816	0.555947
0.186816	0.548574
0.186816	0.565184
0.186816	0.566986
0.186816	0.551859
0.186816	0.575161
0.186816	0.540027
0.186816	0.571544
0.186816	0.547492
0.108978	0.487214
0.108978	0.486221
0.108978	0.494678
0.108978	0.494048
0.108978	0.491448
0.108978	0.492730
0.108978	0.486916
0.108978	0.491876
0.136828	0.237721
0.136828	0.242100
0.136828	0.245261
0.136828	0.251790
0.136828	0.294656
0.187315	0.427485
0.187315	0.428069
0.187315	0.443216
0.187315	0.452756
0.187315	0.453780
0.187315	0.472684
0.187315	0.458190
0.187315	0.433540
0.187315	0.026995
0.126186	0.513299
0.126186	0.519666
0.126186	0.518580
0.126186	0.527104
0.126186	0.512498
0.126186	0.519052
0.126186	0.514425
0.060734	0.463703
0.060734	0.459813
0.060734	0.467911
0.060734	0.002321
0.060734	0.475527
0.060734	0.502397
0.060734	0.442223
0.060734	0.002175
0.225000	0.441923
0.225000	0.002512
0.225000	0.454064
0.225000	0.002533
0.225000	0.002299
0.225000	0.002428
0.225000	0.002286
0.225000	0.002533
0.225000	0.002891
0.200929	0.743827
0.200929	0.060846
0.200929	0.779653
0.200929	0.050505
0.200929	0.765358
0.200929	0.773565
0.200929	0.061852
0.200929	0.068351
0.200929	0.069626
0.200929	0.069411
0.200929	0.067493
0.090148	0.477528
0.090148	0.475530
0.090148	0.486519
0.090148	0.077671
0.090148	0.457029
0.168068	0.590773
0.168068	0.577536
0.168068	0.586082
0.168068	0.045535
0.168068	0.572219
0.168068	0.045008
0.168068	0.042100
0.161319	0.783703
0.161319	0.777181
0.161319	0.785232
0.161319	0.794258
0.161319	0.779744
0.161319	0.782437
0.161319	0.791976
0.161319	0.815717
0.240138	0.784387
0.240138	0.206984
0.240138	0.774203
0.240138	0.765776
0.240138	0.202591
0.240138	0.206340
0.240138	0.189101
0.163255	0.320829
0.163255	0.844949
0.163255	0.848337
0.163255	0.844260
0.163255	0.328077
0.163255	0.327870
0.163255	0.341315
0.163255	0.831769
0.083713	0.068812
0.083713	0.070645
0.083713	0.792412
0.083713	0.799860
0.106593	0.871692
0.106593	0.870664
0.106593	0.874276
0.106593	0.871514
0.106593	0.873618
0.106593	0.872755
0.106593	0.880449
0.106593	0.871395
0.106593	0.884908
0.106593	0.881299
0.068270	0.849745
0.068270	0.850057
0.068270	0.852444
0.068270	0.848477
0.068270	0.854112
0.068270	0.846500
0.068270	0.849747
0.068270	0.842641
0.049319	0.846254
0.049319	0.851887
0.049319	0.850499
0.049319	0.847845
0.049319	0.851315
0.049319	0.321424
0.049319	0.364298
0.049319	0.408419
0.049319	0.359424
0.062319	0.863597
0.062319	0.863951
0.062319	0.864768
0.062319	0.861068
0.062319	0.271585
0.062319	0.858064
0.062319	0.269153
0.062319	0.867406
0.062319	0.865768
0.062319	0.372281
0.062319	0.374930
0.103385	0.859369
0.103385	0.859240
0.103385	0.864592
0.103385	0.862888
0.103385	0.856292
0.103385	0.850057
0.103385	0.854527
0.103385	0.867057
0.117009	0.761076
0.117009	0.767090
0.117009	0.769266
0.117009	0.771380
0.117009	0.285698
0.117009	0.761708
0.117009	0.765858
0.117009	0.294866
0.117009	0.784972
0.056681	0.808833
0.056681	0.290039
0.056681	0.818304
0.056681	0.293561
0.056681	0.290007
0.056681	0.288068
0.056681	0.289173
0.056681	0.295700
0.056681	0.292179
0.086804	0.797953
0.086804	0.033822
0.086804	0.803002
0.086804	0.027183
0.086804	0.796824
0.086804	0.026067
0.086804	0.793951
0.152524	0.806701
0.152524	0.814287
0.152524	0.818119
0.152524	0.100964
0.152524	0.798930
0.152524	0.815133
0.152524	0.806725
0.152524	0.815006
0.152524	0.806852
0.152524	0.811448
0.152524	0.812111
0.152524	0.806737
0.096280	0.608987
0.096280	0.623930
0.096280	0.616489
0.096280	0.183189
0.096280	0.207722
0.096280	0.202867
0.096280	0.206546
0.096280	0.200494
0.090209	0.644480
0.090209	0.632764
0.090209	0.640177
0.090209	0.664486
0.090209	0.627794
0.090209	0.647354
0.090209	0.636123
0.090209	0.637773
0.090209	0.641038
0.090209	0.659415
0.090209	0.653199
0.070864	0.543111
0.070864	0.551354
0.070864	0.545339
0.070864	0.164961
0.070864	0.154146
0.070864	0.543883
0.070864	0.553323
0.070864	0.157837
0.020109	0.455756
0.020109	0.028282
0.020109	0.456023
0.020109	0.029768
0.020109	0.025125
0.152006	0.456015
0.152006	0.001682
0.152006	0.462040
0.152006	0.500479
0.152006	0.458575
0.152006	0.001793
0.152006	0.472055
0.152006	0.460703
0.263813	0.017518
0.263813	0.272740
0.263813	0.273308
0.263813	0.017313
0.263813	0.011980
0.263813	0.012978
0.263813	0.017663
0.263813	0.014901
0.200132	0.185555
0.200132	0.170070
0.200132	0.178838
0.200132	0.172311
0.200132	0.176929
0.200132	0.173902
0.200132	0.170019
0.200132	0.201359
0.169483	0.260025
0.169483	0.260705
0.169483	0.254027
0.169483	0.242967
0.169483	0.176327
0.169483	0.259187
0.289494	0.154407
0.289494	0.155285
0.289494	0.158920
0.289494	0.161441
0.289494	0.167095
0.289494	0.122327
0.289494	0.116074
0.289494	0.129555
0.289494	0.183435
0.104382	0.328092
0.104382	0.332310
0.104382	0.331696
0.104382	0.325022
0.104382	0.319760
0.104382	0.331410
0.104382	0.320992
0.104382	0.325426
0.208604	0.478544
0.208604	0.508971
0.208604	0.495327
0.208604	0.471763
0.208604	0.490307
0.208604	0.497629
0.208604	0.540043
0.208604	0.510394
0.208604	0.016805
0.208604	0.027419
0.208604	0.018474
0.083650	0.310810
0.083650	0.318538
0.083650	0.325102
0.083650	0.312636
0.083650	0.293910
0.083650	0.334561
0.083650	0.305634
0.083650	0.339543
0.083650	0.305320
0.083650	0.364934
0.083650	0.313344
0.180246	0.449233
0.180246	0.463344
0.180246	0.475918
0.180246	0.462997
0.180246	0.463309
0.180246	0.472333
0.180246	0.439900
0.180246	0.488592
0.180246	0.477482
0.180246	0.022587
0.180246	0.028938
0.041283	0.513019
0.041283	0.524730
0.041283	0.530633
0.041283	0.513144
0.041283	0.525677
0.041283	0.530398
0.041283	0.549923
0.041283	0.524520
0.041283	0.521931
0.041283	0.527698
0.041283	0.518422
0.041283	0.516085
0.041283	0.516730
0.041283	0.522410
0.085741	0.457517
0.085741	0.458297
0.085741	0.464569
0.085741	0.462472
0.085741	0.465146
0.085741	0.460987
0.085741	0.448698
0.085741	0.471203
0.103145	0.631348
0.103145	0.656180
0.103145	0.653192
0.103145	0.625650
0.103145	0.619929
0.103145	0.626964
0.103145	0.619837
0.103145	0.652703
0.103145	0.638343
0.103145	0.031398
0.103145	0.035516
0.100924	0.532545
0.100924	0.531562
0.100924	0.538455
0.100924	0.539447
0.100924	0.536659
0.100924	0.531412
0.100924	0.535443
0.100924	0.530539
0.044987	0.574415
0.044987	0.573780
0.044987	0.579959
0.044987	0.574882
0.044987	0.565238
0.044987	0.576798
0.092698	0.573280
0.092698	0.583345
0.092698	0.579946
0.092698	0.594052
0.092698	0.583287
0.092698	0.586050
0.092698	0.566040
0.092698	0.552905
0.095610	0.523872
0.095610	0.030753
0.095610	0.536179
0.095610	0.030790
0.095610	0.028524
0.095610	0.030343
0.095610	0.028585
0.095610	0.030616
0.095610	0.030203
0.078565	0.572925
0.078565	0.575837
0.078565	0.583663
0.078565	0.605391
0.078565	0.556819
0.078565	0.575748
0.254741	0.628852
0.254741	0.639820
0.254741	0.645762
0.254741	0.691589
0.254741	0.143502
0.254741	0.148767
0.254741	0.141413
0.254741	0.147438
0.254741	0.154382
0.106673	0.789935
0.106673	0.787225
0.106673	0.798216
0.106673	0.803205
0.106673	0.793774
0.106673	0.800866
0.106673	0.795211
0.106673	0.802682
0.106673	0.798089
0.106673	0.803125
0.106673	0.812793
0.106673	0.092132
0.106673	0.102638
0.106673	0.100378
0.215766	0.662734
0.215766	0.648894
0.215766	0.649895
0.215766	0.654141
0.215766	0.081891
0.215766	0.083510
0.215766	0.125279
0.215766	0.121511
0.215766	0.115401
0.119512	0.608134
0.119512	0.641203
0.119512	0.622290
0.119512	0.112291
0.119512	0.115425
0.119512	0.124137
0.119512	0.125966
0.119512	0.122647
0.075251	0.519734
0.075251	0.532425
0.075251	0.524616
0.075251	0.520067
0.075251	0.512960
0.134959	0.550732
0.134959	0.550542
0.134959	0.556331
0.134959	0.553909
0.134959	0.554212
0.134959	0.545300
0.134959	0.002762
0.134959	0.002694
0.114183	0.471496
0.114183	0.480119
0.114183	0.466425
0.114183	0.458712
0.114183	0.004371
0.114183	0.004232
0.114183	0.472248
0.206025	0.492799
0.206025	0.489496
0.206025	0.492640
0.206025	0.487307
0.206025	0.480351
0.206025	0.002272
0.206025	0.002448
0.206025	0.002605
0.041641	0.314995
0.041641	0.319357
0.041641	0.322455
0.041641	0.320272
0.041641	0.309804
0.169552	0.426561
0.169552	0.431933
0.169552	0.441391
0.169552	0.432727
0.169552	0.001534
0.169552	0.426816
0.169552	0.001583
0.169552	0.429743
0.228666	0.368310
0.228666	0.398447
0.228666	0.376735
0.228666	0.360545
0.228666	0.365659
0.228666	0.013544
0.228666	0.012592
0.228666	0.013646
0.228666	0.013523
0.222655	0.319674
0.222655	0.335273
0.222655	0.326674
0.222655	0.350633
0.222655	0.313778
0.222655	0.370514
0.222655	0.293514
0.222655	0.318712
0.108493	0.175364
0.108493	0.178196
0.108493	0.179434
0.108493	0.185981
0.108493	0.166734
0.229066	0.321613
0.229066	0.338932
0.229066	0.337754
0.229066	0.145060
0.229066	0.342230
0.229066	0.397141
0.229066	0.312926
0.327584	0.236350
0.327584	0.084918
0.327584	0.245184
0.327584	0.090303
0.327584	0.088076
0.327584	0.090833
0.327584	0.083349
0.327584	0.097834
0.327584	0.092932
0.409668	0.127291
0.409668	0.126198
0.409668	0.132418
0.409668	0.135265
0.409668	0.137940
0.409668	0.076082
0.409668	0.077503
0.409668	0.133273
0.409668	0.081400
0.227371	0.108468
0.227371	0.117379
0.227371	0.106688
0.227371	0.107660
0.199971	0.019890
0.199971	0.017473
0.199971	0.017798
0.199971	0.018230
0.199971	0.019075
0.199971	0.019087
0.199971	0.018260
0.199971	0.020998
0.199971	0.020096
0.199971	0.024190
0.199971	0.023130
0.220608	0.106197
0.220608	0.101318
0.220608	0.104757
0.220608	0.111698
0.220608	0.009274
0.220608	0.106895
0.220608	0.131519
0.220608	0.009484
0.338212	0.013168
0.338212	0.013144
0.338212	0.018827
0.338212	0.021366
0.338212	0.013201
0.338212	0.013276
0.338212	0.013207
0.338212	0.014054
0.338212	0.014210
0.161361	0.257876
0.161361	0.249667
0.161361	0.262081
0.161361	0.252371
0.161361	0.273267
0.161361	0.273825
0.161361	0.249278
0.161361	0.275235
0.161361	0.269107
0.161361	0.254128
0.161361	0.257092
0.186674	0.268943
0.186674	0.274788
0.186674	0.276967
0.186674	0.267711
0.186674	0.261765
0.186674	0.276168
0.186674	0.259388
0.218754	0.311018
0.218754	0.321883
0.218754	0.317025
0.218754	0.312730
0.218754	0.322196
0.218754	0.325118
0.218754	0.325337
0.218754	0.331688
0.218754	0.339110
0.218754	0.010485
0.218754	0.013363
0.108009	0.303327
0.108009	0.294766
0.108009	0.295689
0.108009	0.296436
0.108009	0.323422
0.108009	0.094688
0.108009	0.282834
0.045826	0.349560
0.045826	0.361420
0.045826	0.362374
0.045826	0.350571
0.045826	0.351123
0.045826	0.340023
0.045826	0.335396
0.045826	0.373046
0.157315	0.401915
0.157315	0.414994
0.157315	0.418160
0.157315	0.413028
0.157315	0.420866
0.157315	0.422517
0.157315	0.395104
0.157315	0.432390
0.157315	0.407985
0.157315	0.441366
0.157315	0.400262
0.154890	0.322484
0.154890	0.115593
0.154890	0.333274
0.154890	0.107102
0.154890	0.110515
0.154890	0.102380
0.154890	0.110063
0.154890	0.106393
0.154890	0.120249
0.052627	0.327460
0.052627	0.337080
0.052627	0.332578
0.052627	0.334684
0.052627	0.347811
0.052627	0.338360
0.052627	0.001248
0.052627	0.355049
0.048136	0.433744
0.048136	0.431496
0.048136	0.442230
0.048136	0.434875
0.048136	0.435421
0.048136	0.437575
0.048136	0.435284
0.048136	0.422679
0.157839	0.269306
0.157839	0.267843
0.157839	0.002545
0.157839	0.002678
0.157839	0.002694
0.192483	0.293909
0.192483	0.002933
0.192483	0.299118
0.192483	0.003122
0.192483	0.003119
0.142322	0.535036
0.142322	0.533265
0.142322	0.540981
0.142322	0.518823
0.142322	0.515383
0.142322	0.553558
0.142322	0.528614
0.142322	0.531081
0.142322	0.003521
0.142322	0.537672
0.142322	0.538224
0.152505	0.520003
0.152505	0.517191
0.152505	0.521084
0.152505	0.009372
0.152505	0.009004
0.152505	0.008447
0.152505	0.009020
0.152505	0.007260
0.220524	0.485863
0.220524	0.004354
0.220524	0.482240
0.220524	0.005229
0.220524	0.004152
0.220524	0.004417
0.220524	0.004355
0.220524	0.004278
0.220524	0.005164
0.080759	0.410688
0.080759	0.425763
0.080759	0.420844
0.080759	0.410806
0.080759	0.392704
0.080759	0.405881
0.168840	0.487632
0.168840	0.487865
0.168840	0.496517
0.168840	0.491053
0.168840	0.507400
0.168840	0.510318
0.168840	0.499355
0.168840	0.002092
0.168840	0.002389
0.168840	0.002020
0.240690	0.564394
0.240690	0.561658
0.240690	0.566971
0.240690	0.556796
0.240690	0.006629
0.240690	0.005228
0.240690	0.005502
0.240690	0.004873
0.181965	0.516376
0.181965	0.498065
0.181965	0.503858
0.181965	0.485474
0.181965	0.002405
0.181965	0.002044
0.181965	0.002192
0.181965	0.001961
0.181965	0.002459
0.184902	0.289468
0.184902	0.285779
0.184902	0.291256
0.184902	0.300102
0.184902	0.302713
0.190585	0.453427
0.190585	0.476242
0.190585	0.469120
0.190585	0.456333
0.190585	0.478752
0.190585	0.102353
0.190585	0.115853
0.107849	0.132637
0.107849	0.135541
0.107849	0.139675
0.107849	0.135186
0.107849	0.141426
0.107849	0.052129
0.107849	0.051133
0.107849	0.137937
0.107849	0.049607
0.107849	0.049411
0.107849	0.052405
0.151780	0.410810
0.151780	0.430046
0.151780	0.424387
0.151780	0.409967
0.151780	0.399880
0.151780	0.110895
0.151780	0.108578
0.145119	0.164928
0.145119	0.174498
0.145119	0.175252
0.145119	0.165625
0.145119	0.165656
0.145119	0.172440
0.145119	0.167208
0.145119	0.177397
0.145119	0.164589
0.145119	0.178128
0.145119	0.165914
0.145119	0.167414
0.181135	0.142769
0.181135	0.141861
0.181135	0.148779
0.181135	0.255500
0.181135	0.240535
0.181135	0.240317
0.181135	0.229556
0.181135	0.255160
0.181135	0.252506
0.120670	0.139957
0.120670	0.282606
0.120670	0.144691
0.120670	0.309375
0.120670	0.283181
0.120670	0.293363
0.120670	0.287999
0.120670	0.319069
0.120670	0.311050
0.214347	0.176305
0.214347	0.185097
0.214347	0.182749
0.214347	0.175228
0.214347	0.179088
0.214347	0.180065
0.214347	0.018595
0.214347	0.176015
0.214347	0.018914
0.214347	0.018008
0.154049	0.172136
0.154049	0.170735
0.154049	0.176732
0.154049	0.044129
0.154049	0.167017
0.154049	0.045182
0.154049	0.045074
0.154049	0.046649
0.154049	0.043415
0.593366	0.099249
0.593366	0.058516
0.593366	0.099157
0.593366	0.109379
0.593366	0.058041
0.603828	0.143718
0.603828	0.136313
0.603828	0.141099
0.603828	0.162441
0.603828	0.044953
0.603828	0.043302
0.307459	0.163113
0.307459	0.175076
0.307459	0.171336
0.307459	0.174000
0.307459	0.162505
0.307459	0.182740
0.307459	0.158094
0.307459	0.163747
0.271211	0.183366
0.271211	0.179478
0.271211	0.181674
0.271211	0.171835
0.271211	0.171736
0.271211	0.178266
0.271211	0.177945
0.271211	0.184716
0.271211	0.209751
0.271211	0.194798
0.492438	0.168564
0.492438	0.047910
0.492438	0.167839
0.492438	0.047775
0.492438	0.047225
0.492438	0.045277
0.492438	0.161453
0.432655	0.186456
0.432655	0.192712
0.432655	0.194247
0.432655	0.185043
0.432655	0.191604
0.432655	0.042314
0.432655	0.039752
0.212464	0.168231
0.212464	0.176132
0.212464	0.172202
0.212464	0.166890
0.212464	0.164431
0.212464	0.173293
0.212464	0.175265
0.227897	0.101175
0.227897	0.098970
0.227897	0.104258
0.227897	0.038486
0.227897	0.038917
0.299644	0.149112
0.299644	0.068897
0.299644	0.151803
0.299644	0.153213
0.299644	0.069494
0.299644	0.069318
0.299644	0.068629
0.299644	0.066338
0.326933	0.150045
0.326933	0.150330
0.326933	0.154774
0.326933	0.154228
0.326933	0.158103
0.326933	0.146754
0.326933	0.063798
0.326933	0.066194
0.124352	0.150808
0.124352	0.154921
0.124352	0.156575
0.124352	0.150277
0.124352	0.145963
0.124352	0.134209
0.124352	0.152471
0.186212	0.111489
0.186212	0.081773
0.186212	0.117561
0.186212	0.114591
0.182584	0.113948
0.182584	0.076304
0.182584	0.119801
0.182584	0.073987
0.182584	0.075316
0.182584	0.074761
0.182584	0.076678
0.182584	0.078590
0.182584	0.078200
0.206285	0.266019
0.206285	0.051025
0.206285	0.271785
0.206285	0.046561
0.206285	0.053453
0.206285	0.274813
0.206285	0.050225
0.206285	0.300696
0.135114	0.448810
0.135114	0.472229
0.135114	0.467651
0.135114	0.067947
0.135114	0.464724
0.135114	0.460092
0.135114	0.448084
0.135114	0.492704
0.108701	0.063052
0.108701	0.097619
0.108701	0.096064
0.108701	0.096899
0.108701	0.096928
0.108701	0.097024
0.108701	0.099768
0.108701	0.100981
0.108701	0.107840
0.165918	0.038285
0.165918	0.114198
0.165918	0.116024
0.165918	0.111754
0.165918	0.111215
0.165918	0.105655
0.165918	0.047173
