Ground Truth	Predictions
0.280933	0.445611
0.280933	0.453739
0.280933	0.305059
0.280933	0.302651
0.280933	0.452459
0.280933	0.294767
0.280933	0.447436
0.280933	0.296727
0.280933	0.440046
0.280933	0.306683
0.172690	0.475491
0.172690	0.294497
0.172690	0.305924
0.172690	0.485025
0.172690	0.483913
0.172690	0.459533
0.172690	0.478499
0.172690	0.319675
0.135349	0.171026
0.135349	0.163539
0.135349	0.169587
0.135349	0.147955
0.135349	0.173145
0.135349	0.165842
0.135349	0.160128
0.135349	0.173754
0.041849	0.194528
0.041849	0.097122
0.041849	0.177604
0.041849	0.184804
0.041849	0.085731
0.041849	0.189284
0.041849	0.088707
0.041849	0.174726
0.041849	0.186211
0.048592	0.101380
0.048592	0.092730
0.048592	0.098960
0.048592	0.156726
0.048592	0.124604
0.048592	0.128792
0.048592	0.128550
0.115230	0.267659
0.115230	0.156605
0.115230	0.164639
0.115230	0.282370
0.115230	0.264611
0.115230	0.168986
0.115230	0.270866
0.115230	0.166938
0.039883	0.095778
0.039883	0.178028
0.039883	0.096992
0.039883	0.094427
0.039883	0.171706
0.039883	0.168166
0.039883	0.096543
0.059816	0.071126
0.059816	0.071875
0.059816	0.143528
0.059816	0.070618
0.059816	0.072230
0.045921	0.139408
0.045921	0.217288
0.045921	0.139175
0.045921	0.219739
0.045921	0.212946
0.045921	0.215866
0.045921	0.132900
0.045921	0.213304
0.134514	0.143321
0.134514	0.150713
0.134514	0.156506
0.134514	0.162274
0.134514	0.093701
0.134514	0.090668
0.134514	0.147309
0.134514	0.090711
0.134514	0.090554
0.064012	0.133269
0.064012	0.139610
0.064012	0.143683
0.064012	0.145121
0.064012	0.174658
0.064012	0.136418
0.064012	0.162089
0.064012	0.154828
0.064012	0.153896
0.072376	0.121308
0.072376	0.110878
0.072376	0.114032
0.072376	0.113403
0.072376	0.113473
0.072376	0.116585
0.072376	0.113537
0.072376	0.104196
0.036773	0.127987
0.036773	0.124496
0.036773	0.128961
0.036773	0.125425
0.036773	0.125580
0.036773	0.159222
0.036773	0.084500
0.036773	0.085899
0.036773	0.090452
0.040927	0.089440
0.040927	0.093694
0.040927	0.091175
0.040927	0.085695
0.040927	0.081300
0.040927	0.087708
0.040927	0.082764
0.161703	0.139084
0.161703	0.039983
0.161703	0.060943
0.161703	0.060164
0.078052	0.109560
0.078052	0.110462
0.078052	0.107570
0.078052	0.114409
0.078052	0.190140
0.078052	0.199149
0.078052	0.212512
0.070210	0.098253
0.070210	0.104865
0.070210	0.099950
0.070210	0.095181
0.070210	0.096056
0.070210	0.102716
0.070210	0.103665
0.070210	0.102547
0.070210	0.101344
0.070210	0.104629
0.070210	0.096306
0.201780	0.108692
0.201780	0.108133
0.201780	0.111987
0.201780	0.109901
0.201780	0.163345
0.201780	0.112462
0.201780	0.162910
0.201780	0.111433
0.280741	0.200087
0.280741	0.227870
0.280741	0.200319
0.280741	0.198539
0.280741	0.233856
0.280741	0.261954
0.280741	0.262916
0.280741	0.249296
0.280741	0.255824
0.252170	0.154648
0.252170	0.152602
0.252170	0.162889
0.252170	0.170174
0.252170	0.159734
0.054401	0.061716
0.054401	0.064109
0.054401	0.065940
0.054401	0.062112
0.054401	0.066561
0.054401	0.061850
0.054401	0.058489
0.419125	0.160416
0.419125	0.164452
0.419125	0.162807
0.419125	0.335393
0.419125	0.280714
0.419125	0.312099
0.177649	0.209364
0.177649	0.186418
0.177649	0.216233
0.177649	0.265177
0.177649	0.244289
0.177649	0.221080
0.177649	0.180128
0.177649	0.204045
0.177649	0.168582
0.177649	0.186542
0.248635	0.090735
0.248635	0.100430
0.248635	0.099647
0.248635	0.095774
0.248635	0.100893
0.248635	0.094838
0.248635	0.091058
0.248635	0.179519
0.089608	0.210462
0.089608	0.211129
0.089608	0.196753
0.089608	0.190435
0.089608	0.201384
0.089608	0.231425
0.089608	0.183081
0.243738	0.264380
0.243738	0.247454
0.243738	0.263933
0.243738	0.254695
0.243738	0.458627
0.243738	0.455063
0.243738	0.453087
0.675637	0.497701
0.675637	0.503340
0.675637	0.108866
0.675637	0.110160
0.675637	0.501153
0.675637	0.115440
0.675637	0.124044
0.675637	0.110702
0.675637	0.104618
0.675637	0.119255
0.675637	0.109667
0.279477	0.104633
0.279477	0.106077
0.279477	0.111490
0.279477	0.114915
0.279477	0.103011
0.279477	0.112866
0.279477	0.107073
0.279477	0.105947
0.279477	0.116902
0.279477	0.113921
0.279477	0.117317
0.332179	0.272767
0.332179	0.388627
0.332179	0.283655
0.332179	0.372115
0.332179	0.408953
0.332179	0.382049
0.332179	0.397003
0.332179	0.350541
0.646036	0.160619
0.646036	0.171954
0.646036	0.167370
0.646036	0.175605
0.646036	0.154212
0.646036	0.194952
0.716161	0.134559
0.716161	0.136839
0.716161	0.142596
0.716161	0.152659
0.716161	0.135174
0.716161	0.137965
0.716161	0.129292
0.716161	0.152703
0.533131	0.174749
0.533131	0.255714
0.533131	0.240855
0.533131	0.250178
0.296696	0.095981
0.296696	0.083757
0.296696	0.097841
0.296696	0.101040
0.296696	0.099739
0.296696	0.096171
0.182471	0.136000
0.182471	0.130158
0.182471	0.161081
0.182471	0.128840
0.182471	0.124650
0.182471	0.123011
0.182471	0.122430
0.310049	0.117284
0.310049	0.359975
0.310049	0.118914
0.310049	0.146653
0.310049	0.114474
0.310049	0.148068
0.310049	0.358032
0.446418	0.115532
0.446418	0.123034
0.446418	0.130992
0.446418	0.116312
0.446418	0.123336
0.446418	0.126080
0.446418	0.121052
0.446418	0.126935
0.446418	0.124466
0.446418	0.122378
0.446418	0.118591
0.156053	0.181760
0.156053	0.190387
0.156053	0.180168
0.156053	0.178843
0.156053	0.336445
0.156053	0.310647
0.156053	0.314776
0.208683	0.243164
0.208683	0.377676
0.208683	0.238569
0.208683	0.229611
0.208683	0.385536
0.208683	0.431401
0.208683	0.354458
0.306510	0.164474
0.306510	0.159021
0.306510	0.153029
0.306510	0.154995
0.306510	0.178171
0.306510	0.167825
0.306510	0.149903
0.306510	0.172196
0.130092	0.152013
0.130092	0.150803
0.130092	0.152440
0.130092	0.153497
0.130092	0.148636
0.130092	0.154715
0.130092	0.677948
0.130092	0.546947
0.130092	0.576874
0.077972	0.128119
0.077972	0.284934
0.077972	0.129203
0.077972	0.274905
0.077972	0.276826
0.345899	0.079281
0.345899	0.601745
0.345899	0.082675
0.345899	0.083049
0.345899	0.599466
0.345899	0.564757
0.345899	0.563387
0.345899	0.572883
0.274197	0.128991
0.274197	0.132601
0.274197	0.136148
0.274197	0.127370
0.274197	0.135419
0.274197	0.130613
0.274197	0.146645
0.274197	0.134714
0.061146	0.161491
0.061146	0.166215
0.061146	0.163707
0.061146	0.163242
0.061146	0.262848
0.061146	0.273632
0.141995	0.144675
0.141995	0.317036
0.141995	0.313194
0.141995	0.299167
0.150884	0.189766
0.150884	0.193908
0.150884	0.194272
0.150884	0.181466
0.150884	0.178234
0.150884	0.191823
0.150884	0.134013
0.150884	0.183601
0.231827	0.099496
0.231827	0.104134
0.231827	0.102478
0.231827	0.096603
0.231827	0.105173
0.231827	0.096843
0.231827	0.105500
0.231827	0.103219
0.118561	0.100609
0.118561	0.106862
0.118561	0.103385
0.118561	0.103120
0.118561	0.224412
0.118561	0.227551
0.118561	0.230377
0.031564	0.132027
0.031564	0.030382
0.031564	0.139526
0.031564	0.132679
0.031564	0.028160
0.031564	0.028291
0.031564	0.028686
0.031564	0.028286
0.031564	0.029364
0.056441	0.101492
0.056441	0.103197
0.056441	0.103631
0.056441	0.103336
0.056441	0.101403
0.056441	0.099592
0.056441	0.102822
0.056441	0.099606
0.402968	0.119430
0.402968	0.124906
0.402968	0.130144
0.402968	0.119640
0.402968	0.089205
0.402968	0.089736
0.402968	0.078996
0.402968	0.083846
0.402968	0.076917
0.023282	0.083504
0.023282	0.056292
0.023282	0.089791
0.023282	0.060945
0.023282	0.054504
0.075869	0.073284
0.075869	0.080477
0.075869	0.073690
0.075869	0.073156
0.075869	0.073879
0.075869	0.091282
0.075869	0.051002
0.191135	0.047811
0.191135	0.048437
0.191135	0.048347
0.191135	0.047103
0.191135	0.047756
0.191135	0.049543
0.191135	0.046788
0.191135	0.142586
0.191135	0.047742
0.191135	0.141687
0.191135	0.048040
0.191135	0.139377
0.200330	0.152940
0.200330	0.165094
0.200330	0.168506
0.200330	0.102718
0.200330	0.103216
0.200330	0.098944
0.200330	0.105485
0.200330	0.104005
0.057074	0.062148
0.057074	0.188206
0.057074	0.066406
0.057074	0.192529
0.057074	0.195674
0.057074	0.080998
0.057074	0.200786
0.075745	0.096809
0.075745	0.021738
0.075745	0.099943
0.075745	0.090596
0.075745	0.021374
0.075745	0.019358
0.075745	0.018502
0.075745	0.026033
0.101743	0.040046
0.101743	0.036102
0.101743	0.038508
0.101743	0.035881
0.101743	0.135513
0.101743	0.138165
0.101743	0.137686
0.064611	0.075749
0.064611	0.071757
0.064611	0.099212
0.064611	0.106160
0.064611	0.101951
0.103945	0.054058
0.103945	0.182262
0.103945	0.055052
0.103945	0.171371
0.103945	0.190473
0.103945	0.183763
0.103945	0.174642
0.103945	0.180698
0.103945	0.166341
0.089238	0.071120
0.089238	0.073311
0.089238	0.074130
0.089238	0.071161
0.089238	0.070735
0.089238	0.077565
0.089238	0.071631
0.089238	0.073865
0.089238	0.184355
0.089238	0.076128
0.089238	0.084228
0.061974	0.125940
0.061974	0.127187
0.061974	0.130068
0.061974	0.125453
0.061974	0.128600
0.061974	0.120658
0.061974	0.125619
0.061974	0.117943
0.061974	0.119745
0.061974	0.116215
0.061974	0.118087
0.020796	0.076413
0.020796	0.076817
0.020796	0.079688
0.020796	0.075488
0.020796	0.076070
0.020796	0.082740
0.020796	0.065018
0.044614	0.120027
0.044614	0.118790
0.044614	0.126880
0.044614	0.125082
0.044614	0.128608
0.044614	0.118794
0.044614	0.107782
0.044614	0.123052
0.130170	0.136613
0.130170	0.135537
0.130170	0.135211
0.130170	0.129057
0.130170	0.135057
0.130170	0.029429
0.130170	0.027061
0.130170	0.160417
0.130170	0.131282
0.054747	0.121212
0.054747	0.127348
0.054747	0.125610
0.054747	0.119937
0.054747	0.117554
0.054747	0.032917
0.054747	0.049060
0.054747	0.047065
0.085659	0.118694
0.085659	0.120329
0.085659	0.122272
0.085659	0.119612
0.085659	0.119545
0.085659	0.118856
0.085659	0.121086
0.085659	0.124976
0.172055	0.107586
0.172055	0.108882
0.172055	0.114283
0.172055	0.110807
0.172055	0.113888
0.172055	0.116636
0.172055	0.136484
0.172055	0.105692
0.164593	0.077123
0.164593	0.084253
0.164593	0.081959
0.164593	0.083369
0.164593	0.140109
0.164593	0.141985
0.164593	0.118734
0.164593	0.127210
0.164593	0.124468
0.076851	0.071710
0.076851	0.076706
0.076851	0.073665
0.076851	0.068744
0.076851	0.073477
0.076851	0.068549
0.076851	0.422937
0.047694	0.068661
0.047694	0.068231
0.047694	0.070374
0.047694	0.067204
0.047694	0.066492
0.047694	0.073926
0.047694	0.070456
0.047694	0.071258
0.047694	0.067036
0.088995	0.071289
0.088995	0.071228
0.088995	0.072907
0.088995	0.178755
0.088995	0.072080
0.088995	0.171021
0.088995	0.170257
0.088995	0.185874
0.088995	0.180535
0.144924	0.050541
0.144924	0.045277
0.144924	0.052740
0.144924	0.047933
0.144924	0.047159
0.144924	0.060286
0.144924	0.045335
0.144924	0.052962
0.144924	0.067770
0.061400	0.056650
0.061400	0.276695
0.061400	0.058914
0.061400	0.256096
0.061400	0.307328
0.061400	0.296882
0.061400	0.061060
0.061400	0.202909
0.022386	0.083258
0.022386	0.339869
0.022386	0.334525
0.022386	0.318240
0.022386	0.082339
0.022386	0.085952
0.022386	0.081444
0.022386	0.338558
0.022386	0.085102
0.022386	0.346263
0.022386	0.086150
0.022386	0.337952
0.050030	0.074615
0.050030	0.071893
0.050030	0.066006
0.050030	0.086084
0.065646	0.187784
0.065646	0.178946
0.065646	0.125454
0.065646	0.152386
0.065646	0.105668
0.109943	0.101580
0.109943	0.052645
0.109943	0.098139
0.109943	0.109828
0.109943	0.052144
0.109943	0.053951
0.109943	0.051834
0.109943	0.052574
0.109943	0.053023
0.095543	0.073809
0.095543	0.073532
0.095543	0.075083
0.095543	0.258871
0.095543	0.072654
0.095543	0.076352
0.095543	0.072297
0.095543	0.074505
0.095543	0.073804
0.095543	0.075748
0.095543	0.253190
0.095543	0.075364
0.095543	0.256651
0.095543	0.075923
0.075014	0.069243
0.075014	0.064980
0.075014	0.069021
0.075014	0.071720
0.075014	0.065013
0.075014	0.066707
0.075014	0.072058
0.134021	0.086902
0.134021	0.086035
0.134021	0.089275
0.134021	0.029382
0.134021	0.029335
0.134021	0.091595
0.134021	0.024540
0.134021	0.023473
0.134021	0.025891
0.070960	0.071392
0.070960	0.046279
0.070960	0.073124
0.070960	0.071225
0.070960	0.073486
0.070960	0.067211
0.070960	0.047466
0.016633	0.009510
0.016633	0.010299
0.016633	0.126299
0.016633	0.119954
0.039521	0.113698
0.039521	0.112185
0.039521	0.113577
0.039521	0.111286
0.039521	0.105100
0.121793	0.070846
0.121793	0.080089
0.121793	0.075255
0.121793	0.074532
0.121793	0.068362
0.121793	0.072595
0.121793	0.068780
0.192437	0.104833
0.192437	0.107744
0.192437	0.108782
0.192437	0.110004
0.192437	0.104064
0.192437	0.065684
0.192437	0.107006
0.192437	0.101433
0.035643	0.089793
0.035643	0.101293
0.035643	0.091722
0.035643	0.086512
0.035643	0.080874
0.070394	0.078060
0.070394	0.077715
0.070394	0.083665
0.070394	0.079032
0.070394	0.082391
0.070394	0.078533
0.070394	0.083428
0.070394	0.103159
0.311727	0.083395
0.311727	0.084136
0.311727	0.091093
0.311727	0.092432
0.311727	0.084851
0.311727	0.098672
0.311727	0.079461
0.311727	0.097826
0.456596	0.097884
0.456596	0.097041
0.456596	0.096098
0.456596	0.098419
0.456596	0.270177
0.456596	0.277103
0.456596	0.272395
0.456596	0.102446
0.456596	0.276453
0.456596	0.103425
0.456596	0.111550
0.456596	0.115834
0.456596	0.105368
0.456596	0.101271
0.101366	0.043370
0.101366	0.044687
0.101366	0.045616
0.101366	0.043177
0.101366	0.042992
0.101366	0.044225
0.101366	0.042057
0.101366	0.044167
0.241232	0.068170
0.241232	0.068697
0.241232	0.066961
0.241232	0.065639
0.241232	0.068022
0.241232	0.064607
0.241232	0.064248
0.241232	0.065723
0.241232	0.067572
0.541986	0.157634
0.541986	0.158100
0.541986	0.160999
0.541986	0.156041
0.541986	0.156689
0.541986	0.160658
0.541986	0.156110
0.541986	0.159944
0.541986	0.158315
0.541986	0.657494
0.541986	0.652857
0.323746	0.077607
0.323746	0.080371
0.323746	0.081713
0.323746	0.076533
0.082887	0.098576
0.082887	0.098207
0.082887	0.099758
0.082887	0.095189
0.082887	0.093497
0.082887	0.098685
0.082887	0.094736
0.082887	0.100125
0.373105	0.149574
0.373105	0.153788
0.373105	0.157498
0.373105	0.146854
0.373105	0.149191
0.373105	0.154894
0.373105	0.153978
0.373105	0.810385
0.373105	0.810042
0.373105	0.157845
0.373105	0.773864
0.422352	0.066271
0.422352	0.068693
0.422352	0.068793
0.422352	0.065020
0.422352	0.062218
0.422352	0.074780
0.422352	0.065780
0.422352	0.071839
0.422352	0.067659
0.422352	0.075566
0.422352	0.076350
0.375707	0.042005
0.375707	0.044701
0.375707	0.044004
0.375707	0.040806
0.375707	0.043532
0.375707	0.042977
0.375707	0.046027
0.375707	0.050728
0.235495	0.113271
0.235495	0.117727
0.235495	0.117616
0.235495	0.111386
0.235495	0.112684
0.235495	0.116464
0.235495	0.115714
0.235495	0.112425
0.235495	0.442211
0.141813	0.088684
0.141813	0.103168
0.141813	0.097386
0.141813	0.089641
0.141813	0.094681
0.141813	0.085423
0.141813	0.083113
0.405327	0.095384
0.405327	0.103843
0.405327	0.103335
0.405327	0.096999
0.405327	0.094406
0.405327	0.111319
0.405327	0.109504
0.405327	0.095702
0.405327	0.109767
0.405327	0.097151
0.405327	0.094618
0.256720	0.117193
0.256720	0.123804
0.256720	0.124689
0.256720	0.116225
0.256720	0.116000
0.256720	0.117996
0.256720	0.148522
0.256720	0.123668
0.082039	0.216446
0.082039	0.216307
0.082039	0.223113
0.082039	0.213388
0.082039	0.222798
0.082039	0.234026
0.082039	0.237616
0.082039	0.231989
0.082039	0.238803
0.012503	0.095782
0.012503	0.107442
0.012503	0.099489
0.012503	0.096624
0.012503	0.087578
0.012503	0.104129
0.060379	0.133568
0.060379	0.142829
0.060379	0.140526
0.060379	0.155651
0.060379	0.140503
0.060379	0.133374
0.060379	0.140005
0.060379	0.128898
0.079806	0.150174
0.079806	0.154214
0.079806	0.154904
0.079806	0.164351
0.079806	0.154164
0.079806	0.146073
0.057049	0.191341
0.057049	0.073164
0.057049	0.074628
0.057049	0.073494
0.057049	0.073136
0.057049	0.072328
0.057049	0.073617
0.057049	0.073926
0.106217	0.116824
0.106217	0.033188
0.106217	0.131414
0.106217	0.032775
0.028445	0.167884
0.028445	0.030309
0.028445	0.170530
0.028445	0.182081
0.028445	0.030715
0.028445	0.032242
0.028445	0.030932
0.028445	0.031932
0.028445	0.032550
0.061164	0.197424
0.061164	0.245742
0.061164	0.234362
0.061164	0.200358
0.061164	0.254923
0.061164	0.232559
0.061164	0.250923
0.061164	0.236056
0.061164	0.210011
0.061164	0.200838
0.061164	0.204591
0.093042	0.132072
0.093042	0.082071
0.093042	0.123853
0.093042	0.119210
0.093042	0.133244
0.093042	0.080216
0.093042	0.089725
0.093042	0.082411
0.107011	0.128214
0.107011	0.185421
0.107011	0.187567
0.107011	0.105773
0.107011	0.096477
0.107011	0.099682
0.107011	0.115125
0.107011	0.108788
0.107011	0.110344
0.092525	0.282516
0.092525	0.054648
0.092525	0.284698
0.092525	0.056912
0.092525	0.056826
0.092525	0.051726
0.092525	0.056137
0.092525	0.058385
0.050958	0.075698
0.050958	0.083602
0.050958	0.079737
0.050958	0.082107
0.050958	0.077586
0.050958	0.077859
0.050958	0.053651
0.050958	0.054513
0.050958	0.056125
0.050958	0.054366
0.063511	0.059851
0.063511	0.059430
0.063511	0.061738
0.063511	0.079561
0.063511	0.083062
0.063511	0.080899
0.063511	0.082922
0.075974	0.119837
0.075974	0.029324
0.075974	0.120465
0.075974	0.116096
0.075974	0.060511
0.075974	0.126518
0.075974	0.038502
0.075974	0.061143
0.077648	0.106008
0.077648	0.110973
0.077648	0.117667
0.077648	0.140822
0.077648	0.121386
0.077648	0.110120
0.077648	0.020181
0.077648	0.019552
0.152894	0.104145
0.152894	0.108543
0.152894	0.104450
0.152894	0.096087
0.152894	0.100396
0.152894	0.098793
0.152894	0.096579
0.152894	0.091775
0.176078	0.240559
0.176078	0.241439
0.176078	0.236021
0.176078	0.230682
0.176078	0.177259
0.176078	0.246520
0.176078	0.166675
0.176078	0.240831
0.176078	0.180327
0.176078	0.178624
0.176078	0.177478
0.038271	0.066007
0.038271	0.067602
0.038271	0.063088
0.038271	0.063035
0.038271	0.068866
0.038271	0.030279
0.038271	0.024033
0.060432	0.218859
0.060432	0.219594
0.060432	0.220117
0.060432	0.219529
0.060432	0.212828
0.060432	0.221718
0.060432	0.220620
0.060432	0.242690
0.271779	0.109588
0.271779	0.115576
0.271779	0.117075
0.271779	0.110265
0.271779	0.117178
0.335670	0.077268
0.335670	0.087802
0.335670	0.080812
0.335670	0.075235
0.335670	0.045259
0.335670	0.042057
0.335670	0.040667
0.032832	0.164480
0.032832	0.185361
0.032832	0.169301
0.032832	0.158571
0.032832	0.073779
0.032832	0.057485
0.032832	0.050814
0.032832	0.062789
0.032832	0.065779
0.057593	0.127460
0.057593	0.127090
0.057593	0.130404
0.057593	0.129177
0.057593	0.108661
0.288006	0.064414
0.288006	0.066286
0.288006	0.068228
0.288006	0.064531
0.288006	0.062901
0.288006	0.068943
0.288006	0.064413
0.288006	0.072340
0.288006	0.064873
0.288006	0.064146
0.288006	0.066246
0.288006	0.065490
0.049702	0.234478
0.049702	0.240168
0.049702	0.247809
0.049702	0.242003
0.049702	0.189365
0.049702	0.173632
0.049702	0.174843
0.049702	0.192723
0.049702	0.198343
0.191461	0.230246
0.191461	0.436949
0.191461	0.221272
0.191461	0.428638
0.191461	0.441440
0.191461	0.451399
0.191461	0.401659
0.191461	0.448617
0.200626	0.117391
0.200626	0.121952
0.200626	0.126321
0.200626	0.122299
0.200626	0.105875
0.288454	0.232453
0.288454	0.222642
0.288454	0.224101
0.288454	0.221636
0.288454	0.211571
0.288454	0.227428
0.288454	0.220350
0.288454	0.217969
0.202048	0.226715
0.202048	0.219624
0.202048	0.228210
0.202048	0.219765
0.202048	0.226432
0.202048	0.227901
0.202048	0.201166
0.202048	0.200944
0.202048	0.199571
0.225439	0.286554
0.225439	0.484565
0.225439	0.282650
0.225439	0.288488
0.225439	0.507653
0.225439	0.286716
0.225439	0.506480
0.225439	0.294032
0.225439	0.508131
0.173152	0.141378
0.173152	0.144562
0.173152	0.146914
0.173152	0.143065
0.173152	0.146871
0.173152	0.150154
0.173152	0.146713
0.173152	0.156889
0.173152	0.142998
0.173152	0.154693
0.173152	0.147723
0.173152	0.148164
0.309973	0.216060
0.309973	0.219021
0.309973	0.222040
0.309973	0.218923
0.309973	0.210539
0.309973	0.220383
0.309973	0.223447
0.309973	0.216710
0.309973	0.250655
0.309973	0.226277
0.164626	0.188670
0.164626	0.103875
0.164626	0.191572
0.164626	0.181828
0.324192	0.120264
0.324192	0.161802
0.324192	0.162305
0.324192	0.152603
0.324192	0.186860
0.324192	0.169905
0.324192	0.190374
0.324192	0.188898
0.324192	0.141015
0.324192	0.186626
0.324192	0.181912
0.324192	0.146182
0.324192	0.138542
0.324192	0.155468
0.372093	0.148281
0.372093	0.147641
0.372093	0.144896
0.372093	0.146824
0.372093	0.194128
0.372093	0.207945
0.372093	0.197366
0.372093	0.210989
0.345222	0.123343
0.345222	0.130123
0.345222	0.122816
0.345222	0.123032
0.345222	0.121542
0.345222	0.403093
0.345222	0.465960
0.214384	0.190467
0.214384	0.194796
0.214384	0.198476
0.214384	0.189899
0.214384	0.200016
0.214384	0.187197
0.214384	0.196851
0.214384	0.082987
0.214384	0.089329
0.319208	0.162406
0.319208	0.174343
0.319208	0.167487
0.319208	0.168456
0.319208	0.177794
0.319208	0.077099
0.319208	0.109088
0.319208	0.144876
0.319208	0.145586
0.420909	0.149665
0.420909	0.161520
0.420909	0.154379
0.420909	0.153594
0.420909	0.161497
0.420909	0.140741
0.420909	0.142873
0.420909	0.144744
0.471407	0.101937
0.471407	0.106368
0.471407	0.106201
0.471407	0.102110
0.471407	0.110596
0.471407	0.106375
0.471407	0.130623
0.471407	0.101341
0.471407	0.109143
0.471407	0.100230
0.471407	0.103768
0.386828	0.207394
0.386828	0.216344
0.386828	0.214862
0.386828	0.204182
0.386828	0.219401
0.386828	0.217741
0.386828	0.221399
0.386828	0.247505
0.386828	0.242469
0.189564	0.092462
0.189564	0.099744
0.189564	0.097726
0.189564	0.470954
0.189564	0.504540
0.426879	0.155442
0.426879	0.478699
0.426879	0.157742
0.426879	0.171211
0.426879	0.141495
0.503293	0.132523
0.503293	0.140800
0.503293	0.143310
0.503293	0.143985
0.503293	0.144919
0.503293	0.131040
0.503293	0.135750
0.503293	0.133543
0.324680	0.064386
0.324680	0.065698
0.324680	0.067760
0.324680	0.070816
0.324680	0.049893
0.324680	0.069004
0.324680	0.072714
0.324680	0.049407
0.324680	0.048218
0.324680	0.051132
0.324680	0.054103
0.324680	0.045560
0.533988	0.131930
0.533988	0.206436
0.533988	0.139820
0.533988	0.225472
0.533988	0.205151
0.243821	0.123997
0.243821	0.127349
0.243821	0.128062
0.243821	0.210206
0.243821	0.129491
0.345116	0.089951
0.345116	0.082638
0.345116	0.088246
0.345116	0.091411
0.345116	0.087145
0.345116	0.091814
0.345116	0.083645
0.075237	0.084644
0.075237	0.082811
0.075237	0.083527
0.075237	0.079674
0.075237	0.064237
0.075237	0.065538
0.075237	0.064741
0.075237	0.067246
0.075237	0.065620
0.075237	0.066196
0.075237	0.067147
0.075237	0.068006
0.067061	0.090363
0.067061	0.087195
0.067061	0.090262
0.067061	0.083598
0.067061	0.094436
0.067061	0.094068
0.067061	0.021775
0.067061	0.021225
0.067061	0.022286
0.095035	0.085545
0.095035	0.082944
0.095035	0.082221
0.095035	0.079122
0.095035	0.074098
0.095035	0.074275
0.067193	0.172480
0.067193	0.171925
0.067193	0.175466
0.067193	0.044260
0.067193	0.045892
0.067193	0.065374
0.067193	0.080650
0.067193	0.070857
0.402839	0.080222
0.402839	0.088799
0.402839	0.087217
0.402839	0.079787
0.402839	0.081633
0.402839	0.090352
0.402839	0.086332
0.402839	0.088003
0.402839	0.084783
0.402839	0.080953
0.402839	0.078443
0.058074	0.114595
0.058074	0.117367
0.058074	0.125784
0.058074	0.117848
0.058074	0.127569
0.058074	0.116893
0.058074	0.146457
0.058074	0.120006
0.122437	0.099463
0.122437	0.032977
0.122437	0.107277
0.122437	0.038080
0.122437	0.039285
0.122437	0.045384
0.122437	0.046315
0.122437	0.050528
0.122437	0.058125
0.305321	0.159297
0.305321	0.438479
0.305321	0.160661
0.305321	0.483798
0.305321	0.461231
0.409861	0.196779
0.409861	0.212746
0.409861	0.214909
0.409861	0.249282
0.409861	0.217520
0.409861	0.195129
0.409861	0.191038
0.409861	0.233296
0.157317	0.121303
0.157317	0.143290
0.157317	0.132349
0.157317	0.024248
0.157317	0.120002
0.157317	0.022718
0.236238	0.201163
0.236238	0.060245
0.236238	0.211434
0.236238	0.051960
0.236238	0.053162
0.236238	0.051431
0.236238	0.057226
0.236238	0.039716
0.236238	0.035587
0.237674	0.151540
0.237674	0.153477
0.237674	0.153984
0.237674	0.154738
0.120326	0.127388
0.120326	0.132948
0.120326	0.185232
0.120326	0.169356
0.120326	0.132622
0.120326	0.130522
0.120326	0.130472
0.120326	0.191365
0.120326	0.127120
0.338093	0.673565
0.338093	0.674259
0.338093	0.202918
0.338093	0.678176
0.338093	0.673915
0.338093	0.674186
0.338093	0.666815
0.338093	0.607836
0.213205	0.189682
0.213205	0.187829
0.213205	0.191508
0.213205	0.093054
0.213205	0.192662
0.213205	0.187702
0.213205	0.174450
0.079789	0.168761
0.079789	0.035173
0.079789	0.172673
0.079789	0.166573
0.079789	0.036026
0.079789	0.039028
0.079789	0.045825
0.079555	0.163175
0.079555	0.155383
0.079555	0.154311
0.079555	0.149320
0.079555	0.215719
0.079555	0.222749
0.079555	0.236517
0.079555	0.220915
0.079555	0.229252
0.281989	0.163154
0.281989	0.160945
0.281989	0.162230
0.281989	0.158109
0.281989	0.333443
0.281989	0.320944
0.281989	0.337558
0.281989	0.326673
0.281989	0.328394
0.241353	0.164862
0.241353	0.168667
0.241353	0.171122
0.241353	0.165919
0.241353	0.163376
0.241353	0.402291
0.241353	0.181143
0.241353	0.329979
0.241353	0.430239
0.074708	0.188066
0.074708	0.201733
0.074708	0.195449
0.074708	0.193472
0.074708	0.196646
0.074708	0.216401
0.048726	0.162483
0.048726	0.165542
0.048726	0.169642
0.048726	0.162879
0.048726	0.165630
0.048726	0.161894
0.048726	0.043030
0.048726	0.168393
0.396801	0.272464
0.396801	0.286559
0.396801	0.288049
0.396801	0.140924
0.396801	0.151352
0.396801	0.155989
0.396801	0.156716
0.396801	0.158337
0.396801	0.155073
0.222370	0.270127
0.222370	0.300067
0.222370	0.294927
0.222370	0.294473
0.222370	0.024226
0.222370	0.019892
0.222370	0.019942
0.222370	0.019858
0.222370	0.019403
0.050487	0.222793
0.050487	0.239580
0.050487	0.230765
0.050487	0.221872
0.050487	0.220920
0.050487	0.057415
0.050487	0.215504
0.050487	0.240288
0.233235	0.495451
0.233235	0.508496
0.233235	0.515154
0.233235	0.296927
0.233235	0.237635
0.233235	0.511247
0.233235	0.255923
0.233235	0.260983
0.233235	0.266862
0.233235	0.272489
0.233235	0.268543
0.180731	0.221782
0.180731	0.220443
0.180731	0.228764
0.180731	0.238231
0.180731	0.222137
0.180731	0.216672
0.180731	0.228030
0.180731	0.235222
0.128054	0.200907
0.128054	0.204205
0.128054	0.212264
0.128054	0.214587
0.128054	0.258974
0.128054	0.257357
0.128054	0.251556
0.128054	0.259131
0.128054	0.254598
0.128054	0.229415
0.128054	0.224151
0.059910	0.305390
0.059910	0.317278
0.059910	0.335443
0.059910	0.312451
0.059910	0.354382
0.059910	0.303239
0.059910	0.292893
0.059910	0.329581
0.029004	0.137727
0.029004	0.159378
0.029004	0.145935
0.029004	0.156956
0.029004	0.151119
0.029004	0.171956
0.029004	0.169795
0.120500	0.234791
0.120500	0.234741
0.120500	0.237612
0.120500	0.229214
0.120500	0.236313
0.120500	0.234072
0.120500	0.442021
0.120500	0.445997
0.077647	0.102083
0.077647	0.099304
0.077647	0.104268
0.077647	0.098423
0.077647	0.097528
0.077647	0.107748
0.077647	0.103987
0.077647	0.106240
0.077647	0.106288
0.077647	0.102393
0.077647	0.105484
0.077647	0.098252
0.190254	0.185513
0.190254	0.200333
0.190254	0.195818
0.190254	0.184085
0.190254	0.113710
0.190254	0.206697
0.190254	0.115304
0.054537	0.222546
0.054537	0.052934
0.054537	0.225571
0.054537	0.218624
0.054537	0.054944
0.080468	0.087790
0.080468	0.090033
0.080468	0.091663
0.080468	0.083835
0.080468	0.084187
0.080468	0.105793
0.080468	0.087019
0.202896	0.090687
0.202896	0.094565
0.202896	0.096453
0.202896	0.087365
0.202896	0.100470
0.202896	0.093675
0.202896	0.089452
0.202896	0.090762
0.203475	0.081185
0.203475	0.085296
0.203475	0.084473
0.203475	0.540174
0.203475	0.541660
0.203475	0.537687
0.203475	0.550858
0.203475	0.534675
0.079646	0.077925
0.079646	0.086839
0.079646	0.084048
0.079646	0.077416
0.079646	0.077452
0.079646	0.089708
0.079646	0.263910
0.072514	0.083785
0.072514	0.082942
0.072514	0.084344
0.072514	0.083543
0.072514	0.084636
0.072514	0.081452
0.072514	0.082581
0.072514	0.082572
0.441713	0.080109
0.441713	0.083996
0.441713	0.085238
0.441713	0.084036
0.441713	0.178902
0.441713	0.087016
0.441713	0.082586
0.441713	0.186214
0.441713	0.081594
0.441713	0.171338
0.441713	0.082981
0.441713	0.079802
0.139812	0.228496
0.139812	0.073345
0.139812	0.232726
0.139812	0.222900
0.139812	0.071525
0.139812	0.069823
0.139812	0.068306
0.139812	0.070399
0.139812	0.068405
0.067513	0.096344
0.067513	0.101022
0.067513	0.099876
0.067513	0.097087
0.067513	0.101092
0.067513	0.115389
0.067513	0.112312
0.067513	0.099067
0.135465	0.058514
0.135465	0.060870
0.135465	0.061438
0.135465	0.059254
0.135465	0.060612
0.135465	0.061683
0.135465	0.058356
0.135465	0.061474
0.135465	0.060000
0.135465	0.061462
0.135465	0.060691
0.135465	0.057996
0.199604	0.118452
0.199604	0.055048
0.199604	0.120932
0.199604	0.051961
0.199604	0.050834
0.199604	0.056158
0.199604	0.052604
0.092948	0.188023
0.092948	0.152282
0.092948	0.193889
0.092948	0.156742
0.092948	0.152334
0.092948	0.152221
0.092948	0.148512
0.092948	0.159273
0.092948	0.151239
0.189861	0.066696
0.189861	0.075013
0.189861	0.072308
0.189861	0.078023
0.189861	0.069744
0.189861	0.069113
0.189861	0.061260
0.189861	0.063861
0.157562	0.192995
0.157562	0.172258
0.157562	0.202731
0.157562	0.178435
0.157562	0.199021
0.157562	0.183307
0.157562	0.172545
0.157562	0.203708
0.140262	0.163869
0.140262	0.161967
0.140262	0.173080
0.140262	0.176959
0.140262	0.158331
0.340616	0.219795
0.340616	0.215082
0.340616	0.220597
0.340616	0.045929
0.340616	0.049712
0.340616	0.047388
0.340616	0.222059
0.340616	0.216009
0.340616	0.222628
0.121409	0.138015
0.121409	0.146110
0.121409	0.145691
0.121409	0.154910
0.121409	0.145660
0.121409	0.138783
0.121409	0.024291
0.121409	0.024210
0.171232	0.012805
0.171232	0.252911
0.171232	0.257903
0.171232	0.012338
0.171232	0.012439
0.171232	0.012404
0.171232	0.281374
0.171232	0.012411
0.262751	0.152050
0.262751	0.127381
0.262751	0.154296
0.262751	0.157764
0.262751	0.127448
0.262751	0.157176
0.262751	0.129909
0.262751	0.143240
0.262751	0.139246
0.262751	0.159334
0.262751	0.159969
0.262751	0.178615
0.133906	0.096859
0.133906	0.234610
0.133906	0.246879
0.133906	0.090869
0.133906	0.088276
0.133906	0.099279
0.133906	0.090709
0.133906	0.094047
0.133906	0.089405
0.241526	0.128731
0.241526	0.217309
0.241526	0.231843
0.241526	0.135049
0.241526	0.219131
0.241526	0.249122
0.241526	0.265896
