Ground Truth	Predictions
0.684109	0.145120
0.684109	0.128376
0.684109	0.088951
0.684109	0.096406
0.684109	0.112020
0.684109	0.104226
0.257259	0.130438
0.257259	0.046709
0.257259	0.130565
0.257259	0.048931
0.257259	0.055874
0.257259	0.048431
0.257259	0.048467
0.257259	0.040958
0.409886	0.229055
0.409886	0.242125
0.409886	0.224112
0.409886	0.232099
0.409886	0.238740
0.409886	0.251047
0.409886	0.249869
0.409886	0.226596
0.409886	0.239739
0.409886	0.231525
0.409886	0.248138
0.299457	0.100765
0.299457	0.095939
0.299457	0.098613
0.299457	0.238459
0.299457	0.220788
0.299457	0.100187
0.299457	0.231693
0.299457	0.100423
0.299457	0.105987
0.299457	0.106493
0.299457	0.101070
0.299457	0.103673
0.083172	0.125718
0.083172	0.128326
0.083172	0.129894
0.083172	0.125910
0.083172	0.217567
0.083172	0.225944
0.083172	0.216781
0.083172	0.214369
0.083172	0.222269
0.103695	0.119515
0.103695	0.241267
0.103695	0.245940
0.103695	0.128295
0.103695	0.134212
0.103695	0.244337
0.103695	0.121903
0.103695	0.119347
0.103695	0.119506
0.103695	0.122489
0.103695	0.124073
0.214157	0.080494
0.214157	0.012586
0.214157	0.084427
0.214157	0.013711
0.214157	0.080479
0.214157	0.015204
0.214157	0.012807
0.302564	0.200651
0.302564	0.214636
0.302564	0.207760
0.302564	0.201067
0.302564	0.118592
0.302564	0.193477
0.302564	0.119779
0.302564	0.211898
0.302564	0.125376
0.192096	0.065792
0.192096	0.196737
0.192096	0.204681
0.192096	0.070512
0.192096	0.066326
0.192096	0.064614
0.192096	0.069867
0.192096	0.064930
0.192096	0.067887
0.447379	0.117243
0.447379	0.290277
0.447379	0.294153
0.447379	0.319039
0.447379	0.116655
0.447379	0.116488
0.447379	0.110616
0.447379	0.312664
0.355888	0.150621
0.355888	0.065275
0.355888	0.160889
0.355888	0.148916
0.411414	0.069218
0.411414	0.138801
0.411414	0.070863
0.411414	0.071309
0.411414	0.067878
0.411414	0.069494
0.432990	0.136765
0.432990	0.111531
0.432990	0.107426
0.432990	0.215098
0.432990	0.189978
0.432990	0.206442
0.432990	0.230787
0.432990	0.104057
0.432990	0.123909
0.432990	0.107912
0.432990	0.106018
0.432990	0.105698
0.241879	0.032555
0.241879	0.038674
0.241879	0.311352
0.241879	0.316485
0.212885	0.184870
0.212885	0.179642
0.212885	0.185024
0.212885	0.181733
0.212885	0.191577
0.212885	0.087734
0.212885	0.087381
0.212885	0.090648
0.212885	0.086199
0.423066	0.085281
0.423066	0.084720
0.423066	0.088828
0.423066	0.082285
0.423066	0.085281
0.423066	0.080200
0.423066	0.117972
0.072807	0.093454
0.072807	0.093185
0.072807	0.097390
0.072807	0.093975
0.072807	0.096737
0.072807	0.101349
0.072807	0.173629
0.072807	0.096146
0.195142	0.089141
0.195142	0.089743
0.195142	0.093846
0.195142	0.089816
0.195142	0.085125
0.195142	0.095188
0.195142	0.089596
0.195142	0.030695
0.204784	0.061063
0.204784	0.060080
0.204784	0.065520
0.204784	0.063005
0.204784	0.057831
0.204784	0.187667
0.392723	0.156692
0.392723	0.158362
0.392723	0.163742
0.392723	0.158437
0.392723	0.119115
0.392723	0.157092
0.392723	0.133728
0.392723	0.115890
0.392723	0.110084
0.362617	0.104639
0.362617	0.101642
0.362617	0.103270
0.362617	0.047622
0.362617	0.107319
0.362617	0.104481
0.362617	0.050807
0.362617	0.055083
0.303750	0.198167
0.303750	0.093609
0.303750	0.097418
0.303750	0.090477
0.303750	0.096036
0.303750	0.089293
0.303750	0.089595
0.303750	0.088164
0.303750	0.097699
0.396569	0.134999
0.396569	0.132578
0.396569	0.129219
0.396569	0.127708
0.396569	0.137405
0.396569	0.165885
0.396569	0.145293
0.346202	0.052983
0.346202	0.054553
0.346202	0.052369
0.346202	0.061528
0.212931	0.127722
0.212931	0.129692
0.212931	0.068125
0.212931	0.068524
0.212931	0.137066
0.247737	0.090514
0.247737	0.158872
0.247737	0.162184
0.247737	0.172091
0.247737	0.093938
0.247737	0.089518
0.247737	0.084289
0.247737	0.171465
0.247737	0.084915
0.162020	0.263661
0.162020	0.262451
0.162020	0.271975
0.162020	0.263196
0.162020	0.268716
0.162020	0.283759
0.162020	0.257291
0.162020	0.288116
0.162020	0.273525
0.162020	0.037047
0.162020	0.039685
0.357676	0.105631
0.357676	0.104996
0.357676	0.110872
0.357676	0.104284
0.357676	0.087887
0.082932	0.099300
0.082932	0.098158
0.082932	0.102047
0.082932	0.100529
0.082932	0.104445
0.082932	0.098751
0.082932	0.111167
0.082932	0.099385
0.224504	0.128532
0.224504	0.125728
0.224504	0.129162
0.224504	0.130405
0.224504	0.128967
0.224504	0.129382
0.224504	0.140756
0.224504	0.138603
0.224504	0.125947
0.160498	0.085873
0.160498	0.086986
0.160498	0.089045
0.160498	0.092571
0.160498	0.090315
0.160498	0.089608
0.160498	0.114541
0.160498	0.112195
0.115447	0.086932
0.115447	0.087945
0.115447	0.090035
0.115447	0.085523
0.115447	0.086395
0.115447	0.086031
0.115447	0.085914
0.115447	0.093018
0.255992	0.279497
0.255992	0.264942
0.255992	0.277120
0.255992	0.260722
0.255992	0.317595
0.255992	0.253358
0.255992	0.268447
0.255992	0.292828
0.255992	0.285593
0.161267	0.256825
0.161267	0.266378
0.161267	0.268206
0.161267	0.276361
0.161267	0.295498
0.161267	0.259242
0.161267	0.278082
0.161267	0.277768
0.161267	0.276550
0.131824	0.176598
0.131824	0.005699
0.131824	0.179329
0.131824	0.006251
0.131824	0.005878
0.131824	0.005609
0.354775	0.180792
0.354775	0.013066
0.354775	0.193040
0.354775	0.016539
0.354775	0.014650
0.354775	0.182407
0.216911	0.161675
0.216911	0.021034
0.216911	0.176969
0.216911	0.021706
0.216911	0.166545
0.216911	0.021625
0.216911	0.163183
0.253868	0.014268
0.253868	0.012718
0.253868	0.199706
0.253868	0.202972
0.253868	0.013557
0.253868	0.013812
0.253868	0.013362
0.186308	0.007925
0.186308	0.187860
0.186308	0.194187
0.186308	0.008240
0.186308	0.007496
0.186308	0.009721
0.186308	0.009138
0.279607	0.188651
0.279607	0.010607
0.279607	0.010508
0.279607	0.010258
0.279607	0.011967
0.279607	0.194717
0.279607	0.014124
0.111143	0.104243
0.111143	0.014443
0.111143	0.013905
0.111143	0.014061
0.111143	0.014646
0.111143	0.110610
0.126964	0.233539
0.126964	0.205717
0.126964	0.178048
0.126964	0.185360
0.126964	0.219112
0.126964	0.223868
0.126964	0.229194
0.126964	0.220142
0.192810	0.018344
0.192810	0.127167
0.192810	0.105488
0.192810	0.123900
0.192810	0.020665
0.192810	0.018236
0.060964	0.249050
0.060964	0.272243
0.060964	0.253890
0.060964	0.118338
0.212458	0.076900
0.212458	0.090121
0.212458	0.078976
0.212458	0.041936
0.212458	0.042901
0.267345	0.099411
0.267345	0.095331
0.267345	0.099652
0.267345	0.093040
0.267345	0.115702
0.267345	0.099435
0.267345	0.113379
0.267345	0.115001
0.186560	0.090538
0.186560	0.089620
0.186560	0.093114
0.186560	0.050822
0.186560	0.049940
0.186560	0.096143
0.186560	0.051529
0.186560	0.051142
0.141786	0.124299
0.141786	0.132260
0.141786	0.129856
0.141786	0.184571
0.141786	0.178555
0.141786	0.172914
0.141786	0.174774
0.141786	0.174849
0.269379	0.176199
0.269379	0.178979
0.269379	0.176573
0.269379	0.170421
0.269379	0.180668
0.269379	0.181224
0.269379	0.190839
0.269379	0.101411
0.269379	0.192850
0.152274	0.075182
0.152274	0.077640
0.152274	0.078301
0.152274	0.072112
0.152274	0.078935
0.152274	0.079753
0.152274	0.081343
0.043452	0.071734
0.043452	0.045665
0.043452	0.075104
0.043452	0.049029
0.043452	0.058685
0.271812	0.092215
0.271812	0.096877
0.271812	0.096548
0.271812	0.093928
0.271812	0.095329
0.271812	0.150814
0.271812	0.140456
0.246453	0.109621
0.246453	0.110210
0.246453	0.113459
0.246453	0.124504
0.246453	0.111014
0.246453	0.110363
0.246453	0.142532
0.246453	0.104653
0.290298	0.163037
0.290298	0.165494
0.290298	0.168851
0.290298	0.093598
0.290298	0.096103
0.290298	0.162422
0.290298	0.094772
0.290298	0.163607
0.290298	0.097918
0.373586	0.181619
0.373586	0.063122
0.373586	0.189556
0.373586	0.065839
0.373586	0.065013
0.373586	0.063582
0.373586	0.062087
0.373586	0.066086
0.373586	0.061965
0.159844	0.127807
0.159844	0.129314
0.159844	0.133379
0.159844	0.141248
0.159844	0.137139
0.159844	0.126931
0.159844	0.115416
0.159844	0.141653
0.110715	0.179487
0.110715	0.183731
0.110715	0.181578
0.110715	0.327036
0.110715	0.330162
0.110715	0.328143
0.110715	0.328990
0.110715	0.323885
0.094884	0.230193
0.094884	0.220535
0.094884	0.228016
0.094884	0.045259
0.094884	0.206761
0.094884	0.215304
0.094884	0.042238
0.094884	0.210141
0.094884	0.044824
0.094884	0.214593
0.156245	0.228699
0.156245	0.412752
0.156245	0.229628
0.156245	0.235885
0.156245	0.409913
0.156245	0.392213
0.156245	0.399263
0.091315	0.268268
0.091315	0.264304
0.091315	0.264423
0.091315	0.271150
0.091315	0.266457
0.091315	0.269891
0.091315	0.277371
0.091315	0.180865
0.169238	0.188015
0.169238	0.189580
0.169238	0.194343
0.169238	0.212483
0.169238	0.194326
0.169238	0.186234
0.169238	0.190638
0.169238	0.168607
0.269252	0.135815
0.269252	0.134953
0.269252	0.136001
0.269252	0.144853
0.269252	0.135415
0.269252	0.139368
0.269252	0.127403
0.269252	0.160020
0.224669	0.138530
0.224669	0.144075
0.224669	0.140618
0.224669	0.137914
0.224669	0.345539
0.224669	0.339795
0.224669	0.343217
0.224669	0.341759
0.224669	0.337877
0.198193	0.115686
0.198193	0.108944
0.198193	0.112328
0.198193	0.117859
0.198193	0.118300
0.198193	0.111725
0.198193	0.110483
0.198193	0.122042
0.144300	0.100007
0.144300	0.041831
0.144300	0.103106
0.144300	0.043527
0.144300	0.043200
0.144300	0.104186
0.144300	0.100493
0.144300	0.044283
0.144300	0.100569
0.144300	0.043706
0.144300	0.102430
0.144300	0.043974
0.251743	0.135608
0.251743	0.137947
0.251743	0.139293
0.251743	0.135735
0.251743	0.135253
0.251743	0.039464
0.251743	0.037854
0.251743	0.146593
0.251743	0.036141
0.252109	0.094590
0.252109	0.086760
0.252109	0.089805
0.252109	0.079420
0.252109	0.089905
0.252109	0.091603
0.252109	0.088714
0.252109	0.094555
0.252109	0.100977
0.252109	0.089763
0.252109	0.088529
0.318766	0.080655
0.318766	0.077870
0.318766	0.083831
0.318766	0.082952
0.318766	0.079757
0.318766	0.088532
0.318766	0.094138
0.318766	0.089242
0.318766	0.082249
0.318766	0.085018
0.318766	0.079539
0.242808	0.136908
0.242808	0.141766
0.242808	0.147532
0.242808	0.154572
0.242808	0.154461
0.242808	0.127442
0.242808	0.155004
0.242808	0.157623
0.242808	0.158901
0.133040	0.102570
0.133040	0.196605
0.133040	0.206128
0.133040	0.181841
0.133040	0.199927
0.133040	0.103700
0.133040	0.098601
0.133040	0.206361
0.341514	0.072435
0.341514	0.074348
0.341514	0.217249
0.341514	0.078927
0.341514	0.074290
0.341514	0.071203
0.341514	0.075466
0.341514	0.075055
0.341514	0.068115
0.374608	0.254292
0.374608	0.262409
0.374608	0.263128
0.374608	0.257373
0.374608	0.276989
0.374608	0.146816
0.374608	0.144088
0.374608	0.138000
0.374608	0.140428
0.374608	0.144668
0.374608	0.138549
0.239456	0.114694
0.239456	0.113829
0.239456	0.119139
0.239456	0.120247
0.239456	0.110432
0.239456	0.114043
0.239456	0.263460
0.239456	0.295234
0.168732	0.091839
0.168732	0.093456
0.168732	0.095068
0.168732	0.094472
0.168732	0.096432
0.168732	0.096109
0.168732	0.097125
0.168732	0.094377
0.168732	0.097871
0.168732	0.097807
0.168732	0.095450
0.168732	0.102436
0.278203	0.081678
0.278203	0.081309
0.278203	0.082794
0.278203	0.081897
0.278203	0.085295
0.278203	0.047235
0.278203	0.049686
0.278203	0.051850
0.278203	0.051547
0.278203	0.056734
0.278203	0.085668
0.278203	0.058559
0.163397	0.112417
0.163397	0.109539
0.163397	0.115418
0.163397	0.110871
0.163397	0.115395
0.163397	0.119123
0.163397	0.134603
0.163397	0.115369
0.092458	0.071102
0.092458	0.072133
0.092458	0.074858
0.092458	0.067950
0.092458	0.069432
0.092458	0.068736
0.092458	0.069566
0.241746	0.119287
0.241746	0.117800
0.241746	0.119811
0.241746	0.116686
0.241746	0.117406
0.241746	0.111006
0.241746	0.120935
0.241746	0.142656
0.433752	0.143318
0.433752	0.146608
0.433752	0.145060
0.433752	0.146288
0.433752	0.113872
0.433752	0.144524
0.433752	0.147010
0.433752	0.117186
0.433752	0.111242
0.397339	0.086686
0.397339	0.082770
0.397339	0.084629
0.397339	0.087606
0.397339	0.083346
0.397339	0.126430
0.397339	0.078308
0.546741	0.161915
0.546741	0.163468
0.546741	0.165213
0.546741	0.171016
0.546741	0.166366
0.546741	0.166275
0.546741	0.166871
0.546741	0.167279
0.546741	0.179424
0.546741	0.159707
0.546741	0.161466
0.546741	0.177822
0.264423	0.538772
0.264423	0.558537
0.264423	0.554619
0.264423	0.335189
0.264423	0.575790
0.264423	0.559566
0.264423	0.346286
0.264423	0.560245
0.264423	0.308582
0.264423	0.295370
0.264423	0.318490
0.212618	0.130531
0.212618	0.128885
0.212618	0.307660
0.212618	0.324570
0.394697	0.232250
0.394697	0.065216
0.394697	0.218647
0.394697	0.210084
0.516606	0.480732
0.516606	0.471390
0.516606	0.484965
0.516606	0.483492
0.516606	0.476675
0.516606	0.497911
0.516606	0.853593
0.516606	0.858777
0.516606	0.537965
0.482506	0.422369
0.482506	0.428621
0.482506	0.427125
0.482506	0.415590
0.482506	0.421424
0.482506	0.421784
0.482506	0.427379
0.482506	0.426617
0.520478	0.316525
0.520478	0.309557
0.520478	0.308702
0.520478	0.318207
0.520478	0.308897
0.520478	0.323337
0.520478	0.336710
0.520478	0.161515
0.520478	0.143185
0.520478	0.158712
0.520478	0.150154
0.462439	0.398126
0.462439	0.403965
0.462439	0.398092
0.462439	0.394832
0.462439	0.495789
0.462439	0.528218
0.462439	0.492839
0.462439	0.484206
0.454866	0.369196
0.454866	0.373177
0.454866	0.369610
0.454866	0.361638
0.454866	0.382218
0.454866	0.887983
0.454866	0.885798
0.454866	0.394365
0.454866	0.904626
0.617349	0.317489
0.617349	0.322884
0.617349	0.323727
0.617349	0.326727
0.617349	0.323587
0.617349	0.318796
0.617349	0.883899
0.617349	0.330077
0.399660	0.289298
0.399660	0.762455
0.399660	0.301262
0.399660	0.729288
0.399660	0.297566
0.399660	0.766030
0.399660	0.748227
0.399660	0.744245
0.423585	0.249210
0.423585	0.706848
0.423585	0.262549
0.423585	0.716912
0.423585	0.713085
0.423585	0.263369
0.423585	0.741850
0.423585	0.709563
0.341499	0.514238
0.341499	0.115505
0.341499	0.529183
0.341499	0.159487
0.341499	0.524873
0.341499	0.154868
0.341499	0.212973
0.341499	0.523011
0.341499	0.146992
0.341499	0.190883
0.341499	0.180778
0.912093	0.308161
0.912093	0.310340
0.912093	0.314833
0.912093	0.321995
0.912093	0.246035
0.912093	0.238461
0.912093	0.233918
0.912093	0.247852
0.912093	0.244154
0.736274	0.285563
0.736274	0.290320
0.736274	0.290998
0.736274	0.507301
0.736274	0.293125
0.736274	0.514788
0.736274	0.494521
0.736274	0.503308
0.736274	0.504184
0.456793	0.186912
0.456793	0.188591
0.456793	0.195980
0.456793	0.391802
0.456793	0.188150
0.456793	0.195167
0.456793	0.187599
0.456793	0.192827
0.456793	0.192720
0.456793	0.183723
0.456793	0.187682
0.389161	0.165399
0.389161	0.204766
0.389161	0.221337
0.389161	0.208665
0.389161	0.187845
0.389161	0.156395
0.149297	0.328175
0.149297	0.229950
0.149297	0.228527
0.149297	0.229014
0.149297	0.324659
0.149297	0.328113
0.149297	0.229676
0.149297	0.229238
0.149297	0.333151
0.305463	0.143705
0.305463	0.142808
0.305463	0.145159
0.305463	0.136813
0.305463	0.001965
0.305463	0.001907
0.305463	0.001967
0.189559	0.280771
0.189559	0.285221
0.189559	0.283005
0.189559	0.282477
0.189559	0.182244
0.189559	0.183397
0.189559	0.186892
0.189559	0.175332
0.183098	0.291630
0.183098	0.298618
0.183098	0.294889
0.183098	0.287396
0.183098	0.288029
0.054017	0.280814
0.054017	0.280879
0.054017	0.285514
0.054017	0.280248
0.054017	0.264224
0.214966	0.196222
0.214966	0.209662
0.214966	0.203279
0.214966	0.204998
0.214966	0.208043
0.214966	0.022971
0.214966	0.027888
0.200194	0.292472
0.200194	0.297151
0.200194	0.294448
0.200194	0.289670
0.200194	0.294553
0.200194	0.001911
0.200194	0.296705
0.200194	0.308173
0.072202	0.264319
0.072202	0.262462
0.072202	0.263023
0.072202	0.263518
0.072202	0.266522
0.072202	0.263242
0.072202	0.270553
0.072202	0.274831
0.069651	0.240343
0.069651	0.243913
0.069651	0.244020
0.069651	0.237640
0.069651	0.241398
0.069651	0.248929
0.069651	0.017676
0.069651	0.017034
0.069651	0.017655
0.086384	0.307306
0.086384	0.308558
0.086384	0.311808
0.086384	0.305276
0.086384	0.299825
0.086384	0.169477
0.086384	0.155355
0.086384	0.310751
0.086384	0.335277
0.099385	0.266004
0.099385	0.276960
0.099385	0.270514
0.099385	0.262902
0.099385	0.268615
0.099385	0.277523
0.099385	0.266933
0.063577	0.309872
0.063577	0.310878
0.063577	0.311813
0.063577	0.310295
0.063577	0.308292
0.063577	0.316205
0.063577	0.316002
0.063577	0.327083
0.069282	0.276603
0.069282	0.284086
0.069282	0.280691
0.069282	0.291177
0.069282	0.000282
0.069282	0.000294
0.113994	0.438144
0.113994	0.426814
0.113994	0.443927
0.113994	0.434628
0.083337	0.272180
0.083337	0.277860
0.083337	0.274245
0.083337	0.271767
0.083337	0.274068
0.083337	0.290018
0.083337	0.282780
0.060955	0.275932
0.060955	0.285034
0.060955	0.280528
0.060955	0.277513
0.060955	0.279994
0.060955	0.279864
0.060955	0.313146
0.108436	0.152311
0.108436	0.157588
0.108436	0.154854
0.108436	0.151938
0.108436	0.155092
0.108436	0.157904
0.108436	0.205680
0.108436	0.151386
0.108436	0.195203
0.108436	0.152778
0.108436	0.153638
0.108436	0.206038
0.112964	0.164963
0.112964	0.176195
0.112964	0.174168
0.112964	0.165331
0.112964	0.173150
0.112964	0.163662
0.112964	0.193101
0.112964	0.163211
0.159707	0.326095
0.159707	0.334272
0.159707	0.334959
0.159707	0.015319
0.159707	0.425240
0.159707	0.328989
0.159707	0.343206
0.159707	0.334235
0.159707	0.331714
0.159707	0.329091
0.163162	0.220001
0.163162	0.047457
0.163162	0.237906
0.163162	0.048305
0.163162	0.047626
0.163162	0.048530
0.163162	0.048076
0.163162	0.048045
0.163162	0.049150
0.210468	0.217980
0.210468	0.037674
0.210468	0.230733
0.210468	0.040056
0.210468	0.038989
0.210468	0.225478
0.210468	0.035952
0.210468	0.224374
0.210468	0.037355
0.210468	0.035087
0.184902	0.188064
0.184902	0.204543
0.184902	0.194431
0.184902	0.299121
0.184902	0.288042
0.184902	0.267443
0.184902	0.277254
0.184902	0.267089
0.223064	0.148832
0.223064	0.159935
0.223064	0.154520
0.223064	0.151897
0.223064	0.147417
0.223064	0.165392
0.223064	0.158544
0.223064	0.149078
0.193558	0.139090
0.193558	0.122825
0.193558	0.126332
0.193558	0.149691
0.193558	0.172538
0.193558	0.120719
0.193558	0.150323
0.216831	0.159555
0.216831	0.152710
0.216831	0.146052
0.216831	0.164595
0.216831	0.161501
0.216831	0.159904
0.216831	0.160583
0.216831	0.151773
0.216831	0.155583
0.216831	0.160787
0.306325	0.682661
0.306325	0.697853
0.306325	0.690214
0.306325	0.716692
0.306325	0.689335
0.306325	0.700100
0.306325	0.689525
0.306325	0.702513
0.306325	0.471005
0.306325	0.517735
0.306325	0.517215
0.385464	0.354847
0.385464	0.368799
0.385464	0.354478
0.385464	0.356091
0.385464	0.383282
0.385464	0.429324
0.385464	0.443954
0.385464	0.439782
0.163753	0.414525
0.163753	0.393945
0.163753	0.393916
0.163753	0.411753
0.163753	0.405181
0.163753	0.407704
0.163753	0.415890
0.163753	0.404508
0.312113	0.300174
0.312113	0.289047
0.312113	0.283085
0.312113	0.297975
0.312113	0.293206
0.312113	0.296501
0.312113	0.308823
0.312113	0.314471
0.312113	0.122108
0.480559	0.450723
0.480559	0.440604
0.480559	0.438719
0.480559	0.441294
0.480559	0.438696
0.480559	0.459267
0.480559	0.436788
0.409007	0.192626
0.409007	0.186708
0.409007	0.187121
0.409007	0.200022
0.409007	0.205899
0.409007	0.021512
0.409007	0.192519
0.409007	0.196712
0.409007	0.021326
0.129498	0.051687
0.129498	0.051288
0.129498	0.052620
0.129498	0.052361
0.129498	0.052129
0.129498	0.052172
0.129498	0.059039
0.129498	0.054392
0.125844	0.394514
0.125844	0.387129
0.125844	0.395511
0.125844	0.396814
0.125844	0.386660
0.125844	0.396522
0.125844	0.383689
0.125844	0.385730
0.170119	0.203721
0.170119	0.199674
0.170119	0.208894
0.170119	0.204425
0.170119	0.211505
0.170119	0.203210
0.170119	0.211829
0.170119	0.208731
0.272480	0.260878
0.272480	0.260028
0.272480	0.268864
0.272480	0.258751
0.272480	0.258041
0.272480	0.271372
0.272480	0.081238
0.272480	0.078772
0.353831	0.281137
0.353831	0.279549
0.353831	0.282493
0.353831	0.297806
0.353831	0.276766
0.353831	0.058818
0.353831	0.054628
0.353831	0.054288
0.353831	0.056048
0.117526	0.192602
0.117526	0.192382
0.117526	0.195817
0.117526	0.201761
0.117526	0.186991
0.117526	0.150873
0.244087	0.400604
0.244087	0.390299
0.244087	0.383359
0.244087	0.390421
0.244087	0.398239
0.244087	0.402305
0.244087	0.399323
0.244087	0.411346
0.244087	0.392625
0.147274	0.010171
0.147274	0.011863
0.147274	0.010229
0.147274	0.010858
0.147274	0.011642
0.147274	0.011448
0.306706	0.226307
0.306706	0.210848
0.306706	0.297226
0.306706	0.198574
0.306706	0.194252
0.306706	0.192091
0.306706	0.193112
0.306706	0.194565
0.181501	0.327975
0.181501	0.341222
0.181501	0.330386
0.181501	0.154196
0.181501	0.333049
0.208558	0.339015
0.208558	0.328783
0.208558	0.337212
0.208558	0.336837
0.208558	0.340014
0.208558	0.003137
0.208558	0.002648
0.208558	0.002579
0.201692	0.355263
0.201692	0.352247
0.201692	0.359887
0.201692	0.358329
0.201692	0.355516
0.201692	0.362605
0.201692	0.371229
0.201692	0.377730
0.423378	0.171537
0.423378	0.169252
0.423378	0.173567
0.423378	0.173176
0.423378	0.175087
0.423378	0.173522
0.423378	0.185764
0.423378	0.180481
0.423378	0.175583
0.142944	0.140293
0.142944	0.136991
0.142944	0.136990
0.142944	0.140290
0.142944	0.140878
0.142944	0.143180
0.142944	0.149226
0.142944	0.138094
0.115896	0.162540
0.115896	0.171274
0.115896	0.170170
0.115896	0.163514
0.115896	0.188409
0.115896	0.156732
0.115896	0.173385
0.422055	0.265229
0.422055	0.253504
0.422055	0.243690
0.422055	0.260585
0.422055	0.252547
0.422055	0.254972
0.422055	0.262391
0.422055	0.266591
0.267471	0.183513
0.267471	0.182001
0.267471	0.181137
0.267471	0.196909
0.267471	0.183402
0.267471	0.188253
0.267471	0.179979
0.267471	0.188976
0.267471	0.182343
0.267471	0.192829
0.267471	0.204471
0.555610	0.181713
0.555610	0.194741
0.555610	0.178513
0.555610	0.184714
0.335854	0.139167
0.335854	0.140404
0.335854	0.140981
0.335854	0.138804
0.335854	0.138712
0.335854	0.142941
0.335854	0.138279
0.335854	0.170988
0.428648	0.139149
0.428648	0.137257
0.428648	0.136045
0.428648	0.157195
0.428648	0.134616
0.428648	0.151350
0.283887	0.119616
0.283887	0.091078
0.283887	0.120160
0.283887	0.091234
0.283887	0.091703
0.196281	0.186377
0.196281	0.184980
0.196281	0.188332
0.196281	0.188497
0.196281	0.197257
0.196281	0.187185
0.196281	0.189214
0.196281	0.191631
0.196281	0.292200
0.196281	0.198078
0.293561	0.227503
0.293561	0.226498
0.293561	0.029400
0.293561	0.027900
0.293561	0.233043
0.293561	0.236964
0.293561	0.243038
0.293561	0.225252
0.293561	0.260325
0.293561	0.249762
0.293561	0.239478
0.961290	0.552632
0.961290	0.410248
0.961290	0.411174
0.961290	0.421132
0.961290	0.484026
0.961290	0.513276
0.961290	0.492869
0.961290	0.531236
0.961290	0.442324
1.000000	0.426208
1.000000	0.415943
1.000000	0.234143
1.000000	0.235723
1.000000	0.231906
1.000000	0.232778
1.000000	0.233056
1.000000	0.235720
1.000000	0.227134
1.000000	0.230517
1.000000	0.229459
0.564516	0.206506
0.564516	0.204318
0.564516	0.470788
0.564516	0.486223
0.478261	0.315115
0.478261	0.324016
0.478261	0.318377
0.478261	0.318293
0.478261	0.343755
0.478261	0.313306
0.478261	0.475798
0.240647	0.354866
0.240647	0.344188
0.240647	0.345773
0.240647	0.357826
0.240647	0.354525
0.102022	0.199792
0.102022	0.200263
0.102022	0.200019
0.102022	0.215458
0.102022	0.203755
0.102022	0.202791
0.102022	0.031394
0.102022	0.196573
0.102022	0.028002
0.102022	0.196899
0.102022	0.202346
0.102022	0.028063
0.140503	0.165854
0.140503	0.166491
0.140503	0.171434
0.140503	0.168258
0.140503	0.177094
0.140503	0.169586
0.140503	0.170330
0.140503	0.166139
0.140503	0.187094
0.140503	0.164276
0.140503	0.166945
0.140503	0.183792
0.274890	0.314795
0.274890	0.324773
0.274890	0.312023
0.274890	0.317893
0.274890	0.320524
0.274890	0.346778
0.274890	0.311065
0.274890	0.048155
0.128309	0.321210
0.128309	0.303861
0.128309	0.310511
0.128309	0.305835
0.128309	0.297343
0.080046	0.261012
0.080046	0.260543
0.080046	0.257718
0.080046	0.258512
0.080046	0.272928
0.080046	0.262581
0.080046	0.250795
0.164576	0.296969
0.164576	0.296775
0.164576	0.298735
0.164576	0.296437
0.164576	0.297105
0.164576	0.303949
0.164576	0.297984
0.164576	0.304065
0.164576	0.300013
0.116803	0.200676
0.116803	0.208096
0.116803	0.210450
0.116803	0.001845
0.116803	0.198180
0.116803	0.001853
0.116803	0.201523
0.078358	0.230880
0.078358	0.247322
0.078358	0.239954
0.078358	0.022209
0.078358	0.253528
0.078358	0.233643
0.078358	0.232096
0.078358	0.025484
0.250564	0.441099
0.250564	0.062202
0.250564	0.456196
0.250564	0.067560
0.250564	0.061260
0.250564	0.066026
0.250564	0.063641
0.250564	0.449954
0.250564	0.464561
0.250564	0.066230
0.250564	0.458162
0.176807	0.283625
0.176807	0.307151
0.176807	0.301691
0.176807	0.148262
0.176807	0.160490
0.176807	0.111534
0.176807	0.152819
0.176807	0.144409
0.176807	0.124819
0.217136	0.290435
0.217136	0.143315
0.217136	0.301568
0.217136	0.322597
0.217136	0.142239
0.217136	0.130427
0.217136	0.149810
0.217136	0.127584
0.217136	0.108545
0.187794	0.023340
0.187794	0.237021
0.187794	0.238139
0.187794	0.026581
0.187794	0.215505
0.187794	0.230698
0.187794	0.232854
0.187794	0.234620
0.187794	0.027230
0.187794	0.026651
0.187794	0.021178
0.187794	0.024097
0.188548	0.320129
0.188548	0.137556
0.188548	0.315569
0.188548	0.316145
0.188548	0.140887
0.188548	0.327308
0.188548	0.320678
0.188548	0.153822
0.211884	0.306844
0.211884	0.303755
0.211884	0.310519
0.211884	0.308104
0.211884	0.311949
0.211884	0.045397
0.211884	0.050140
0.211884	0.036434
0.211884	0.045046
0.153130	0.241875
0.153130	0.246155
0.153130	0.247223
0.153130	0.242326
0.153130	0.245015
0.153130	0.248887
0.153130	0.247986
0.153130	0.033531
0.153130	0.034423
0.220242	0.320477
0.220242	0.317591
0.220242	0.319840
0.220242	0.322546
0.220242	0.333054
0.220242	0.309551
0.124937	0.319540
0.124937	0.320452
0.124937	0.319693
0.124937	0.318544
0.124937	0.321795
0.124937	0.322001
0.124937	0.326497
0.124937	0.324803
0.061188	0.218783
0.061188	0.224693
0.061188	0.218149
0.061188	0.215634
0.061188	0.215572
0.061188	0.213621
0.061188	0.228874
0.125296	0.112158
0.125296	0.112497
0.125296	0.111769
0.125296	0.112263
0.125296	0.113383
0.125296	0.112848
0.125296	0.112713
0.125296	0.112605
0.125296	0.115399
0.125296	0.112564
0.125296	0.112649
0.125296	0.115862
0.125296	0.113417
0.125296	0.119600
0.098530	0.282466
0.098530	0.284121
0.098530	0.283802
0.098530	0.280843
0.098530	0.280221
0.098530	0.300525
0.065999	0.364968
0.065999	0.370914
0.065999	0.371077
0.065999	0.365620
0.065999	0.369164
0.065999	0.364813
0.021782	0.349741
0.021782	0.346649
0.021782	0.354014
0.021782	0.356389
0.039526	0.185708
0.039526	0.191925
0.039526	0.190992
0.039526	0.184066
0.039526	0.186999
0.039526	0.181837
0.039526	0.192287
0.178158	0.304651
0.178158	0.306057
0.178158	0.301876
0.178158	0.303391
0.178158	0.306406
0.178158	0.301198
0.178158	0.315536
0.178158	0.300948
0.048400	0.266475
0.048400	0.263779
0.048400	0.262920
0.048400	0.263557
0.048400	0.262762
0.048400	0.269185
0.048400	0.263671
0.048400	0.268103
0.062769	0.093722
0.062769	0.094275
0.062769	0.092889
0.062769	0.093195
0.062769	0.093764
0.062769	0.094458
0.062769	0.095221
0.062769	0.092223
0.062769	0.096063
0.062769	0.091642
0.062769	0.093823
0.062769	0.098744
0.345377	0.262850
0.345377	0.262509
0.345377	0.260421
0.345377	0.268106
0.345377	0.265801
0.345377	0.262778
0.345377	0.302561
0.345377	0.288416
0.254152	0.269562
0.254152	0.271686
0.254152	0.269259
0.254152	0.272603
0.254152	0.271140
0.254152	0.273737
0.254152	0.269910
0.254152	0.271088
0.266708	0.211213
0.266708	0.214368
0.266708	0.215665
0.266708	0.239196
0.266708	0.213252
0.266708	0.214470
0.266708	0.213220
0.266708	0.227255
0.332760	0.208459
0.332760	0.216403
0.332760	0.212590
0.332760	0.224488
0.332760	0.203643
0.332760	0.174827
0.574339	0.275615
0.574339	0.491413
0.574339	0.426648
0.574339	0.478891
0.124684	0.187721
0.124684	0.193882
0.124684	0.190787
0.124684	0.185679
0.124684	0.012101
0.124684	0.016325
0.124684	0.011960
0.124684	0.012191
0.124684	0.015789
0.124684	0.013661
0.124684	0.019285
0.124684	0.203836
0.137901	0.251921
0.137901	0.245209
0.137901	0.246973
0.137901	0.262657
0.137901	0.257656
0.137901	0.039019
0.137901	0.040922
0.090238	0.209070
0.090238	0.207830
0.090238	0.206758
0.090238	0.209152
0.090238	0.207171
0.090238	0.211258
0.090238	0.206073
0.068198	0.179177
0.068198	0.171391
0.068198	0.178243
0.068198	0.179403
0.068198	0.175464
0.068198	0.181538
0.068198	0.184174
0.068198	0.170722
0.068198	0.181948
0.068198	0.171510
0.068198	0.175955
0.119017	0.274820
0.119017	0.097652
0.119017	0.287740
0.119017	0.100562
0.108765	0.032659
0.108765	0.031488
0.108765	0.038004
0.108765	0.033631
0.159786	0.011176
0.159786	0.318112
0.159786	0.305245
0.159786	0.015941
0.159786	0.014028
0.159786	0.011110
0.159786	0.010442
0.159786	0.009423
0.159786	0.012024
0.082417	0.230460
0.082417	0.006387
0.082417	0.231680
0.082417	0.226273
0.082417	0.005675
0.082417	0.005691
0.082417	0.005741
0.463064	0.159176
0.463064	0.262321
0.463064	0.269678
0.463064	0.260533
0.463064	0.194305
0.463064	0.162902
0.463064	0.198242
0.463064	0.199022
0.104133	0.268584
0.104133	0.265961
0.104133	0.263068
0.104133	0.257139
0.104133	0.014618
0.104133	0.014815
0.104133	0.015179
0.104133	0.013353
0.104133	0.014654
0.307283	0.271033
0.307283	0.276472
0.307283	0.277934
0.307283	0.070615
0.307283	0.066726
0.307283	0.068539
0.307283	0.077327
0.307283	0.076551
0.307283	0.072684
0.060243	0.211111
0.060243	0.214513
0.060243	0.215990
0.060243	0.208115
0.060243	0.210702
0.060243	0.202007
0.060243	0.199924
0.060243	0.228370
0.205272	0.224847
0.205272	0.226418
0.205272	0.231419
0.205272	0.222130
0.205272	0.246303
0.205272	0.225627
0.205272	0.035568
0.205272	0.230692
0.266148	0.305168
0.266148	0.312791
0.266148	0.318066
0.266148	0.284950
0.266148	0.276486
0.266148	0.309103
0.266148	0.285646
0.266148	0.290372
0.266148	0.289244
0.249126	0.455830
0.249126	0.287656
0.249126	0.457062
0.249126	0.450181
0.249126	0.292340
0.249126	0.292568
0.249126	0.292373
0.249126	0.292655
0.249126	0.290844
0.249126	0.292006
0.249126	0.294513
0.080092	0.176682
0.080092	0.184333
0.080092	0.184625
0.080092	0.183107
0.080092	0.181065
0.080092	0.179396
0.080092	0.183175
0.175973	0.287622
0.175973	0.295841
0.175973	0.025920
0.175973	0.024707
0.175973	0.023934
0.175973	0.298620
0.175973	0.024029
0.175973	0.023812
0.175973	0.024718
0.253789	0.273458
0.253789	0.014320
0.253789	0.278113
0.253789	0.014563
0.253789	0.014265
0.253789	0.014121
0.253789	0.014983
0.253789	0.014090
0.253789	0.013961
0.073628	0.234093
0.073628	0.255870
0.073628	0.079087
0.073628	0.095183
0.238756	0.246062
0.238756	0.013426
0.238756	0.245796
0.238756	0.257948
0.238756	0.012879
0.238756	0.011615
0.238756	0.012751
0.238756	0.012740
0.238756	0.011932
0.117955	0.132234
0.117955	0.134738
0.117955	0.129219
0.117955	0.000490
0.117955	0.127344
0.117955	0.133349
0.117955	0.134915
0.117955	0.131882
0.117955	0.134862
0.117955	0.000495
0.117955	0.000604
0.254385	0.167659
0.254385	0.000519
0.254385	0.160601
0.254385	0.169151
0.254385	0.000524
0.254385	0.000536
0.115554	0.000074
0.115554	0.114383
0.115554	0.118962
0.115554	0.000083
0.115554	0.000080
0.115554	0.122019
0.115554	0.000083
0.115554	0.114218
0.115554	0.119773
0.115554	0.119515
0.115554	0.116261
0.114570	0.214989
0.114570	0.212370
0.114570	0.218920
0.114570	0.220197
0.114570	0.016755
0.114570	0.008967
0.114570	0.014360
0.114570	0.019056
0.061756	0.168577
0.061756	0.161985
0.061756	0.165488
0.061756	0.002068
0.061756	0.002072
0.061756	0.001946
0.061756	0.002090
0.144414	0.176192
0.144414	0.170657
0.144414	0.175843
0.144414	0.003005
0.144414	0.003147
0.144414	0.003204
0.144414	0.003148
0.313852	0.233134
0.313852	0.243790
0.313852	0.238163
0.313852	0.265563
0.313852	0.240936
0.313852	0.248827
0.313852	0.072361
0.313852	0.071641
0.073765	0.104650
0.073765	0.102408
0.073765	0.104538
0.073765	0.103460
0.073765	0.102839
0.073765	0.106186
0.073765	0.100981
0.073765	0.105355
0.073765	0.105545
0.073765	0.105618
0.073765	0.105524
0.073765	0.101473
0.073765	0.106700
0.073765	0.105614
0.055289	0.151786
0.055289	0.000451
0.055289	0.148062
0.055289	0.000483
0.055289	0.159911
0.055289	0.000478
0.055289	0.000449
0.173037	0.228229
0.173037	0.005177
0.173037	0.234277
0.173037	0.005506
0.173037	0.004065
0.173037	0.003430
0.173037	0.002889
0.173037	0.002830
0.173037	0.002990
0.081691	0.119761
0.081691	0.124376
0.081691	0.121240
0.081691	0.028980
0.081691	0.116590
0.081691	0.112020
0.081691	0.031070
0.119230	0.142308
0.119230	0.001225
0.119230	0.146075
0.119230	0.139961
0.119230	0.000888
0.119230	0.139171
0.086765	0.005732
0.086765	0.205080
0.086765	0.203272
0.086765	0.213897
0.086765	0.017070
0.086765	0.006099
0.086765	0.013487
0.086765	0.004041
0.094665	0.200808
0.094665	0.199293
0.094665	0.196723
0.094665	0.196760
0.094665	0.201742
0.094665	0.006665
0.094665	0.202660
0.094665	0.202693
0.094665	0.006419
0.071577	0.240229
0.071577	0.247755
0.071577	0.248518
0.071577	0.242299
0.071577	0.227173
0.088751	0.141184
0.088751	0.141629
0.088751	0.141737
0.088751	0.139588
0.088751	0.151122
0.088751	0.141838
0.088751	0.000359
0.088751	0.141268
0.088751	0.000362
0.108334	0.201324
0.108334	0.202803
0.108334	0.199448
0.108334	0.197344
0.108334	0.210431
0.108334	0.003338
0.108334	0.003379
0.108334	0.003123
0.108334	0.003216
0.061262	0.172937
0.061262	0.172977
0.061262	0.172441
0.061262	0.169724
0.061262	0.173150
0.061262	0.173387
0.061262	0.166292
0.061262	0.179230
0.052107	0.135465
0.052107	0.138989
0.052107	0.136566
0.052107	0.133793
0.052107	0.134712
0.052107	0.133878
0.052107	0.136783
0.064684	0.156130
0.064684	0.159900
0.064684	0.160090
0.064684	0.006933
0.064684	0.007082
0.064684	0.006768
0.064684	0.007010
0.064684	0.007016
0.064684	0.006978
0.049324	0.184711
0.049324	0.186508
0.049324	0.185627
0.049324	0.190838
0.049324	0.180690
0.049324	0.187768
0.049324	0.013174
0.049324	0.013038
0.064571	0.217215
0.064571	0.215751
0.064571	0.216436
0.064571	0.219307
0.064571	0.215225
0.064571	0.213953
0.064571	0.226220
0.064571	0.211300
0.066898	0.201625
0.066898	0.199790
0.066898	0.203713
0.066898	0.021269
0.066898	0.199802
0.066898	0.206609
0.066898	0.204350
0.066898	0.194462
0.082997	0.172223
0.082997	0.002671
0.082997	0.171975
0.082997	0.170165
0.082997	0.173449
0.082997	0.002705
0.082997	0.002717
0.168464	0.207335
0.168464	0.156322
0.168464	0.152665
0.168464	0.153030
0.168464	0.220871
0.168464	0.157158
0.168464	0.164406
0.168464	0.239370
0.168464	0.161841
0.168464	0.240368
0.168464	0.236946
0.168464	0.239726
0.259624	0.287954
0.259624	0.285060
0.259624	0.287625
0.259624	0.284461
0.259624	0.283588
0.259624	0.135256
0.259624	0.233475
0.259624	0.236173
0.259624	0.211294
0.159994	0.263658
0.159994	0.251855
0.159994	0.262702
0.159994	0.252390
0.159994	0.282307
0.159994	0.020160
0.159994	0.275081
0.253915	0.193013
0.253915	0.030385
0.253915	0.196553
0.253915	0.035454
0.253915	0.031216
0.253915	0.029796
0.131004	0.298419
0.131004	0.095358
0.131004	0.309371
0.131004	0.086516
0.131004	0.098583
0.131004	0.067985
0.131004	0.084789
0.131004	0.082885
0.131004	0.078825
0.167232	0.419725
0.167232	0.424652
0.167232	0.428064
0.167232	0.445217
0.167232	0.413827
0.167232	0.419180
0.167232	0.412694
0.167232	0.427844
0.167232	0.425940
0.167232	0.425368
0.167232	0.428191
0.059904	0.220165
0.059904	0.231301
0.059904	0.217827
0.059904	0.210121
0.059904	0.215724
0.059904	0.212522
0.059904	0.162434
0.059904	0.204616
0.156413	0.248112
0.156413	0.249255
0.156413	0.247113
0.156413	0.246231
0.156413	0.252607
0.156413	0.236749
0.063040	0.314709
0.063040	0.306659
0.063040	0.303133
0.063040	0.301773
0.063040	0.304071
0.110179	0.297080
0.110179	0.293011
0.110179	0.293227
0.110179	0.290013
0.110179	0.309070
0.110179	0.316793
0.110179	0.375911
0.110179	0.381795
0.110179	0.381396
0.116340	0.279502
0.116340	0.290121
0.116340	0.280593
0.116340	0.099989
0.116340	0.097710
0.116340	0.108909
0.116340	0.108793
0.116340	0.106060
0.116340	0.109527
0.046537	0.279136
0.046537	0.280294
0.046537	0.281739
0.046537	0.280922
0.046537	0.270635
0.120675	0.268460
0.120675	0.270298
0.120675	0.275791
0.120675	0.298786
0.120675	0.268983
0.120675	0.474687
0.120675	0.262994
0.120675	0.471468
0.072462	0.274261
0.072462	0.282067
0.072462	0.281623
0.072462	0.652096
0.072462	0.648025
0.072462	0.647325
0.072462	0.655030
0.072462	0.649902
0.058753	0.237234
0.058753	0.047893
0.058753	0.236332
0.058753	0.235538
0.058753	0.238212
0.058753	0.238121
0.058753	0.237666
0.058753	0.047700
0.058753	0.242855
0.058753	0.048329
0.088629	0.223811
0.088629	0.001213
0.088629	0.217018
0.088629	0.216869
0.088629	0.000851
0.088629	0.001175
0.088629	0.000857
0.079235	0.107177
0.079235	0.106409
0.079235	0.105066
0.079235	0.106928
0.079235	0.104004
0.079235	0.109092
0.079235	0.103837
0.079235	0.108709
0.079235	0.108426
0.079235	0.108736
0.079235	0.105602
0.079235	0.110528
0.079235	0.107950
0.079235	0.105722
0.076824	0.204207
0.076824	0.207117
0.076824	0.208003
0.076824	0.200609
0.076824	0.206455
0.076824	0.206845
0.076824	0.209088
0.076824	0.191275
0.187608	0.131981
0.187608	0.157876
0.187608	0.138980
0.187608	0.136569
0.187608	0.139148
0.187608	0.003173
0.187608	0.002632
0.485111	0.272200
0.485111	0.287243
0.485111	0.275523
0.485111	0.268920
0.485111	0.030079
0.485111	0.031035
0.485111	0.016548
0.485111	0.027749
0.485111	0.028194
0.235324	0.152384
0.235324	0.156061
0.235324	0.158294
0.235324	0.175070
0.235324	0.147327
0.235324	0.162370
0.235324	0.151150
0.235324	0.152764
0.235324	0.156096
0.235324	0.127336
0.235324	0.117414
0.075244	0.189130
0.075244	0.209032
0.075244	0.206119
0.075244	0.068759
0.075244	0.039818
0.075244	0.172491
0.464371	0.163600
0.464371	0.394174
0.464371	0.171662
0.464371	0.461066
0.464371	0.360629
0.464371	0.413971
0.591213	0.249549
0.591213	0.261799
0.591213	0.524904
0.591213	0.523719
0.591213	0.522852
0.591213	0.521559
0.591213	0.523534
0.591213	0.519957
0.591213	0.522131
1.000000	0.272072
1.000000	0.019043
1.000000	0.281130
1.000000	0.019377
1.000000	0.018054
1.000000	0.018863
1.000000	0.019266
1.000000	0.019049
1.000000	0.018735
